3.7300000000000000e+00	1.1302599999999999e-03
3.7300100100100102e+00	1.1327500000000001e-03
3.7300200200200200e+00	1.1352599999999999e-03
3.7300300300300302e+00	1.1377700000000000e-03
3.7300400400400400e+00	1.1402800000000000e-03
3.7300500500500502e+00	1.1428000000000000e-03
3.7300600600600600e+00	1.1453300000000000e-03
3.7300700700700702e+00	1.1478500000000000e-03
3.7300800800800800e+00	1.1503900000000000e-03
3.7300900900900902e+00	1.1529299999999999e-03
3.7301001001001000e+00	1.1554700000000000e-03
3.7301101101101102e+00	1.1580200000000001e-03
3.7301201201201200e+00	1.1605800000000000e-03
3.7301301301301302e+00	1.1631400000000000e-03
3.7301401401401399e+00	1.1657099999999999e-03
3.7301501501501502e+00	1.1682800000000001e-03
3.7301601601601599e+00	1.1708599999999999e-03
3.7301701701701702e+00	1.1734400000000000e-03
3.7301801801801804e+00	1.1760300000000000e-03
3.7301901901901902e+00	1.1786200000000000e-03
3.7302002002002004e+00	1.1812200000000000e-03
3.7302102102102102e+00	1.1838300000000001e-03
3.7302202202202204e+00	1.1864400000000000e-03
3.7302302302302301e+00	1.1890500000000001e-03
3.7302402402402404e+00	1.1916699999999999e-03
3.7302502502502501e+00	1.1942999999999999e-03
3.7302602602602604e+00	1.1969299999999999e-03
3.7302702702702701e+00	1.1995700000000001e-03
3.7302802802802804e+00	1.2022199999999999e-03
3.7302902902902901e+00	1.2048700000000000e-03
3.7303003003003004e+00	1.2075199999999999e-03
3.7303103103103101e+00	1.2101799999999999e-03
3.7303203203203203e+00	1.2128499999999999e-03
3.7303303303303301e+00	1.2155300000000000e-03
3.7303403403403403e+00	1.2182000000000000e-03
3.7303503503503501e+00	1.2208900000000001e-03
3.7303603603603603e+00	1.2235799999999999e-03
3.7303703703703706e+00	1.2262799999999999e-03
3.7303803803803803e+00	1.2289800000000000e-03
3.7303903903903906e+00	1.2316899999999999e-03
3.7304004004004003e+00	1.2344100000000000e-03
3.7304104104104105e+00	1.2371299999999999e-03
3.7304204204204203e+00	1.2398600000000000e-03
3.7304304304304305e+00	1.2425900000000000e-03
3.7304404404404403e+00	1.2453300000000000e-03
3.7304504504504505e+00	1.2480799999999999e-03
3.7304604604604603e+00	1.2508300000000001e-03
3.7304704704704705e+00	1.2535900000000000e-03
3.7304804804804803e+00	1.2563500000000000e-03
3.7304904904904905e+00	1.2591200000000001e-03
3.7305005005005003e+00	1.2619000000000000e-03
3.7305105105105105e+00	1.2646900000000000e-03
3.7305205205205203e+00	1.2674800000000001e-03
3.7305305305305305e+00	1.2702799999999999e-03
3.7305405405405407e+00	1.2730800000000000e-03
3.7305505505505505e+00	1.2758900000000000e-03
3.7305605605605607e+00	1.2787100000000000e-03
3.7305705705705705e+00	1.2815299999999999e-03
3.7305805805805807e+00	1.2843600000000000e-03
3.7305905905905905e+00	1.2872000000000001e-03
3.7306006006006007e+00	1.2900399999999999e-03
3.7306106106106105e+00	1.2929000000000000e-03
3.7306206206206207e+00	1.2957500000000000e-03
3.7306306306306305e+00	1.2986199999999999e-03
3.7306406406406407e+00	1.3014900000000000e-03
3.7306506506506505e+00	1.3043700000000000e-03
3.7306606606606607e+00	1.3072500000000000e-03
3.7306706706706705e+00	1.3101499999999999e-03
3.7306806806806807e+00	1.3130500000000001e-03
3.7306906906906905e+00	1.3159500000000000e-03
3.7307007007007007e+00	1.3188700000000000e-03
3.7307107107107109e+00	1.3217900000000000e-03
3.7307207207207207e+00	1.3247199999999999e-03
3.7307307307307309e+00	1.3276500000000001e-03
3.7307407407407407e+00	1.3305999999999999e-03
3.7307507507507509e+00	1.3335500000000000e-03
3.7307607607607607e+00	1.3365000000000000e-03
3.7307707707707709e+00	1.3394699999999999e-03
3.7307807807807807e+00	1.3424400000000001e-03
3.7307907907907909e+00	1.3454199999999999e-03
3.7308008008008007e+00	1.3484100000000000e-03
3.7308108108108109e+00	1.3514099999999999e-03
3.7308208208208207e+00	1.3544099999999999e-03
3.7308308308308309e+00	1.3574200000000000e-03
3.7308408408408407e+00	1.3604400000000001e-03
3.7308508508508509e+00	1.3634700000000001e-03
3.7308608608608607e+00	1.3665000000000001e-03
3.7308708708708709e+00	1.3695400000000000e-03
3.7308808808808811e+00	1.3726000000000001e-03
3.7308908908908909e+00	1.3756500000000000e-03
3.7309009009009011e+00	1.3787199999999999e-03
3.7309109109109109e+00	1.3817899999999999e-03
3.7309209209209211e+00	1.3848800000000000e-03
3.7309309309309309e+00	1.3879700000000001e-03
3.7309409409409411e+00	1.3910699999999999e-03
3.7309509509509509e+00	1.3941800000000001e-03
3.7309609609609611e+00	1.3972900000000000e-03
3.7309709709709709e+00	1.4004200000000001e-03
3.7309809809809811e+00	1.4035499999999999e-03
3.7309909909909909e+00	1.4066899999999999e-03
3.7310010010010011e+00	1.4098400000000001e-03
3.7310110110110108e+00	1.4130000000000000e-03
3.7310210210210211e+00	1.4161700000000000e-03
3.7310310310310308e+00	1.4193400000000001e-03
3.7310410410410411e+00	1.4225300000000000e-03
3.7310510510510508e+00	1.4257199999999999e-03
3.7310610610610611e+00	1.4289200000000000e-03
3.7310710710710713e+00	1.4321300000000000e-03
3.7310810810810811e+00	1.4353600000000001e-03
3.7310910910910913e+00	1.4385800000000001e-03
3.7311011011011010e+00	1.4418199999999999e-03
3.7311111111111113e+00	1.4450699999999999e-03
3.7311211211211210e+00	1.4483300000000001e-03
3.7311311311311313e+00	1.4515999999999999e-03
3.7311411411411410e+00	1.4548700000000000e-03
3.7311511511511513e+00	1.4581600000000000e-03
3.7311611611611610e+00	1.4614500000000000e-03
3.7311711711711713e+00	1.4647600000000001e-03
3.7311811811811810e+00	1.4680699999999999e-03
3.7311911911911912e+00	1.4713899999999999e-03
3.7312012012012010e+00	1.4747300000000001e-03
3.7312112112112112e+00	1.4780699999999999e-03
3.7312212212212210e+00	1.4814299999999999e-03
3.7312312312312312e+00	1.4847899999999999e-03
3.7312412412412415e+00	1.4881600000000001e-03
3.7312512512512512e+00	1.4915499999999999e-03
3.7312612612612615e+00	1.4949399999999999e-03
3.7312712712712712e+00	1.4983399999999999e-03
3.7312812812812814e+00	1.5017600000000000e-03
3.7312912912912912e+00	1.5051800000000001e-03
3.7313013013013014e+00	1.5086200000000000e-03
3.7313113113113112e+00	1.5120600000000000e-03
3.7313213213213214e+00	1.5155200000000000e-03
3.7313313313313312e+00	1.5189900000000000e-03
3.7313413413413414e+00	1.5224600000000000e-03
3.7313513513513512e+00	1.5259500000000001e-03
3.7313613613613614e+00	1.5294499999999999e-03
3.7313713713713712e+00	1.5329600000000001e-03
3.7313813813813814e+00	1.5364800000000000e-03
3.7313913913913912e+00	1.5400200000000000e-03
3.7314014014014014e+00	1.5435600000000000e-03
3.7314114114114116e+00	1.5471199999999999e-03
3.7314214214214214e+00	1.5506800000000000e-03
3.7314314314314316e+00	1.5542600000000000e-03
3.7314414414414414e+00	1.5578499999999999e-03
3.7314514514514516e+00	1.5614500000000000e-03
3.7314614614614614e+00	1.5650700000000000e-03
3.7314714714714716e+00	1.5686900000000000e-03
3.7314814814814814e+00	1.5723300000000000e-03
3.7314914914914916e+00	1.5759800000000000e-03
3.7315015015015014e+00	1.5796400000000000e-03
3.7315115115115116e+00	1.5833100000000001e-03
3.7315215215215214e+00	1.5870000000000001e-03
3.7315315315315316e+00	1.5906900000000001e-03
3.7315415415415414e+00	1.5943999999999999e-03
3.7315515515515516e+00	1.5981299999999999e-03
3.7315615615615614e+00	1.6018600000000001e-03
3.7315715715715716e+00	1.6056099999999999e-03
3.7315815815815818e+00	1.6093699999999999e-03
3.7315915915915916e+00	1.6131500000000000e-03
3.7316016016016018e+00	1.6169299999999999e-03
3.7316116116116116e+00	1.6207299999999999e-03
3.7316216216216218e+00	1.6245500000000000e-03
3.7316316316316316e+00	1.6283700000000001e-03
3.7316416416416418e+00	1.6322100000000000e-03
3.7316516516516516e+00	1.6360700000000001e-03
3.7316616616616618e+00	1.6399299999999999e-03
3.7316716716716716e+00	1.6438200000000000e-03
3.7316816816816818e+00	1.6477099999999999e-03
3.7316916916916916e+00	1.6516199999999999e-03
3.7317017017017018e+00	1.6555400000000000e-03
3.7317117117117116e+00	1.6594800000000001e-03
3.7317217217217218e+00	1.6634300000000000e-03
3.7317317317317316e+00	1.6674000000000001e-03
3.7317417417417418e+00	1.6713800000000001e-03
3.7317517517517516e+00	1.6753800000000000e-03
3.7317617617617618e+00	1.6793900000000000e-03
3.7317717717717720e+00	1.6834100000000000e-03
3.7317817817817818e+00	1.6874500000000001e-03
3.7317917917917920e+00	1.6915100000000000e-03
3.7318018018018018e+00	1.6955799999999999e-03
3.7318118118118120e+00	1.6996699999999999e-03
3.7318218218218218e+00	1.7037700000000001e-03
3.7318318318318320e+00	1.7078799999999999e-03
3.7318418418418418e+00	1.7120200000000001e-03
3.7318518518518520e+00	1.7161699999999999e-03
3.7318618618618618e+00	1.7203299999999999e-03
3.7318718718718720e+00	1.7245200000000000e-03
3.7318818818818817e+00	1.7287100000000001e-03
3.7318918918918920e+00	1.7329299999999999e-03
3.7319019019019017e+00	1.7371600000000000e-03
3.7319119119119120e+00	1.7414100000000001e-03
3.7319219219219217e+00	1.7456699999999999e-03
3.7319319319319320e+00	1.7499600000000001e-03
3.7319419419419422e+00	1.7542600000000001e-03
3.7319519519519520e+00	1.7585700000000001e-03
3.7319619619619622e+00	1.7629099999999999e-03
3.7319719719719719e+00	1.7672600000000001e-03
3.7319819819819822e+00	1.7716299999999999e-03
3.7319919919919919e+00	1.7760199999999999e-03
3.7320020020020022e+00	1.7804200000000000e-03
3.7320120120120119e+00	1.7848499999999999e-03
3.7320220220220222e+00	1.7892900000000000e-03
3.7320320320320319e+00	1.7937500000000000e-03
3.7320420420420422e+00	1.7982300000000001e-03
3.7320520520520519e+00	1.8027300000000000e-03
3.7320620620620621e+00	1.8072500000000000e-03
3.7320720720720719e+00	1.8117900000000000e-03
3.7320820820820821e+00	1.8163500000000000e-03
3.7320920920920919e+00	1.8209299999999999e-03
3.7321021021021021e+00	1.8255200000000000e-03
3.7321121121121124e+00	1.8301400000000001e-03
3.7321221221221221e+00	1.8347800000000000e-03
3.7321321321321324e+00	1.8394399999999999e-03
3.7321421421421421e+00	1.8441200000000001e-03
3.7321521521521523e+00	1.8488199999999999e-03
3.7321621621621621e+00	1.8535400000000001e-03
3.7321721721721723e+00	1.8582799999999999e-03
3.7321821821821821e+00	1.8630500000000000e-03
3.7321921921921923e+00	1.8678300000000000e-03
3.7322022022022021e+00	1.8726400000000001e-03
3.7322122122122123e+00	1.8774700000000000e-03
3.7322222222222221e+00	1.8823200000000000e-03
3.7322322322322323e+00	1.8871900000000000e-03
3.7322422422422421e+00	1.8920899999999999e-03
3.7322522522522523e+00	1.8970100000000000e-03
3.7322622622622621e+00	1.9019600000000001e-03
3.7322722722722723e+00	1.9069200000000001e-03
3.7322822822822825e+00	1.9119100000000000e-03
3.7322922922922923e+00	1.9169300000000001e-03
3.7323023023023025e+00	1.9219700000000001e-03
3.7323123123123123e+00	1.9270299999999999e-03
3.7323223223223225e+00	1.9321200000000001e-03
3.7323323323323323e+00	1.9372300000000001e-03
3.7323423423423425e+00	1.9423699999999999e-03
3.7323523523523523e+00	1.9475300000000001e-03
3.7323623623623625e+00	1.9527200000000000e-03
3.7323723723723723e+00	1.9579300000000001e-03
3.7323823823823825e+00	1.9631700000000002e-03
3.7323923923923923e+00	1.9684400000000001e-03
3.7324024024024025e+00	1.9737399999999999e-03
3.7324124124124123e+00	1.9790599999999999e-03
3.7324224224224225e+00	1.9844099999999998e-03
3.7324324324324323e+00	1.9897800000000000e-03
3.7324424424424425e+00	1.9951900000000000e-03
3.7324524524524523e+00	2.0006199999999998e-03
3.7324624624624625e+00	2.0060799999999999e-03
3.7324724724724727e+00	2.0115699999999999e-03
3.7324824824824825e+00	2.0170900000000000e-03
3.7324924924924927e+00	2.0226300000000001e-03
3.7325025025025025e+00	2.0282099999999999e-03
3.7325125125125127e+00	2.0338200000000000e-03
3.7325225225225225e+00	2.0394599999999999e-03
3.7325325325325327e+00	2.0451300000000000e-03
3.7325425425425425e+00	2.0508300000000000e-03
3.7325525525525527e+00	2.0565599999999998e-03
3.7325625625625625e+00	2.0623199999999999e-03
3.7325725725725727e+00	2.0681200000000001e-03
3.7325825825825825e+00	2.0739500000000002e-03
3.7325925925925927e+00	2.0798100000000001e-03
3.7326026026026025e+00	2.0856999999999998e-03
3.7326126126126127e+00	2.0916300000000001e-03
3.7326226226226225e+00	2.0975899999999999e-03
3.7326326326326327e+00	2.1035899999999998e-03
3.7326426426426429e+00	2.1096200000000000e-03
3.7326526526526527e+00	2.1156800000000000e-03
3.7326626626626629e+00	2.1217800000000002e-03
3.7326726726726727e+00	2.1279200000000002e-03
3.7326826826826829e+00	2.1340999999999999e-03
3.7326926926926927e+00	2.1403099999999999e-03
3.7327027027027029e+00	2.1465500000000001e-03
3.7327127127127127e+00	2.1528400000000000e-03
3.7327227227227229e+00	2.1591599999999998e-03
3.7327327327327327e+00	2.1655300000000001e-03
3.7327427427427429e+00	2.1719299999999999e-03
3.7327527527527526e+00	2.1783699999999998e-03
3.7327627627627629e+00	2.1848499999999999e-03
3.7327727727727726e+00	2.1913700000000002e-03
3.7327827827827829e+00	2.1979399999999998e-03
3.7327927927927926e+00	2.2045400000000001e-03
3.7328028028028029e+00	2.2111900000000000e-03
3.7328128128128131e+00	2.2178800000000002e-03
3.7328228228228229e+00	2.2246100000000001e-03
3.7328328328328331e+00	2.2313799999999998e-03
3.7328428428428428e+00	2.2382100000000000e-03
3.7328528528528531e+00	2.2450700000000001e-03
3.7328628628628628e+00	2.2519800000000002e-03
3.7328728728728731e+00	2.2589400000000001e-03
3.7328828828828828e+00	2.2659400000000001e-03
3.7328928928928931e+00	2.2729899999999999e-03
3.7329029029029028e+00	2.2800899999999998e-03
3.7329129129129131e+00	2.2872299999999999e-03
3.7329229229229228e+00	2.2944300000000001e-03
3.7329329329329330e+00	2.3016700000000000e-03
3.7329429429429428e+00	2.3089700000000000e-03
3.7329529529529530e+00	2.3163099999999998e-03
3.7329629629629628e+00	2.3237100000000001e-03
3.7329729729729730e+00	2.3311600000000001e-03
3.7329829829829833e+00	2.3386599999999998e-03
3.7329929929929930e+00	2.3462200000000000e-03
3.7330030030030033e+00	2.3538299999999999e-03
3.7330130130130130e+00	2.3614999999999999e-03
3.7330230230230232e+00	2.3692200000000000e-03
3.7330330330330330e+00	2.3770000000000002e-03
3.7330430430430432e+00	2.3848400000000001e-03
3.7330530530530530e+00	2.3927300000000000e-03
3.7330630630630632e+00	2.4006900000000000e-03
3.7330730730730730e+00	2.4087000000000002e-03
3.7330830830830832e+00	2.4167799999999999e-03
3.7330930930930930e+00	2.4249100000000002e-03
3.7331031031031032e+00	2.4331100000000000e-03
3.7331131131131130e+00	2.4413799999999999e-03
3.7331231231231232e+00	2.4497000000000000e-03
3.7331331331331330e+00	2.4581000000000000e-03
3.7331431431431432e+00	2.4665600000000000e-03
3.7331531531531530e+00	2.4750800000000002e-03
3.7331631631631632e+00	2.4836799999999998e-03
3.7331731731731734e+00	2.4923400000000000e-03
3.7331831831831832e+00	2.5010700000000002e-03
3.7331931931931934e+00	2.5098799999999999e-03
3.7332032032032032e+00	2.5187600000000001e-03
3.7332132132132134e+00	2.5277099999999999e-03
3.7332232232232232e+00	2.5367400000000000e-03
3.7332332332332334e+00	2.5458400000000002e-03
3.7332432432432432e+00	2.5550199999999999e-03
3.7332532532532534e+00	2.5642799999999999e-03
3.7332632632632632e+00	2.5736100000000000e-03
3.7332732732732734e+00	2.5830300000000000e-03
3.7332832832832832e+00	2.5925300000000000e-03
3.7332932932932934e+00	2.6021099999999999e-03
3.7333033033033032e+00	2.6117800000000002e-03
3.7333133133133134e+00	2.6215300000000000e-03
3.7333233233233232e+00	2.6313700000000001e-03
3.7333333333333334e+00	2.6413000000000001e-03
3.7333433433433436e+00	2.6513200000000000e-03
3.7333533533533534e+00	2.6614299999999998e-03
3.7333633633633636e+00	2.6716399999999999e-03
3.7333733733733734e+00	2.6819299999999999e-03
3.7333833833833836e+00	2.6923300000000002e-03
3.7333933933933934e+00	2.7028199999999999e-03
3.7334034034034036e+00	2.7134099999999999e-03
3.7334134134134134e+00	2.7241100000000001e-03
3.7334234234234236e+00	2.7349000000000002e-03
3.7334334334334334e+00	2.7458100000000000e-03
3.7334434434434436e+00	2.7568100000000002e-03
3.7334534534534534e+00	2.7679300000000000e-03
3.7334634634634636e+00	2.7791600000000001e-03
3.7334734734734734e+00	2.7905000000000000e-03
3.7334834834834836e+00	2.8019500000000001e-03
3.7334934934934934e+00	2.8135199999999999e-03
3.7335035035035036e+00	2.8251999999999999e-03
3.7335135135135138e+00	2.8370100000000001e-03
3.7335235235235236e+00	2.8489399999999999e-03
3.7335335335335338e+00	2.8609999999999998e-03
3.7335435435435436e+00	2.8731799999999999e-03
3.7335535535535538e+00	2.8854900000000001e-03
3.7335635635635636e+00	2.8979399999999999e-03
3.7335735735735738e+00	2.9105200000000002e-03
3.7335835835835836e+00	2.9232300000000002e-03
3.7335935935935938e+00	2.9360900000000001e-03
3.7336036036036035e+00	2.9490800000000002e-03
3.7336136136136138e+00	2.9622300000000002e-03
3.7336236236236235e+00	2.9755200000000002e-03
3.7336336336336338e+00	2.9889600000000001e-03
3.7336436436436435e+00	3.0025500000000001e-03
3.7336536536536538e+00	3.0163000000000000e-03
3.7336636636636635e+00	3.0302100000000002e-03
3.7336736736736738e+00	3.0442899999999998e-03
3.7336836836836835e+00	3.0585299999999998e-03
3.7336936936936937e+00	3.0729400000000001e-03
3.7337037037037040e+00	3.0875199999999998e-03
3.7337137137137137e+00	3.1022799999999998e-03
3.7337237237237240e+00	3.1172200000000000e-03
3.7337337337337337e+00	3.1323499999999999e-03
3.7337437437437440e+00	3.1476600000000000e-03
3.7337537537537537e+00	3.1631699999999999e-03
3.7337637637637640e+00	3.1788699999999999e-03
3.7337737737737737e+00	3.1947700000000000e-03
3.7337837837837839e+00	3.2108800000000002e-03
3.7337937937937937e+00	3.2271999999999999e-03
3.7338038038038039e+00	3.2437299999999998e-03
3.7338138138138137e+00	3.2604800000000001e-03
3.7338238238238239e+00	3.2774499999999999e-03
3.7338338338338337e+00	3.2946500000000001e-03
3.7338438438438439e+00	3.3120900000000002e-03
3.7338538538538537e+00	3.3297600000000002e-03
3.7338638638638639e+00	3.3476800000000000e-03
3.7338738738738741e+00	3.3658500000000001e-03
3.7338838838838839e+00	3.3842799999999999e-03
3.7338938938938941e+00	3.4029700000000000e-03
3.7339039039039039e+00	3.4219200000000002e-03
3.7339139139139141e+00	3.4411600000000000e-03
3.7339239239239239e+00	3.4606699999999999e-03
3.7339339339339341e+00	3.4804800000000002e-03
3.7339439439439439e+00	3.5005800000000001e-03
3.7339539539539541e+00	3.5209799999999999e-03
3.7339639639639639e+00	3.5417000000000001e-03
3.7339739739739741e+00	3.5627300000000001e-03
3.7339839839839839e+00	3.5840899999999998e-03
3.7339939939939941e+00	3.6057900000000002e-03
3.7340040040040039e+00	3.6278299999999999e-03
3.7340140140140141e+00	3.6502300000000000e-03
3.7340240240240239e+00	3.6729800000000002e-03
3.7340340340340341e+00	3.6961099999999998e-03
3.7340440440440443e+00	3.7196299999999998e-03
3.7340540540540541e+00	3.7435300000000001e-03
3.7340640640640643e+00	3.7678400000000002e-03
3.7340740740740741e+00	3.7925699999999999e-03
3.7340840840840843e+00	3.8177200000000001e-03
3.7340940940940941e+00	3.8433100000000000e-03
3.7341041041041043e+00	3.8693500000000001e-03
3.7341141141141141e+00	3.8958600000000001e-03
3.7341241241241243e+00	3.9228400000000004e-03
3.7341341341341341e+00	3.9503200000000002e-03
3.7341441441441443e+00	3.9782999999999997e-03
3.7341541541541541e+00	4.0068100000000004e-03
3.7341641641641643e+00	4.0358599999999996e-03
3.7341741741741741e+00	4.0654500000000000e-03
3.7341841841841843e+00	4.0956300000000003e-03
3.7341941941941941e+00	4.1263899999999997e-03
3.7342042042042043e+00	4.1577599999999999e-03
3.7342142142142145e+00	4.1897599999999998e-03
3.7342242242242243e+00	4.2224000000000003e-03
3.7342342342342345e+00	4.2557200000000002e-03
3.7342442442442443e+00	4.2897300000000003e-03
3.7342542542542545e+00	4.3244499999999996e-03
3.7342642642642643e+00	4.3599199999999998e-03
3.7342742742742745e+00	4.3961499999999997e-03
3.7342842842842843e+00	4.4331700000000002e-03
3.7342942942942945e+00	4.4710100000000001e-03
3.7343043043043043e+00	4.5097000000000002e-03
3.7343143143143145e+00	4.5492700000000002e-03
3.7343243243243243e+00	4.5897500000000001e-03
3.7343343343343345e+00	4.6311800000000004e-03
3.7343443443443443e+00	4.6735900000000000e-03
3.7343543543543545e+00	4.7170099999999998e-03
3.7343643643643643e+00	4.7615000000000001e-03
3.7343743743743745e+00	4.8070800000000000e-03
3.7343843843843842e+00	4.8538100000000001e-03
3.7343943943943945e+00	4.9017200000000000e-03
3.7344044044044047e+00	4.9508699999999996e-03
3.7344144144144145e+00	5.0013000000000002e-03
3.7344244244244247e+00	5.0530799999999997e-03
3.7344344344344345e+00	5.1062499999999997e-03
3.7344444444444447e+00	5.1608799999999996e-03
3.7344544544544545e+00	5.2170300000000001e-03
3.7344644644644647e+00	5.2747699999999998e-03
3.7344744744744744e+00	5.3341700000000001e-03
3.7344844844844847e+00	5.3952999999999996e-03
3.7344944944944944e+00	5.4582500000000004e-03
3.7345045045045047e+00	5.5231000000000004e-03
3.7345145145145144e+00	5.5899299999999999e-03
3.7345245245245247e+00	5.6588599999999999e-03
3.7345345345345344e+00	5.7299800000000000e-03
3.7345445445445447e+00	5.8033900000000003e-03
3.7345545545545544e+00	5.8792300000000000e-03
3.7345645645645646e+00	5.9576100000000003e-03
3.7345745745745749e+00	6.0386600000000004e-03
3.7345845845845846e+00	6.1225400000000001e-03
3.7345945945945949e+00	6.2093900000000004e-03
3.7346046046046046e+00	6.2993900000000002e-03
3.7346146146146149e+00	6.3927000000000003e-03
3.7346246246246246e+00	6.4895300000000003e-03
3.7346346346346349e+00	6.5900700000000000e-03
3.7346446446446446e+00	6.6945599999999996e-03
3.7346546546546548e+00	6.8032300000000004e-03
3.7346646646646646e+00	6.9163499999999999e-03
3.7346746746746748e+00	7.0342000000000000e-03
3.7346846846846846e+00	7.1570899999999996e-03
3.7346946946946948e+00	7.2853600000000003e-03
3.7347047047047046e+00	7.4193699999999998e-03
3.7347147147147148e+00	7.5595200000000001e-03
3.7347247247247246e+00	7.7062500000000004e-03
3.7347347347347348e+00	7.8600400000000004e-03
3.7347447447447450e+00	8.0214199999999996e-03
3.7347547547547548e+00	8.1909800000000005e-03
3.7347647647647650e+00	8.3693399999999994e-03
3.7347747747747748e+00	8.5572200000000008e-03
3.7347847847847850e+00	8.7554099999999999e-03
3.7347947947947948e+00	8.9647800000000003e-03
3.7348048048048050e+00	9.1863099999999996e-03
3.7348148148148148e+00	9.4210900000000000e-03
3.7348248248248250e+00	9.6703299999999996e-03
3.7348348348348348e+00	9.9354200000000004e-03
3.7348448448448450e+00	1.0217900000000000e-02
3.7348548548548548e+00	1.0519499999999999e-02
3.7348648648648650e+00	1.0842299999999999e-02
3.7348748748748748e+00	1.1188500000000001e-02
3.7348848848848850e+00	1.1560800000000000e-02
3.7348948948948948e+00	1.1962000000000000e-02
3.7349049049049050e+00	1.2395800000000000e-02
3.7349149149149152e+00	1.2866100000000000e-02
3.7349249249249250e+00	1.3377600000000000e-02
3.7349349349349352e+00	1.3935899999999999e-02
3.7349449449449450e+00	1.4547500000000000e-02
3.7349549549549552e+00	1.5220200000000000e-02
3.7349649649649650e+00	1.5963200000000000e-02
3.7349749749749752e+00	1.6787699999999999e-02
3.7349849849849850e+00	1.7707299999999999e-02
3.7349949949949952e+00	1.8738899999999999e-02
3.7350050050050050e+00	1.9902900000000001e-02
3.7350150150150152e+00	2.1225299999999999e-02
3.7350250250250250e+00	2.2738800000000000e-02
3.7350350350350352e+00	2.4485199999999999e-02
3.7350450450450450e+00	2.6519000000000001e-02
3.7350550550550552e+00	2.8911800000000001e-02
3.7350650650650650e+00	3.1759500000000003e-02
3.7350750750750752e+00	3.5193099999999998e-02
3.7350850850850850e+00	3.9394999999999999e-02
3.7350950950950952e+00	4.4625100000000001e-02
3.7351051051051054e+00	5.1263000000000003e-02
3.7351151151151152e+00	5.9878700000000000e-02
3.7351251251251254e+00	7.1352899999999997e-02
3.7351351351351352e+00	8.7086899999999995e-02
3.7351451451451454e+00	1.0935900000000000e-01
3.7351551551551552e+00	1.4187300000000000e-01
3.7351651651651654e+00	1.9020000000000001e-01
3.7351751751751752e+00	2.5983000000000001e-01
3.7351851851851854e+00	3.4253800000000001e-01
3.7351951951951952e+00	3.8552100000000000e-01
3.7352052052052054e+00	3.2988800000000001e-01
3.7352152152152152e+00	2.2534999999999999e-01
3.7352252252252254e+00	1.4121300000000001e-01
3.7352352352352352e+00	8.8350999999999999e-02
3.7352452452452454e+00	5.6740600000000002e-02
3.7352552552552551e+00	3.7532700000000002e-02
3.7352652652652654e+00	2.5467199999999999e-02
3.7352752752752756e+00	1.7624000000000001e-02
3.7352852852852854e+00	1.2367500000000000e-02
3.7352952952952956e+00	8.7533999999999997e-03
3.7353053053053054e+00	6.2168099999999997e-03
3.7353153153153156e+00	4.4078199999999998e-03
3.7353253253253254e+00	3.1028399999999999e-03
3.7353353353353356e+00	2.1548200000000000e-03
3.7353453453453453e+00	1.4645999999999999e-03
3.7353553553553556e+00	9.6383199999999997e-04
3.7353653653653653e+00	6.0442299999999998e-04
3.7353753753753756e+00	3.5197599999999999e-04
3.7353853853853853e+00	1.8149799999999999e-04
3.7353953953953956e+00	7.4583200000000001e-05
3.7354054054054053e+00	1.7523599999999999e-05
3.7354154154154156e+00	4.4359800000000002e-09
3.7354254254254253e+00	1.4202000000000001e-05
3.7354354354354355e+00	5.4143400000000001e-05
3.7354454454454458e+00	1.1524899999999999e-04
3.7354554554554555e+00	1.9399799999999999e-04
3.7354654654654658e+00	2.8769100000000002e-04
3.7354754754754755e+00	3.9426300000000000e-04
3.7354854854854858e+00	5.1215300000000000e-04
3.7354954954954955e+00	6.4020600000000004e-04
3.7355055055055058e+00	7.7759100000000000e-04
3.7355155155155155e+00	9.2375100000000000e-04
3.7355255255255257e+00	1.0783600000000000e-03
3.7355355355355355e+00	1.2412800000000000e-03
3.7355455455455457e+00	1.4125600000000000e-03
3.7355555555555555e+00	1.5924100000000000e-03
3.7355655655655657e+00	1.7811700000000001e-03
3.7355755755755755e+00	1.9793499999999999e-03
3.7355855855855857e+00	2.1876100000000000e-03
3.7355955955955955e+00	2.4067300000000002e-03
3.7356056056056057e+00	2.6376799999999999e-03
3.7356156156156159e+00	2.8815899999999998e-03
3.7356256256256257e+00	3.1397999999999999e-03
3.7356356356356359e+00	3.4138400000000000e-03
3.7356456456456457e+00	3.7055299999999998e-03
3.7356556556556559e+00	4.0169300000000002e-03
3.7356656656656657e+00	4.3504700000000004e-03
3.7356756756756759e+00	4.7089699999999998e-03
3.7356856856856857e+00	5.0956999999999999e-03
3.7356956956956959e+00	5.5145300000000001e-03
3.7357057057057057e+00	5.9699599999999999e-03
3.7357157157157159e+00	6.4673700000000001e-03
3.7357257257257257e+00	7.0131200000000003e-03
3.7357357357357359e+00	7.6148099999999996e-03
3.7357457457457457e+00	8.2816100000000000e-03
3.7357557557557559e+00	9.0246500000000004e-03
3.7357657657657657e+00	9.8574999999999999e-03
3.7357757757757759e+00	1.0796900000000000e-02
3.7357857857857857e+00	1.1863700000000000e-02
3.7357957957957959e+00	1.3084100000000000e-02
3.7358058058058061e+00	1.4491300000000000e-02
3.7358158158158159e+00	1.6128099999999999e-02
3.7358258258258261e+00	1.8049900000000001e-02
3.7358358358358359e+00	2.0330299999999999e-02
3.7358458458458461e+00	2.3067700000000000e-02
3.7358558558558559e+00	2.6396400000000000e-02
3.7358658658658661e+00	3.0502999999999999e-02
3.7358758758758759e+00	3.5652000000000003e-02
3.7358858858858861e+00	4.2227199999999999e-02
3.7358958958958959e+00	5.0797599999999998e-02
3.7359059059059061e+00	6.2227999999999999e-02
3.7359159159159159e+00	7.7859600000000001e-02
3.7359259259259261e+00	9.9797800000000006e-02
3.7359359359359359e+00	1.3130300000000000e-01
3.7359459459459461e+00	1.7698600000000000e-01
3.7359559559559559e+00	2.4123100000000000e-01
3.7359659659659661e+00	3.1969900000000001e-01
3.7359759759759763e+00	3.8055000000000000e-01
3.7359859859859861e+00	3.7326999999999999e-01
3.7359959959959963e+00	3.0117500000000003e-01
3.7360060060060061e+00	2.1761700000000000e-01
3.7360160160160163e+00	1.5260899999999999e-01
3.7360260260260261e+00	1.0813600000000000e-01
3.7360360360360363e+00	7.8482399999999994e-02
3.7360460460460461e+00	5.8466299999999999e-02
3.7360560560560563e+00	4.4620100000000003e-02
3.7360660660660661e+00	3.4781500000000000e-02
3.7360760760760763e+00	2.7609499999999999e-02
3.7360860860860861e+00	2.2259000000000001e-02
3.7360960960960963e+00	1.8184499999999999e-02
3.7361061061061061e+00	1.5025100000000000e-02
3.7361161161161163e+00	1.2536000000000000e-02
3.7361261261261260e+00	1.0547300000000001e-02
3.7361361361361363e+00	8.9385699999999998e-03
3.7361461461461465e+00	7.6229000000000002e-03
3.7361561561561563e+00	6.5363499999999998e-03
3.7361661661661665e+00	5.6312000000000003e-03
3.7361761761761763e+00	4.8712599999999997e-03
3.7361861861861865e+00	4.2287899999999996e-03
3.7361961961961963e+00	3.6822199999999999e-03
3.7362062062062065e+00	3.2145899999999998e-03
3.7362162162162162e+00	2.8124800000000000e-03
3.7362262262262265e+00	2.4651100000000000e-03
3.7362362362362362e+00	2.1638000000000000e-03
3.7362462462462465e+00	1.9014600000000000e-03
3.7362562562562562e+00	1.6723000000000000e-03
3.7362662662662665e+00	1.4715200000000000e-03
3.7362762762762762e+00	1.2951400000000000e-03
3.7362862862862865e+00	1.1398199999999999e-03
3.7362962962962962e+00	1.0027800000000000e-03
3.7363063063063064e+00	8.8163599999999999e-04
3.7363163163163167e+00	7.7439399999999997e-04
3.7363263263263264e+00	6.7933800000000003e-04
3.7363363363363367e+00	5.9499900000000003e-04
3.7363463463463464e+00	5.2011600000000005e-04
3.7363563563563567e+00	4.5359799999999999e-04
3.7363663663663664e+00	3.9450200000000003e-04
3.7363763763763767e+00	3.4200499999999999e-04
3.7363863863863864e+00	2.9539200000000001e-04
3.7363963963963966e+00	2.5403399999999999e-04
3.7364064064064064e+00	2.1738100000000000e-04
3.7364164164164166e+00	1.8494799999999999e-04
3.7364264264264264e+00	1.5630900000000001e-04
3.7364364364364366e+00	1.3108299999999999e-04
3.7364464464464464e+00	1.0893600000000000e-04
3.7364564564564566e+00	8.9569199999999996e-05
3.7364664664664664e+00	7.2716499999999994e-05
3.7364764764764766e+00	5.8140599999999997e-05
3.7364864864864864e+00	4.5629200000000000e-05
3.7364964964964966e+00	3.4992000000000000e-05
3.7365065065065068e+00	2.6058000000000000e-05
3.7365165165165166e+00	1.8673500000000000e-05
3.7365265265265268e+00	1.2699900000000000e-05
3.7365365365365366e+00	8.0121999999999993e-06
3.7365465465465468e+00	4.4974100000000002e-06
3.7365565565565566e+00	2.0532099999999999e-06
3.7365665665665668e+00	5.8686800000000001e-07
3.7365765765765766e+00	1.4210400000000000e-08
3.7365865865865868e+00	2.5872199999999998e-07
3.7365965965965966e+00	1.2507700000000000e-06
3.7366066066066068e+00	2.9269200000000000e-06
3.7366166166166166e+00	5.2293099999999999e-06
3.7366266266266268e+00	8.1050699999999993e-06
3.7366366366366366e+00	1.1505899999999999e-05
3.7366466466466468e+00	1.5387600000000002e-05
3.7366566566566566e+00	1.9709799999999999e-05
3.7366666666666668e+00	2.4435099999999999e-05
3.7366766766766770e+00	2.9529700000000000e-05
3.7366866866866868e+00	3.4962300000000002e-05
3.7366966966966970e+00	4.0704000000000002e-05
3.7367067067067068e+00	4.6728399999999998e-05
3.7367167167167170e+00	5.3011199999999998e-05
3.7367267267267268e+00	5.9530100000000001e-05
3.7367367367367370e+00	6.6264200000000002e-05
3.7367467467467468e+00	7.3194600000000006e-05
3.7367567567567570e+00	8.0303599999999995e-05
3.7367667667667668e+00	8.7575099999999994e-05
3.7367767767767770e+00	9.4993899999999999e-05
3.7367867867867868e+00	1.0254600000000000e-04
3.7367967967967970e+00	1.1021900000000000e-04
3.7368068068068068e+00	1.1800100000000000e-04
3.7368168168168170e+00	1.2588100000000000e-04
3.7368268268268268e+00	1.3384900000000001e-04
3.7368368368368370e+00	1.4189399999999999e-04
3.7368468468468472e+00	1.5001000000000001e-04
3.7368568568568570e+00	1.5818700000000001e-04
3.7368668668668672e+00	1.6641700000000000e-04
3.7368768768768770e+00	1.7469499999999999e-04
3.7368868868868872e+00	1.8301299999999999e-04
3.7368968968968970e+00	1.9136600000000000e-04
3.7369069069069072e+00	1.9974800000000000e-04
3.7369169169169170e+00	2.0815400000000000e-04
3.7369269269269272e+00	2.1657900000000000e-04
3.7369369369369370e+00	2.2501800000000001e-04
3.7369469469469472e+00	2.3346799999999999e-04
3.7369569569569570e+00	2.4192500000000001e-04
3.7369669669669672e+00	2.5038500000000000e-04
3.7369769769769769e+00	2.5884600000000002e-04
3.7369869869869872e+00	2.6730299999999999e-04
3.7369969969969969e+00	2.7575400000000002e-04
3.7370070070070072e+00	2.8419699999999998e-04
3.7370170170170169e+00	2.9262899999999998e-04
3.7370270270270272e+00	3.0104699999999998e-04
3.7370370370370374e+00	3.0945099999999998e-04
3.7370470470470472e+00	3.1783700000000001e-04
3.7370570570570574e+00	3.2620499999999998e-04
3.7370670670670671e+00	3.3455200000000000e-04
3.7370770770770774e+00	3.4287700000000000e-04
3.7370870870870871e+00	3.5117900000000002e-04
3.7370970970970974e+00	3.5945600000000002e-04
3.7371071071071071e+00	3.6770699999999999e-04
3.7371171171171174e+00	3.7593199999999999e-04
3.7371271271271271e+00	3.8412800000000002e-04
3.7371371371371374e+00	3.9229599999999999e-04
3.7371471471471471e+00	4.0043400000000002e-04
3.7371571571571574e+00	4.0854200000000002e-04
3.7371671671671671e+00	4.1661800000000000e-04
3.7371771771771773e+00	4.2466299999999998e-04
3.7371871871871871e+00	4.3267600000000000e-04
3.7371971971971973e+00	4.4065599999999999e-04
3.7372072072072076e+00	4.4860300000000000e-04
3.7372172172172173e+00	4.5651600000000002e-04
3.7372272272272276e+00	4.6439600000000000e-04
3.7372372372372373e+00	4.7224099999999998e-04
3.7372472472472476e+00	4.8005200000000002e-04
3.7372572572572573e+00	4.8782799999999999e-04
3.7372672672672675e+00	4.9556899999999996e-04
3.7372772772772773e+00	5.0327499999999997e-04
3.7372872872872875e+00	5.1094599999999997e-04
3.7372972972972973e+00	5.1858099999999995e-04
3.7373073073073075e+00	5.2618100000000002e-04
3.7373173173173173e+00	5.3374499999999997e-04
3.7373273273273275e+00	5.4127400000000001e-04
3.7373373373373373e+00	5.4876800000000004e-04
3.7373473473473475e+00	5.5622500000000004e-04
3.7373573573573573e+00	5.6364800000000004e-04
3.7373673673673675e+00	5.7103500000000001e-04
3.7373773773773777e+00	5.7838599999999996e-04
3.7373873873873875e+00	5.8570200000000001e-04
3.7373973973973977e+00	5.9298300000000005e-04
3.7374074074074075e+00	6.0022899999999998e-04
3.7374174174174177e+00	6.0744000000000000e-04
3.7374274274274275e+00	6.1461500000000000e-04
3.7374374374374377e+00	6.2175600000000000e-04
3.7374474474474475e+00	6.2886300000000001e-04
3.7374574574574577e+00	6.3593500000000002e-04
3.7374674674674675e+00	6.4297300000000003e-04
3.7374774774774777e+00	6.4997600000000003e-04
3.7374874874874875e+00	6.5694600000000005e-04
3.7374974974974977e+00	6.6388199999999997e-04
3.7375075075075075e+00	6.7078400000000001e-04
3.7375175175175177e+00	6.7765299999999996e-04
3.7375275275275275e+00	6.8448900000000004e-04
3.7375375375375377e+00	6.9129200000000003e-04
3.7375475475475479e+00	6.9806200000000005e-04
3.7375575575575577e+00	7.0479899999999999e-04
3.7375675675675679e+00	7.1150499999999997e-04
3.7375775775775777e+00	7.1817799999999998e-04
3.7375875875875879e+00	7.2481900000000003e-04
3.7375975975975977e+00	7.3142800000000000e-04
3.7376076076076079e+00	7.3800700000000005e-04
3.7376176176176177e+00	7.4455300000000001e-04
3.7376276276276279e+00	7.5106900000000004e-04
3.7376376376376377e+00	7.5755500000000003e-04
3.7376476476476479e+00	7.6400899999999996e-04
3.7376576576576577e+00	7.7043399999999996e-04
3.7376676676676679e+00	7.7682800000000002e-04
3.7376776776776777e+00	7.8319200000000005e-04
3.7376876876876879e+00	7.8952700000000005e-04
3.7376976976976977e+00	7.9583300000000002e-04
3.7377077077077079e+00	8.0210999999999998e-04
3.7377177177177177e+00	8.0835700000000000e-04
3.7377277277277279e+00	8.1457600000000002e-04
3.7377377377377381e+00	8.2076700000000002e-04
3.7377477477477479e+00	8.2692900000000001e-04
3.7377577577577581e+00	8.3306400000000001e-04
3.7377677677677679e+00	8.3917099999999999e-04
3.7377777777777781e+00	8.4524999999999997e-04
3.7377877877877879e+00	8.5130299999999998e-04
3.7377977977977981e+00	8.5732799999999997e-04
3.7378078078078079e+00	8.6332599999999998e-04
3.7378178178178181e+00	8.6929800000000001e-04
3.7378278278278279e+00	8.7524399999999996e-04
3.7378378378378381e+00	8.8116300000000002e-04
3.7378478478478478e+00	8.8705700000000001e-04
3.7378578578578581e+00	8.9292500000000003e-04
3.7378678678678678e+00	8.9876799999999998e-04
3.7378778778778781e+00	9.0458499999999996e-04
3.7378878878878878e+00	9.1037799999999999e-04
3.7378978978978981e+00	9.1614500000000005e-04
3.7379079079079083e+00	9.2188800000000005e-04
3.7379179179179181e+00	9.2760700000000000e-04
3.7379279279279283e+00	9.3330200000000000e-04
3.7379379379379380e+00	9.3897299999999996e-04
3.7379479479479483e+00	9.4461999999999996e-04
3.7379579579579580e+00	9.5024400000000005e-04
3.7379679679679683e+00	9.5584499999999998e-04
3.7379779779779780e+00	9.6142199999999997e-04
3.7379879879879883e+00	9.6697700000000005e-04
3.7379979979979980e+00	9.7250899999999998e-04
3.7380080080080083e+00	9.7801899999999989e-04
3.7380180180180180e+00	9.8350600000000009e-04
3.7380280280280282e+00	9.8897099999999995e-04
3.7380380380380380e+00	9.9441500000000001e-04
3.7380480480480482e+00	9.9983600000000004e-04
3.7380580580580580e+00	1.0052399999999999e-03
3.7380680680680682e+00	1.0106200000000001e-03
3.7380780780780785e+00	1.0159699999999999e-03
3.7380880880880882e+00	1.0213100000000001e-03
3.7380980980980985e+00	1.0266299999999999e-03
3.7381081081081082e+00	1.0319200000000000e-03
3.7381181181181184e+00	1.0372000000000001e-03
3.7381281281281282e+00	1.0424500000000001e-03
3.7381381381381384e+00	1.0476900000000000e-03
3.7381481481481482e+00	1.0529100000000000e-03
3.7381581581581584e+00	1.0581000000000000e-03
3.7381681681681682e+00	1.0632800000000000e-03
3.7381781781781784e+00	1.0684399999999999e-03
3.7381881881881882e+00	1.0735700000000000e-03
3.7381981981981984e+00	1.0786900000000000e-03
3.7382082082082082e+00	1.0837900000000001e-03
3.7382182182182184e+00	1.0888800000000000e-03
3.7382282282282282e+00	1.0939400000000001e-03
3.7382382382382384e+00	1.0989800000000001e-03
3.7382482482482486e+00	1.1040100000000001e-03
3.7382582582582584e+00	1.1090200000000001e-03
3.7382682682682686e+00	1.1140099999999999e-03
3.7382782782782784e+00	1.1189900000000000e-03
3.7382882882882886e+00	1.1239399999999999e-03
3.7382982982982984e+00	1.1288800000000001e-03
3.7383083083083086e+00	1.1337999999999999e-03
3.7383183183183184e+00	1.1387100000000000e-03
3.7383283283283286e+00	1.1436000000000000e-03
3.7383383383383384e+00	1.1484700000000000e-03
3.7383483483483486e+00	1.1533200000000000e-03
3.7383583583583584e+00	1.1581600000000001e-03
3.7383683683683686e+00	1.1629800000000001e-03
3.7383783783783784e+00	1.1677899999999999e-03
3.7383883883883886e+00	1.1725800000000001e-03
3.7383983983983984e+00	1.1773500000000000e-03
3.7384084084084086e+00	1.1821100000000001e-03
3.7384184184184184e+00	1.1868499999999999e-03
3.7384284284284286e+00	1.1915800000000000e-03
3.7384384384384388e+00	1.1962900000000000e-03
3.7384484484484486e+00	1.2009900000000001e-03
3.7384584584584588e+00	1.2056700000000000e-03
3.7384684684684686e+00	1.2103400000000001e-03
3.7384784784784788e+00	1.2149900000000000e-03
3.7384884884884886e+00	1.2196300000000000e-03
3.7384984984984988e+00	1.2242500000000001e-03
3.7385085085085086e+00	1.2288600000000000e-03
3.7385185185185188e+00	1.2334500000000001e-03
3.7385285285285286e+00	1.2380300000000000e-03
3.7385385385385388e+00	1.2426000000000000e-03
3.7385485485485486e+00	1.2471500000000000e-03
3.7385585585585588e+00	1.2516900000000000e-03
3.7385685685685686e+00	1.2562100000000000e-03
3.7385785785785788e+00	1.2607199999999999e-03
3.7385885885885886e+00	1.2652200000000001e-03
3.7385985985985988e+00	1.2697100000000001e-03
3.7386086086086090e+00	1.2741800000000000e-03
3.7386186186186188e+00	1.2786300000000000e-03
3.7386286286286290e+00	1.2830800000000000e-03
3.7386386386386388e+00	1.2875100000000000e-03
3.7386486486486490e+00	1.2919299999999999e-03
3.7386586586586588e+00	1.2963400000000000e-03
3.7386686686686690e+00	1.3007299999999999e-03
3.7386786786786788e+00	1.3051100000000000e-03
3.7386886886886890e+00	1.3094800000000000e-03
3.7386986986986988e+00	1.3138399999999999e-03
3.7387087087087090e+00	1.3181800000000000e-03
3.7387187187187187e+00	1.3225100000000000e-03
3.7387287287287290e+00	1.3268300000000000e-03
3.7387387387387387e+00	1.3311400000000000e-03
3.7387487487487490e+00	1.3354400000000000e-03
3.7387587587587587e+00	1.3397200000000000e-03
3.7387687687687690e+00	1.3439999999999999e-03
3.7387787787787792e+00	1.3482600000000000e-03
3.7387887887887890e+00	1.3525099999999999e-03
3.7387987987987992e+00	1.3567500000000001e-03
3.7388088088088089e+00	1.3609700000000000e-03
3.7388188188188192e+00	1.3651900000000001e-03
3.7388288288288289e+00	1.3694000000000000e-03
3.7388388388388392e+00	1.3735900000000001e-03
3.7388488488488489e+00	1.3777800000000001e-03
3.7388588588588592e+00	1.3819500000000001e-03
3.7388688688688689e+00	1.3861100000000001e-03
3.7388788788788792e+00	1.3902599999999999e-03
3.7388888888888889e+00	1.3944100000000000e-03
3.7388988988988991e+00	1.3985400000000000e-03
3.7389089089089089e+00	1.4026600000000000e-03
3.7389189189189191e+00	1.4067699999999999e-03
3.7389289289289289e+00	1.4108700000000000e-03
3.7389389389389391e+00	1.4149600000000000e-03
3.7389489489489494e+00	1.4190400000000001e-03
3.7389589589589591e+00	1.4231100000000000e-03
3.7389689689689694e+00	1.4271700000000000e-03
3.7389789789789791e+00	1.4312200000000000e-03
3.7389889889889893e+00	1.4352600000000001e-03
3.7389989989989991e+00	1.4392900000000000e-03
3.7390090090090093e+00	1.4433099999999999e-03
3.7390190190190191e+00	1.4473200000000000e-03
3.7390290290290293e+00	1.4513300000000000e-03
3.7390390390390391e+00	1.4553200000000000e-03
3.7390490490490493e+00	1.4593099999999999e-03
3.7390590590590591e+00	1.4632800000000000e-03
3.7390690690690693e+00	1.4672500000000000e-03
3.7390790790790791e+00	1.4712000000000000e-03
3.7390890890890893e+00	1.4751499999999999e-03
3.7390990990990991e+00	1.4790900000000000e-03
3.7391091091091093e+00	1.4830200000000000e-03
3.7391191191191191e+00	1.4869400000000000e-03
3.7391291291291293e+00	1.4908499999999999e-03
3.7391391391391395e+00	1.4947599999999999e-03
3.7391491491491493e+00	1.4986500000000000e-03
3.7391591591591595e+00	1.5025399999999999e-03
3.7391691691691693e+00	1.5064200000000001e-03
3.7391791791791795e+00	1.5102900000000001e-03
3.7391891891891893e+00	1.5141499999999999e-03
3.7391991991991995e+00	1.5180100000000000e-03
3.7392092092092093e+00	1.5218499999999999e-03
3.7392192192192195e+00	1.5256899999999999e-03
3.7392292292292293e+00	1.5295199999999999e-03
3.7392392392392395e+00	1.5333400000000000e-03
3.7392492492492493e+00	1.5371499999999999e-03
3.7392592592592595e+00	1.5409600000000001e-03
3.7392692692692693e+00	1.5447600000000001e-03
3.7392792792792795e+00	1.5485500000000001e-03
3.7392892892892893e+00	1.5523300000000000e-03
3.7392992992992995e+00	1.5560999999999999e-03
3.7393093093093097e+00	1.5598700000000001e-03
3.7393193193193195e+00	1.5636300000000001e-03
3.7393293293293297e+00	1.5673799999999999e-03
3.7393393393393395e+00	1.5711300000000000e-03
3.7393493493493497e+00	1.5748600000000000e-03
3.7393593593593595e+00	1.5785899999999999e-03
3.7393693693693697e+00	1.5823100000000000e-03
3.7393793793793795e+00	1.5860300000000000e-03
3.7393893893893897e+00	1.5897400000000001e-03
3.7393993993993995e+00	1.5934400000000000e-03
3.7394094094094097e+00	1.5971300000000000e-03
3.7394194194194195e+00	1.6008200000000000e-03
3.7394294294294297e+00	1.6045000000000000e-03
3.7394394394394395e+00	1.6081699999999999e-03
3.7394494494494497e+00	1.6118400000000000e-03
3.7394594594594595e+00	1.6155000000000000e-03
3.7394694694694697e+00	1.6191500000000000e-03
3.7394794794794799e+00	1.6228000000000000e-03
3.7394894894894897e+00	1.6264400000000000e-03
3.7394994994994999e+00	1.6300700000000000e-03
3.7395095095095097e+00	1.6337000000000001e-03
3.7395195195195199e+00	1.6373200000000001e-03
3.7395295295295297e+00	1.6409300000000001e-03
3.7395395395395399e+00	1.6445400000000001e-03
3.7395495495495497e+00	1.6481400000000000e-03
3.7395595595595599e+00	1.6517400000000001e-03
3.7395695695695697e+00	1.6553200000000001e-03
3.7395795795795799e+00	1.6589100000000000e-03
3.7395895895895896e+00	1.6624800000000000e-03
3.7395995995995999e+00	1.6660500000000001e-03
3.7396096096096096e+00	1.6696100000000000e-03
3.7396196196196199e+00	1.6731700000000001e-03
3.7396296296296296e+00	1.6767200000000000e-03
3.7396396396396399e+00	1.6802700000000000e-03
3.7396496496496501e+00	1.6838100000000000e-03
3.7396596596596599e+00	1.6873400000000001e-03
3.7396696696696701e+00	1.6908699999999999e-03
3.7396796796796798e+00	1.6943900000000000e-03
3.7396896896896901e+00	1.6979100000000000e-03
3.7396996996996998e+00	1.7014199999999999e-03
3.7397097097097101e+00	1.7049200000000000e-03
3.7397197197197198e+00	1.7084200000000000e-03
3.7397297297297301e+00	1.7119200000000000e-03
3.7397397397397398e+00	1.7154099999999999e-03
3.7397497497497501e+00	1.7188900000000000e-03
3.7397597597597598e+00	1.7223600000000000e-03
3.7397697697697700e+00	1.7258400000000000e-03
3.7397797797797798e+00	1.7293000000000000e-03
3.7397897897897900e+00	1.7327600000000001e-03
3.7397997997997998e+00	1.7362199999999999e-03
3.7398098098098100e+00	1.7396700000000000e-03
3.7398198198198198e+00	1.7431100000000000e-03
3.7398298298298300e+00	1.7465499999999999e-03
3.7398398398398403e+00	1.7499900000000001e-03
3.7398498498498500e+00	1.7534199999999999e-03
3.7398598598598602e+00	1.7568400000000000e-03
3.7398698698698700e+00	1.7602600000000000e-03
3.7398798798798802e+00	1.7636799999999999e-03
3.7398898898898900e+00	1.7670800000000001e-03
3.7398998998999002e+00	1.7704900000000000e-03
3.7399099099099100e+00	1.7738900000000000e-03
3.7399199199199202e+00	1.7772800000000000e-03
3.7399299299299300e+00	1.7806700000000000e-03
3.7399399399399402e+00	1.7840600000000001e-03
3.7399499499499500e+00	1.7874399999999999e-03
3.7399599599599602e+00	1.7908100000000001e-03
3.7399699699699700e+00	1.7941800000000000e-03
3.7399799799799802e+00	1.7975500000000000e-03
3.7399899899899900e+00	1.8009100000000000e-03
3.7400000000000002e+00	1.8042600000000000e-03
