7.283059999999999621e-04
7.362080000000000230e-04
7.442349999999999920e-04
7.523929999999999637e-04
7.606860000000000011e-04
7.691230000000000289e-04
7.777080000000000017e-04
7.864499999999999529e-04
7.953549999999999769e-04
8.044330000000000144e-04
8.136919999999999743e-04
8.231409999999999986e-04
8.327919999999999507e-04
8.426549999999999882e-04
8.527419999999999748e-04
8.630660000000000068e-04
8.736430000000000107e-04
8.844859999999999745e-04
8.956149999999999962e-04
9.070460000000000024e-04
9.187999999999999987e-04
9.309000000000000217e-04
9.433710000000000316e-04
9.562390000000000039e-04
9.695349999999999932e-04
9.832919999999999768e-04
9.975459999999999796e-04
1.012340000000000028e-03
1.027719999999999979e-03
1.043740000000000032e-03
1.060450000000000108e-03
1.077929999999999947e-03
1.096240000000000062e-03
1.115469999999999916e-03
1.135729999999999943e-03
1.157119999999999980e-03
1.179769999999999907e-03
1.203829999999999917e-03
1.229489999999999967e-03
1.256940000000000010e-03
1.286430000000000082e-03
1.318259999999999918e-03
1.352780000000000041e-03
1.390409999999999910e-03
1.431680000000000062e-03
1.477229999999999949e-03
1.527869999999999966e-03
1.584619999999999909e-03
1.648790000000000021e-03
1.722110000000000004e-03
1.806869999999999917e-03
1.906160000000000059e-03
2.024320000000000026e-03
2.167539999999999918e-03
2.344999999999999862e-03
2.570849999999999958e-03
2.868009999999999830e-03
3.275960000000000070e-03
3.868299999999999864e-03
4.797649999999999658e-03
6.431469999999999895e-03
9.881400000000000253e-03
2.015279999999999849e-02
9.218179999999999430e-02
9.249920000000000364e-02
8.200819999999999291e-03
1.723270000000000053e-03
4.171620000000000016e-04
7.579199999999999533e-05
1.519459999999999975e-06
1.570410000000000097e-05
6.078039999999999832e-05
1.155750000000000039e-04
1.717429999999999987e-04
2.259630000000000048e-04
2.770110000000000215e-04
3.245790000000000242e-04
3.687480000000000141e-04
4.097619999999999843e-04
4.479190000000000190e-04
4.835199999999999785e-04
5.168479999999999819e-04
5.481610000000000258e-04
5.776880000000000296e-04
6.056339999999999684e-04
6.321760000000000270e-04
6.574709999999999669e-04
6.816590000000000409e-04
7.048599999999999701e-04
7.271820000000000454e-04
7.487200000000000279e-04
7.695580000000000476e-04
7.897709999999999843e-04
8.094270000000000414e-04
8.285859999999999710e-04
8.473019999999999727e-04
8.656239999999999508e-04
8.835979999999999789e-04
9.012640000000000364e-04
9.186589999999999470e-04
9.358189999999999521e-04
9.527760000000000135e-04
9.695580000000000300e-04
9.861950000000000403e-04
1.002709999999999973e-03
1.019130000000000036e-03
1.035480000000000081e-03
1.051779999999999989e-03
1.068060000000000016e-03
1.084319999999999945e-03
1.100599999999999972e-03
1.116919999999999979e-03
1.133289999999999905e-03
1.149730000000000066e-03
1.166259999999999910e-03
1.182909999999999908e-03
1.199680000000000061e-03
1.216609999999999914e-03
1.233699999999999901e-03
1.250990000000000001e-03
1.268489999999999939e-03
1.286229999999999969e-03
1.304220000000000032e-03
1.322500000000000108e-03
1.341079999999999920e-03
1.359989999999999940e-03
1.379259999999999991e-03
1.398919999999999894e-03
1.418999999999999906e-03
1.439530000000000063e-03
1.460549999999999913e-03
1.482100000000000084e-03
1.504209999999999966e-03
1.526929999999999911e-03
1.550310000000000056e-03
1.574400000000000105e-03
1.599249999999999977e-03
1.624929999999999907e-03
1.651499999999999973e-03
1.679029999999999976e-03
1.707610000000000031e-03
1.737330000000000037e-03
1.768269999999999955e-03
1.800560000000000094e-03
1.834310000000000020e-03
1.869650000000000045e-03
1.906740000000000084e-03
1.945749999999999997e-03
1.986860000000000015e-03
2.030300000000000073e-03
2.076310000000000048e-03
2.125160000000000070e-03
2.177189999999999855e-03
2.232769999999999807e-03
2.292310000000000094e-03
2.356329999999999796e-03
2.425399999999999865e-03
2.500210000000000106e-03
2.581570000000000045e-03
2.670469999999999875e-03
2.768070000000000079e-03
2.875780000000000090e-03
2.995359999999999863e-03
3.128940000000000193e-03
3.279219999999999791e-03
3.449600000000000149e-03
3.644450000000000033e-03
3.869449999999999973e-03
4.132150000000000233e-03
4.442729999999999770e-03
4.815250000000000086e-03
5.269639999999999914e-03
5.834980000000000028e-03
6.555240000000000372e-03
7.499660000000000007e-03
8.783140000000000044e-03
1.060859999999999928e-02
1.336479999999999960e-02
1.788009999999999947e-02
2.619580000000000172e-02
4.451120000000000076e-02
9.812809999999999588e-02
2.859670000000000267e-01
1.730929999999999969e-01
4.441889999999999727e-02
1.591690000000000119e-02
7.018690000000000172e-03
3.448150000000000086e-03
1.784559999999999922e-03
9.363600000000000135e-04
4.811840000000000062e-04
2.321129999999999916e-04
9.791709999999999802e-05
3.065360000000000074e-05
3.641940000000000066e-06
1.348750000000000004e-06
1.439980000000000060e-05
3.697390000000000187e-05
6.537360000000000035e-05
9.720990000000000587e-05
1.309200000000000001e-04
1.654740000000000085e-04
2.001930000000000126e-04
2.346279999999999904e-04
2.684909999999999879e-04
3.015970000000000196e-04
3.338379999999999841e-04
3.651509999999999739e-04
3.955109999999999746e-04
4.249149999999999932e-04
4.533769999999999792e-04
4.809190000000000079e-04
5.075719999999999711e-04
5.333700000000000246e-04
5.583479999999999607e-04
5.825449999999999596e-04
6.059970000000000460e-04
6.287419999999999511e-04
6.508129999999999775e-04
6.722469999999999488e-04
6.930740000000000121e-04
7.133280000000000523e-04
7.330359999999999524e-04
7.522279999999999679e-04
7.709299999999999660e-04
7.891659999999999994e-04
8.069610000000000281e-04
8.243359999999999490e-04
8.413130000000000001e-04
8.579110000000000468e-04
8.741489999999999547e-04
8.900439999999999914e-04
9.056129999999999909e-04
9.208709999999999726e-04
9.358329999999999557e-04
9.505130000000000523e-04
9.649230000000000177e-04
9.790750000000000407e-04
9.929819999999998925e-04
1.006649999999999993e-03
1.020099999999999913e-03
1.033339999999999996e-03
1.046360000000000085e-03
1.059190000000000001e-03
1.071829999999999962e-03
1.084300000000000064e-03
1.096579999999999994e-03
1.108709999999999947e-03
1.120670000000000043e-03
1.132479999999999945e-03
1.144140000000000087e-03
1.155659999999999977e-03
1.167040000000000048e-03
1.178290000000000023e-03
1.189420000000000061e-03
1.200420000000000003e-03
1.211309999999999948e-03
1.222089999999999895e-03
1.232760000000000062e-03
1.243320000000000015e-03
1.253779999999999912e-03
1.264139999999999969e-03
1.274409999999999909e-03
1.284589999999999951e-03
1.294680000000000093e-03
1.304690000000000060e-03
1.314620000000000068e-03
1.324459999999999960e-03
1.334230000000000051e-03
1.343929999999999908e-03
1.353550000000000022e-03
1.363099999999999902e-03
1.372589999999999921e-03
1.382009999999999923e-03
1.391370000000000063e-03
1.400669999999999910e-03
1.409909999999999896e-03
1.419090000000000022e-03
1.428220000000000010e-03
1.437289999999999922e-03
1.446309999999999913e-03
1.455279999999999985e-03
1.464199999999999920e-03
1.473069999999999935e-03
1.481890000000000030e-03
1.490669999999999929e-03
1.499410000000000066e-03
1.508110000000000006e-03
1.516760000000000027e-03
1.525370000000000068e-03
1.533939999999999913e-03
1.542479999999999936e-03
1.550979999999999980e-03
1.559440000000000045e-03
1.567870000000000071e-03
1.576259999999999901e-03
1.584630000000000066e-03
1.592950000000000095e-03
1.601250000000000026e-03
1.609519999999999918e-03
