3.7300000000000000e+00	1.0327700000000000e-02
3.7300100100100102e+00	1.0363600000000001e-02
3.7300200200200200e+00	1.0399700000000000e-02
3.7300300300300302e+00	1.0436200000000000e-02
3.7300400400400400e+00	1.0473000000000000e-02
3.7300500500500502e+00	1.0510200000000001e-02
3.7300600600600600e+00	1.0547800000000000e-02
3.7300700700700702e+00	1.0585700000000000e-02
3.7300800800800800e+00	1.0624000000000000e-02
3.7300900900900902e+00	1.0662700000000001e-02
3.7301001001001000e+00	1.0701700000000000e-02
3.7301101101101102e+00	1.0741199999999999e-02
3.7301201201201200e+00	1.0781100000000000e-02
3.7301301301301302e+00	1.0821400000000000e-02
3.7301401401401399e+00	1.0862100000000000e-02
3.7301501501501502e+00	1.0903299999999999e-02
3.7301601601601599e+00	1.0944900000000000e-02
3.7301701701701702e+00	1.0987000000000000e-02
3.7301801801801804e+00	1.1029600000000001e-02
3.7301901901901902e+00	1.1072600000000000e-02
3.7302002002002004e+00	1.1116200000000000e-02
3.7302102102102102e+00	1.1160200000000000e-02
3.7302202202202204e+00	1.1204700000000000e-02
3.7302302302302301e+00	1.1249800000000001e-02
3.7302402402402404e+00	1.1295500000000000e-02
3.7302502502502501e+00	1.1341700000000000e-02
3.7302602602602604e+00	1.1388400000000000e-02
3.7302702702702701e+00	1.1435799999999999e-02
3.7302802802802804e+00	1.1483699999999999e-02
3.7302902902902901e+00	1.1532199999999999e-02
3.7303003003003004e+00	1.1581400000000000e-02
3.7303103103103101e+00	1.1631300000000001e-02
3.7303203203203203e+00	1.1681800000000001e-02
3.7303303303303301e+00	1.1733000000000000e-02
3.7303403403403403e+00	1.1784800000000000e-02
3.7303503503503501e+00	1.1837400000000000e-02
3.7303603603603603e+00	1.1890800000000000e-02
3.7303703703703706e+00	1.1944900000000000e-02
3.7303803803803803e+00	1.1999800000000000e-02
3.7303903903903906e+00	1.2055400000000001e-02
3.7304004004004003e+00	1.2112000000000000e-02
3.7304104104104105e+00	1.2169299999999999e-02
3.7304204204204203e+00	1.2227500000000001e-02
3.7304304304304305e+00	1.2286699999999999e-02
3.7304404404404403e+00	1.2346700000000000e-02
3.7304504504504505e+00	1.2407700000000001e-02
3.7304604604604603e+00	1.2469700000000000e-02
3.7304704704704705e+00	1.2532700000000001e-02
3.7304804804804803e+00	1.2596800000000000e-02
3.7304904904904905e+00	1.2661900000000000e-02
3.7305005005005003e+00	1.2728200000000000e-02
3.7305105105105105e+00	1.2795500000000000e-02
3.7305205205205203e+00	1.2864100000000000e-02
3.7305305305305305e+00	1.2933900000000000e-02
3.7305405405405407e+00	1.3004900000000000e-02
3.7305505505505505e+00	1.3077200000000001e-02
3.7305605605605607e+00	1.3150900000000000e-02
3.7305705705705705e+00	1.3226000000000000e-02
3.7305805805805807e+00	1.3302500000000000e-02
3.7305905905905905e+00	1.3380500000000000e-02
3.7306006006006007e+00	1.3460099999999999e-02
3.7306106106106105e+00	1.3541200000000000e-02
3.7306206206206207e+00	1.3624000000000001e-02
3.7306306306306305e+00	1.3708500000000000e-02
3.7306406406406407e+00	1.3794799999999999e-02
3.7306506506506505e+00	1.3882900000000000e-02
3.7306606606606607e+00	1.3972900000000000e-02
3.7306706706706705e+00	1.4064900000000000e-02
3.7306806806806807e+00	1.4159000000000000e-02
3.7306906906906905e+00	1.4255200000000001e-02
3.7307007007007007e+00	1.4353700000000000e-02
3.7307107107107109e+00	1.4454399999999999e-02
3.7307207207207207e+00	1.4557600000000000e-02
3.7307307307307309e+00	1.4663300000000001e-02
3.7307407407407407e+00	1.4771599999999999e-02
3.7307507507507509e+00	1.4882599999999999e-02
3.7307607607607607e+00	1.4996400000000000e-02
3.7307707707707709e+00	1.5113300000000000e-02
3.7307807807807807e+00	1.5233200000000001e-02
3.7307907907907909e+00	1.5356300000000000e-02
3.7308008008008007e+00	1.5482900000000001e-02
3.7308108108108109e+00	1.5613000000000000e-02
3.7308208208208207e+00	1.5746799999999998e-02
3.7308308308308309e+00	1.5884400000000000e-02
3.7308408408408407e+00	1.6026200000000001e-02
3.7308508508508509e+00	1.6172200000000001e-02
3.7308608608608607e+00	1.6322699999999999e-02
3.7308708708708709e+00	1.6477900000000000e-02
3.7308808808808811e+00	1.6638099999999999e-02
3.7308908908908909e+00	1.6803499999999999e-02
3.7309009009009011e+00	1.6974400000000001e-02
3.7309109109109109e+00	1.7151099999999999e-02
3.7309209209209211e+00	1.7333899999999999e-02
3.7309309309309309e+00	1.7523100000000000e-02
3.7309409409409411e+00	1.7719200000000001e-02
3.7309509509509509e+00	1.7922500000000001e-02
3.7309609609609611e+00	1.8133500000000000e-02
3.7309709709709709e+00	1.8352500000000001e-02
3.7309809809809811e+00	1.8580200000000002e-02
3.7309909909909909e+00	1.8817100000000000e-02
3.7310010010010011e+00	1.9063699999999999e-02
3.7310110110110108e+00	1.9320700000000000e-02
3.7310210210210211e+00	1.9588800000000000e-02
3.7310310310310308e+00	1.9868799999999999e-02
3.7310410410410411e+00	2.0161399999999999e-02
3.7310510510510508e+00	2.0467599999999999e-02
3.7310610610610611e+00	2.0788399999999999e-02
3.7310710710710713e+00	2.1124799999999999e-02
3.7310810810810811e+00	2.1478100000000000e-02
3.7310910910910913e+00	2.1849600000000000e-02
3.7311011011011010e+00	2.2240800000000002e-02
3.7311111111111113e+00	2.2653199999999998e-02
3.7311211211211210e+00	2.3088700000000000e-02
3.7311311311311313e+00	2.3549299999999999e-02
3.7311411411411410e+00	2.4037200000000002e-02
3.7311511511511513e+00	2.4555000000000000e-02
3.7311611611611610e+00	2.5105400000000000e-02
3.7311711711711713e+00	2.5691599999999998e-02
3.7311811811811810e+00	2.6317299999999998e-02
3.7311911911911912e+00	2.6986500000000000e-02
3.7312012012012010e+00	2.7703900000000000e-02
3.7312112112112112e+00	2.8474699999999999e-02
3.7312212212212210e+00	2.9305100000000001e-02
3.7312312312312312e+00	3.0202099999999999e-02
3.7312412412412415e+00	3.1173900000000001e-02
3.7312512512512512e+00	3.2230000000000002e-02
3.7312612612612615e+00	3.3381599999999997e-02
3.7312712712712712e+00	3.4641800000000000e-02
3.7312812812812814e+00	3.6026200000000001e-02
3.7312912912912912e+00	3.7553499999999997e-02
3.7313013013013014e+00	3.9245799999999997e-02
3.7313113113113112e+00	4.1130500000000000e-02
3.7313213213213214e+00	4.3240700000000000e-02
3.7313313313313312e+00	4.5617300000000000e-02
3.7313413413413414e+00	4.8311199999999999e-02
3.7313513513513512e+00	5.1386700000000000e-02
3.7313613613613614e+00	5.4925700000000001e-02
3.7313713713713712e+00	5.9034099999999999e-02
3.7313813813813814e+00	6.3850900000000002e-02
3.7313913913913912e+00	6.9560999999999998e-02
3.7314014014014014e+00	7.6416100000000001e-02
3.7314114114114116e+00	8.4764500000000007e-02
3.7314214214214214e+00	9.5100400000000002e-02
3.7314314314314316e+00	1.0814300000000000e-01
3.7314414414414414e+00	1.2496800000000000e-01
3.7314514514514516e+00	1.4724200000000001e-01
3.7314614614614614e+00	1.7763200000000001e-01
3.7314714714714716e+00	2.2056400000000001e-01
3.7314814814814814e+00	2.8360800000000003e-01
3.7314914914914916e+00	3.7972800000000001e-01
3.7315015015015014e+00	5.2895700000000001e-01
3.7315115115115116e+00	7.4608099999999999e-01
3.7315215215215214e+00	9.6372400000000003e-01
3.7315315315315316e+00	9.5050400000000002e-01
3.7315415415415414e+00	6.7893499999999996e-01
3.7315515515515516e+00	4.1401900000000003e-01
3.7315615615615614e+00	2.4817400000000001e-01
3.7315715715715716e+00	1.5355700000000000e-01
3.7315815815815818e+00	9.8761900000000000e-02
3.7315915915915916e+00	6.5701599999999999e-02
3.7316016016016018e+00	4.4892200000000000e-02
3.7316116116116116e+00	3.1296600000000001e-02
3.7316216216216218e+00	2.2133500000000000e-02
3.7316316316316316e+00	1.5799700000000000e-02
3.7316416416416418e+00	1.1332300000000000e-02
3.7316516516516516e+00	8.1316300000000008e-03
3.7316616616616618e+00	5.8117799999999999e-03
3.7316716716716716e+00	4.1173700000000004e-03
3.7316816816816818e+00	2.8750700000000000e-03
3.7316916916916916e+00	1.9646799999999999e-03
3.7317017017017018e+00	1.3011800000000001e-03
3.7317117117117116e+00	8.2342400000000001e-04
3.7317217217217218e+00	4.8675200000000002e-04
3.7317317317317316e+00	2.5811100000000000e-04
3.7317417417417418e+00	1.1273600000000000e-04
3.7317517517517516e+00	3.1874000000000000e-05
3.7317617617617618e+00	1.1869700000000000e-06
3.7317717717717720e+00	9.6192600000000001e-06
3.7317817817817818e+00	4.8579999999999999e-05
3.7317917917917920e+00	1.1134899999999999e-04
3.7318018018018018e+00	1.9263599999999999e-04
3.7318118118118120e+00	2.8825600000000003e-04
3.7318218218218218e+00	3.9488499999999998e-04
3.7318318318318320e+00	5.0986900000000003e-04
3.7318418418418418e+00	6.3108299999999995e-04
3.7318518518518520e+00	7.5682400000000002e-04
3.7318618618618618e+00	8.8572200000000003e-04
3.7318718718718720e+00	1.0166800000000001e-03
3.7318818818818817e+00	1.1488000000000000e-03
3.7318918918918920e+00	1.2813700000000000e-03
3.7319019019019017e+00	1.4138300000000000e-03
3.7319119119119120e+00	1.5456999999999999e-03
3.7319219219219217e+00	1.6766400000000001e-03
3.7319319319319320e+00	1.8063300000000001e-03
3.7319419419419422e+00	1.9345700000000000e-03
3.7319519519519520e+00	2.0611599999999998e-03
3.7319619619619622e+00	2.1859800000000001e-03
3.7319719719719719e+00	2.3089299999999998e-03
3.7319819819819822e+00	2.4299199999999999e-03
3.7319919919919919e+00	2.5489100000000002e-03
3.7320020020020022e+00	2.6658699999999999e-03
3.7320120120120119e+00	2.7807800000000001e-03
3.7320220220220222e+00	2.8936399999999998e-03
3.7320320320320319e+00	3.0044600000000000e-03
3.7320420420420422e+00	3.1132500000000001e-03
3.7320520520520519e+00	3.2200300000000000e-03
3.7320620620620621e+00	3.3248300000000000e-03
3.7320720720720719e+00	3.4276900000000002e-03
3.7320820820820821e+00	3.5286300000000000e-03
3.7320920920920919e+00	3.6277000000000002e-03
3.7321021021021021e+00	3.7249300000000000e-03
3.7321121121121124e+00	3.8203600000000001e-03
3.7321221221221221e+00	3.9140399999999997e-03
3.7321321321321324e+00	4.0060100000000000e-03
3.7321421421421421e+00	4.0963099999999997e-03
3.7321521521521523e+00	4.1849799999999996e-03
3.7321621621621621e+00	4.2720700000000002e-03
3.7321721721721723e+00	4.3576099999999996e-03
3.7321821821821821e+00	4.4416500000000001e-03
3.7321921921921923e+00	4.5242199999999998e-03
3.7322022022022021e+00	4.6053700000000001e-03
3.7322122122122123e+00	4.6851400000000000e-03
3.7322222222222221e+00	4.7635600000000000e-03
3.7322322322322323e+00	4.8406700000000000e-03
3.7322422422422421e+00	4.9165099999999998e-03
3.7322522522522523e+00	4.9911100000000000e-03
3.7322622622622621e+00	5.0645000000000004e-03
3.7322722722722723e+00	5.1367200000000000e-03
3.7322822822822825e+00	5.2078100000000002e-03
3.7322922922922923e+00	5.2777900000000001e-03
3.7323023023023025e+00	5.3466900000000003e-03
3.7323123123123123e+00	5.4145499999999997e-03
3.7323223223223225e+00	5.4813900000000000e-03
3.7323323323323323e+00	5.5472300000000002e-03
3.7323423423423425e+00	5.6121200000000000e-03
3.7323523523523523e+00	5.6760700000000001e-03
3.7323623623623625e+00	5.7391100000000004e-03
3.7323723723723723e+00	5.8012599999999999e-03
3.7323823823823825e+00	5.8625400000000003e-03
3.7323923923923923e+00	5.9229900000000004e-03
3.7324024024024025e+00	5.9826200000000001e-03
3.7324124124124123e+00	6.0414600000000002e-03
3.7324224224224225e+00	6.0995199999999998e-03
3.7324324324324323e+00	6.1568300000000003e-03
3.7324424424424425e+00	6.2134000000000000e-03
3.7324524524524523e+00	6.2692599999999996e-03
3.7324624624624625e+00	6.3244199999999999e-03
3.7324724724724727e+00	6.3788999999999998e-03
3.7324824824824825e+00	6.4327200000000003e-03
3.7324924924924927e+00	6.4858900000000002e-03
3.7325025025025025e+00	6.5384400000000004e-03
3.7325125125125127e+00	6.5903699999999999e-03
3.7325225225225225e+00	6.6417100000000003e-03
3.7325325325325327e+00	6.6924599999999999e-03
3.7325425425425425e+00	6.7426500000000002e-03
3.7325525525525527e+00	6.7922800000000004e-03
3.7325625625625625e+00	6.8413800000000002e-03
3.7325725725725727e+00	6.8899399999999998e-03
3.7325825825825825e+00	6.9379899999999998e-03
3.7325925925925927e+00	6.9855400000000002e-03
3.7326026026026025e+00	7.0326000000000000e-03
3.7326126126126127e+00	7.0791900000000000e-03
3.7326226226226225e+00	7.1253000000000002e-03
3.7326326326326327e+00	7.1709599999999997e-03
3.7326426426426429e+00	7.2161800000000000e-03
3.7326526526526527e+00	7.2609600000000003e-03
3.7326626626626629e+00	7.3053099999999998e-03
3.7326726726726727e+00	7.3492499999999999e-03
3.7326826826826829e+00	7.3927899999999998e-03
3.7326926926926927e+00	7.4359300000000003e-03
3.7327027027027029e+00	7.4786799999999997e-03
3.7327127127127127e+00	7.5210600000000004e-03
3.7327227227227229e+00	7.5630599999999999e-03
3.7327327327327327e+00	7.6047099999999998e-03
3.7327427427427429e+00	7.6460000000000000e-03
3.7327527527527526e+00	7.6869399999999997e-03
3.7327627627627629e+00	7.7275499999999997e-03
3.7327727727727726e+00	7.7678299999999999e-03
3.7327827827827829e+00	7.8077800000000003e-03
3.7327927927927926e+00	7.8474200000000008e-03
3.7328028028028029e+00	7.8867499999999997e-03
3.7328128128128131e+00	7.9257800000000003e-03
3.7328228228228229e+00	7.9645099999999993e-03
3.7328328328328331e+00	8.0029500000000000e-03
3.7328428428428428e+00	8.0411100000000006e-03
3.7328528528528531e+00	8.0789899999999994e-03
3.7328628628628628e+00	8.1165999999999999e-03
3.7328728728728731e+00	8.1539400000000001e-03
3.7328828828828828e+00	8.1910200000000002e-03
3.7328928928928931e+00	8.2278500000000001e-03
3.7329029029029028e+00	8.2644199999999998e-03
3.7329129129129131e+00	8.3007600000000008e-03
3.7329229229229228e+00	8.3368499999999998e-03
3.7329329329329330e+00	8.3727100000000002e-03
3.7329429429429428e+00	8.4083400000000003e-03
3.7329529529529530e+00	8.4437399999999999e-03
3.7329629629629628e+00	8.4789300000000008e-03
3.7329729729729730e+00	8.5138899999999997e-03
3.7329829829829833e+00	8.5486499999999997e-03
3.7329929929929930e+00	8.5831999999999992e-03
3.7330030030030033e+00	8.6175399999999999e-03
3.7330130130130130e+00	8.6516900000000001e-03
3.7330230230230232e+00	8.6856399999999997e-03
3.7330330330330330e+00	8.7194000000000004e-03
3.7330430430430432e+00	8.7529700000000005e-03
3.7330530530530530e+00	8.7863600000000000e-03
3.7330630630630632e+00	8.8195600000000006e-03
3.7330730730730730e+00	8.8525900000000005e-03
3.7330830830830832e+00	8.8854499999999996e-03
3.7330930930930930e+00	8.9181399999999997e-03
3.7331031031031032e+00	8.9506599999999992e-03
3.7331131131131130e+00	8.9830199999999995e-03
3.7331231231231232e+00	9.0152099999999992e-03
3.7331331331331330e+00	9.0472499999999997e-03
3.7331431431431432e+00	9.0791399999999994e-03
3.7331531531531530e+00	9.1108700000000001e-03
3.7331631631631632e+00	9.1424599999999998e-03
3.7331731731731734e+00	9.1739000000000005e-03
3.7331831831831832e+00	9.2052000000000002e-03
3.7331931931931934e+00	9.2363500000000008e-03
3.7332032032032032e+00	9.2673700000000005e-03
3.7332132132132134e+00	9.2982599999999992e-03
3.7332232232232232e+00	9.3290100000000004e-03
3.7332332332332334e+00	9.3596400000000007e-03
3.7332432432432432e+00	9.3901300000000000e-03
3.7332532532532534e+00	9.4205100000000000e-03
3.7332632632632632e+00	9.4507600000000008e-03
3.7332732732732734e+00	9.4808900000000005e-03
3.7332832832832832e+00	9.5108999999999992e-03
3.7332932932932934e+00	9.5407900000000004e-03
3.7333033033033032e+00	9.5705800000000004e-03
3.7333133133133134e+00	9.6002499999999994e-03
3.7333233233233232e+00	9.6298100000000008e-03
3.7333333333333334e+00	9.6592699999999993e-03
3.7333433433433436e+00	9.6886200000000002e-03
3.7333533533533534e+00	9.7178600000000000e-03
3.7333633633633636e+00	9.7470100000000004e-03
3.7333733733733734e+00	9.7760499999999997e-03
3.7333833833833836e+00	9.8049999999999995e-03
3.7333933933933934e+00	9.8338599999999998e-03
3.7334034034034036e+00	9.8626200000000008e-03
3.7334134134134134e+00	9.8912800000000006e-03
3.7334234234234236e+00	9.9198600000000008e-03
3.7334334334334334e+00	9.9483499999999999e-03
3.7334434434434436e+00	9.9767499999999995e-03
3.7334534534534534e+00	1.0005099999999999e-02
3.7334634634634636e+00	1.0033300000000000e-02
3.7334734734734734e+00	1.0061499999999999e-02
3.7334834834834836e+00	1.0089500000000000e-02
3.7334934934934934e+00	1.0117500000000000e-02
3.7335035035035036e+00	1.0145400000000001e-02
3.7335135135135138e+00	1.0173300000000000e-02
3.7335235235235236e+00	1.0201000000000000e-02
3.7335335335335338e+00	1.0228700000000000e-02
3.7335435435435436e+00	1.0256299999999999e-02
3.7335535535535538e+00	1.0283900000000000e-02
3.7335635635635636e+00	1.0311400000000000e-02
3.7335735735735738e+00	1.0338800000000000e-02
3.7335835835835836e+00	1.0366100000000000e-02
3.7335935935935938e+00	1.0393400000000001e-02
3.7336036036036035e+00	1.0420600000000000e-02
3.7336136136136138e+00	1.0447800000000000e-02
3.7336236236236235e+00	1.0474900000000001e-02
3.7336336336336338e+00	1.0501900000000000e-02
3.7336436436436435e+00	1.0528900000000001e-02
3.7336536536536538e+00	1.0555800000000001e-02
3.7336636636636635e+00	1.0582599999999999e-02
3.7336736736736738e+00	1.0609499999999999e-02
3.7336836836836835e+00	1.0636200000000000e-02
3.7336936936936937e+00	1.0662899999999999e-02
3.7337037037037040e+00	1.0689499999999999e-02
3.7337137137137137e+00	1.0716099999999999e-02
3.7337237237237240e+00	1.0742700000000001e-02
3.7337337337337337e+00	1.0769200000000000e-02
3.7337437437437440e+00	1.0795600000000001e-02
3.7337537537537537e+00	1.0822000000000000e-02
3.7337637637637640e+00	1.0848399999999999e-02
3.7337737737737737e+00	1.0874699999999999e-02
3.7337837837837839e+00	1.0900999999999999e-02
3.7337937937937937e+00	1.0927200000000000e-02
3.7338038038038039e+00	1.0953400000000000e-02
3.7338138138138137e+00	1.0979500000000000e-02
3.7338238238238239e+00	1.1005600000000001e-02
3.7338338338338337e+00	1.1031700000000000e-02
3.7338438438438439e+00	1.1057700000000000e-02
3.7338538538538537e+00	1.1083700000000000e-02
3.7338638638638639e+00	1.1109700000000000e-02
3.7338738738738741e+00	1.1135600000000001e-02
3.7338838838838839e+00	1.1161500000000000e-02
3.7338938938938941e+00	1.1187300000000001e-02
3.7339039039039039e+00	1.1213100000000000e-02
3.7339139139139141e+00	1.1238900000000000e-02
3.7339239239239239e+00	1.1264700000000001e-02
3.7339339339339341e+00	1.1290400000000001e-02
3.7339439439439439e+00	1.1316100000000001e-02
3.7339539539539541e+00	1.1341700000000000e-02
3.7339639639639639e+00	1.1367400000000000e-02
3.7339739739739741e+00	1.1393000000000000e-02
3.7339839839839839e+00	1.1418599999999999e-02
3.7339939939939941e+00	1.1444100000000000e-02
3.7340040040040039e+00	1.1469699999999999e-02
3.7340140140140141e+00	1.1495200000000001e-02
3.7340240240240239e+00	1.1520600000000001e-02
3.7340340340340341e+00	1.1546100000000000e-02
3.7340440440440443e+00	1.1571500000000000e-02
3.7340540540540541e+00	1.1597000000000000e-02
3.7340640640640643e+00	1.1622400000000000e-02
3.7340740740740741e+00	1.1647700000000000e-02
3.7340840840840843e+00	1.1673100000000000e-02
3.7340940940940941e+00	1.1698399999999999e-02
3.7341041041041043e+00	1.1723799999999999e-02
3.7341141141141141e+00	1.1749100000000000e-02
3.7341241241241243e+00	1.1774300000000000e-02
3.7341341341341341e+00	1.1799600000000000e-02
3.7341441441441443e+00	1.1824899999999999e-02
3.7341541541541541e+00	1.1850100000000001e-02
3.7341641641641643e+00	1.1875300000000000e-02
3.7341741741741741e+00	1.1900600000000001e-02
3.7341841841841843e+00	1.1925800000000000e-02
3.7341941941941941e+00	1.1950900000000000e-02
3.7342042042042043e+00	1.1976100000000000e-02
3.7342142142142145e+00	1.2001299999999999e-02
3.7342242242242243e+00	1.2026400000000000e-02
3.7342342342342345e+00	1.2051600000000001e-02
3.7342442442442443e+00	1.2076699999999999e-02
3.7342542542542545e+00	1.2101900000000001e-02
3.7342642642642643e+00	1.2127000000000001e-02
3.7342742742742745e+00	1.2152100000000001e-02
3.7342842842842843e+00	1.2177199999999999e-02
3.7342942942942945e+00	1.2202299999999999e-02
3.7343043043043043e+00	1.2227399999999999e-02
3.7343143143143145e+00	1.2252500000000000e-02
3.7343243243243243e+00	1.2277600000000000e-02
3.7343343343343345e+00	1.2302700000000000e-02
3.7343443443443443e+00	1.2327700000000000e-02
3.7343543543543545e+00	1.2352800000000001e-02
3.7343643643643643e+00	1.2377900000000001e-02
3.7343743743743745e+00	1.2403000000000001e-02
3.7343843843843842e+00	1.2428000000000000e-02
3.7343943943943945e+00	1.2453100000000000e-02
3.7344044044044047e+00	1.2478200000000000e-02
3.7344144144144145e+00	1.2503200000000001e-02
3.7344244244244247e+00	1.2528299999999999e-02
3.7344344344344345e+00	1.2553399999999999e-02
3.7344444444444447e+00	1.2578499999999999e-02
3.7344544544544545e+00	1.2603500000000000e-02
3.7344644644644647e+00	1.2628600000000000e-02
3.7344744744744744e+00	1.2653700000000000e-02
3.7344844844844847e+00	1.2678800000000000e-02
3.7344944944944944e+00	1.2703900000000001e-02
3.7345045045045047e+00	1.2729000000000001e-02
3.7345145145145144e+00	1.2754100000000001e-02
3.7345245245245247e+00	1.2779199999999999e-02
3.7345345345345344e+00	1.2804299999999999e-02
3.7345445445445447e+00	1.2829399999999999e-02
3.7345545545545544e+00	1.2854600000000001e-02
3.7345645645645646e+00	1.2879699999999999e-02
3.7345745745745749e+00	1.2904900000000000e-02
3.7345845845845846e+00	1.2930000000000001e-02
3.7345945945945949e+00	1.2955200000000000e-02
3.7346046046046046e+00	1.2980400000000000e-02
3.7346146146146149e+00	1.3005600000000001e-02
3.7346246246246246e+00	1.3030800000000000e-02
3.7346346346346349e+00	1.3056000000000000e-02
3.7346446446446446e+00	1.3081199999999999e-02
3.7346546546546548e+00	1.3106400000000001e-02
3.7346646646646646e+00	1.3131700000000000e-02
3.7346746746746748e+00	1.3157000000000000e-02
3.7346846846846846e+00	1.3182200000000000e-02
3.7346946946946948e+00	1.3207500000000000e-02
3.7347047047047046e+00	1.3232799999999999e-02
3.7347147147147148e+00	1.3258199999999999e-02
3.7347247247247246e+00	1.3283500000000000e-02
3.7347347347347348e+00	1.3308900000000000e-02
3.7347447447447450e+00	1.3334199999999999e-02
3.7347547547547548e+00	1.3359599999999999e-02
3.7347647647647650e+00	1.3385100000000000e-02
3.7347747747747748e+00	1.3410500000000001e-02
3.7347847847847850e+00	1.3435900000000001e-02
3.7347947947947948e+00	1.3461400000000000e-02
3.7348048048048050e+00	1.3486900000000000e-02
3.7348148148148148e+00	1.3512400000000001e-02
3.7348248248248250e+00	1.3537900000000000e-02
3.7348348348348348e+00	1.3563499999999999e-02
3.7348448448448450e+00	1.3589100000000000e-02
3.7348548548548548e+00	1.3614599999999999e-02
3.7348648648648650e+00	1.3640299999999999e-02
3.7348748748748748e+00	1.3665900000000000e-02
3.7348848848848850e+00	1.3691600000000000e-02
3.7348948948948948e+00	1.3717300000000000e-02
3.7349049049049050e+00	1.3743000000000000e-02
3.7349149149149152e+00	1.3768700000000000e-02
3.7349249249249250e+00	1.3794499999999999e-02
3.7349349349349352e+00	1.3820300000000001e-02
3.7349449449449450e+00	1.3846100000000000e-02
3.7349549549549552e+00	1.3872000000000001e-02
3.7349649649649650e+00	1.3897800000000000e-02
3.7349749749749752e+00	1.3923700000000001e-02
3.7349849849849850e+00	1.3949700000000001e-02
3.7349949949949952e+00	1.3975599999999999e-02
3.7350050050050050e+00	1.4001599999999999e-02
3.7350150150150152e+00	1.4027700000000001e-02
3.7350250250250250e+00	1.4053700000000001e-02
3.7350350350350352e+00	1.4079800000000000e-02
3.7350450450450450e+00	1.4105899999999999e-02
3.7350550550550552e+00	1.4132100000000000e-02
3.7350650650650650e+00	1.4158300000000000e-02
3.7350750750750752e+00	1.4184499999999999e-02
3.7350850850850850e+00	1.4210700000000000e-02
3.7350950950950952e+00	1.4237000000000000e-02
3.7351051051051054e+00	1.4263300000000000e-02
3.7351151151151152e+00	1.4289700000000001e-02
3.7351251251251254e+00	1.4316100000000000e-02
3.7351351351351352e+00	1.4342499999999999e-02
3.7351451451451454e+00	1.4369000000000000e-02
3.7351551551551552e+00	1.4395500000000000e-02
3.7351651651651654e+00	1.4422100000000000e-02
3.7351751751751752e+00	1.4448600000000001e-02
3.7351851851851854e+00	1.4475300000000000e-02
3.7351951951951952e+00	1.4501900000000000e-02
3.7352052052052054e+00	1.4528599999999999e-02
3.7352152152152152e+00	1.4555400000000000e-02
3.7352252252252254e+00	1.4582200000000000e-02
3.7352352352352352e+00	1.4609000000000000e-02
3.7352452452452454e+00	1.4635900000000000e-02
3.7352552552552551e+00	1.4662800000000000e-02
3.7352652652652654e+00	1.4689700000000000e-02
3.7352752752752756e+00	1.4716699999999999e-02
3.7352852852852854e+00	1.4743800000000000e-02
3.7352952952952956e+00	1.4770900000000000e-02
3.7353053053053054e+00	1.4798000000000000e-02
3.7353153153153156e+00	1.4825200000000000e-02
3.7353253253253254e+00	1.4852400000000000e-02
3.7353353353353356e+00	1.4879699999999999e-02
3.7353453453453453e+00	1.4907000000000000e-02
3.7353553553553556e+00	1.4934400000000000e-02
3.7353653653653653e+00	1.4961800000000001e-02
3.7353753753753756e+00	1.4989300000000001e-02
3.7353853853853853e+00	1.5016800000000000e-02
3.7353953953953956e+00	1.5044399999999999e-02
3.7354054054054053e+00	1.5072100000000000e-02
3.7354154154154156e+00	1.5099700000000001e-02
3.7354254254254253e+00	1.5127500000000000e-02
3.7354354354354355e+00	1.5155300000000000e-02
3.7354454454454458e+00	1.5183100000000000e-02
3.7354554554554555e+00	1.5211000000000001e-02
3.7354654654654658e+00	1.5239000000000001e-02
3.7354754754754755e+00	1.5266999999999999e-02
3.7354854854854858e+00	1.5295100000000001e-02
3.7354954954954955e+00	1.5323200000000000e-02
3.7355055055055058e+00	1.5351399999999999e-02
3.7355155155155155e+00	1.5379600000000000e-02
3.7355255255255257e+00	1.5407900000000000e-02
3.7355355355355355e+00	1.5436300000000000e-02
3.7355455455455457e+00	1.5464700000000000e-02
3.7355555555555555e+00	1.5493200000000000e-02
3.7355655655655657e+00	1.5521800000000001e-02
3.7355755755755755e+00	1.5550400000000001e-02
3.7355855855855857e+00	1.5579100000000000e-02
3.7355955955955955e+00	1.5607800000000000e-02
3.7356056056056057e+00	1.5636600000000000e-02
3.7356156156156159e+00	1.5665499999999999e-02
3.7356256256256257e+00	1.5694400000000001e-02
3.7356356356356359e+00	1.5723399999999998e-02
3.7356456456456457e+00	1.5752499999999999e-02
3.7356556556556559e+00	1.5781699999999999e-02
3.7356656656656657e+00	1.5810899999999999e-02
3.7356756756756759e+00	1.5840199999999999e-02
3.7356856856856857e+00	1.5869500000000002e-02
3.7356956956956959e+00	1.5899000000000000e-02
3.7357057057057057e+00	1.5928500000000002e-02
3.7357157157157159e+00	1.5958000000000000e-02
3.7357257257257257e+00	1.5987700000000001e-02
3.7357357357357359e+00	1.6017400000000001e-02
3.7357457457457457e+00	1.6047200000000001e-02
3.7357557557557559e+00	1.6077100000000000e-02
3.7357657657657657e+00	1.6107099999999999e-02
3.7357757757757759e+00	1.6137100000000001e-02
3.7357857857857857e+00	1.6167200000000000e-02
3.7357957957957959e+00	1.6197400000000001e-02
3.7358058058058061e+00	1.6227700000000001e-02
3.7358158158158159e+00	1.6258000000000002e-02
3.7358258258258261e+00	1.6288500000000001e-02
3.7358358358358359e+00	1.6319000000000000e-02
3.7358458458458461e+00	1.6349599999999999e-02
3.7358558558558559e+00	1.6380300000000000e-02
3.7358658658658661e+00	1.6411100000000001e-02
3.7358758758758759e+00	1.6441999999999998e-02
3.7358858858858861e+00	1.6472899999999999e-02
3.7358958958958959e+00	1.6504000000000001e-02
3.7359059059059061e+00	1.6535100000000000e-02
3.7359159159159159e+00	1.6566299999999999e-02
3.7359259259259261e+00	1.6597700000000000e-02
3.7359359359359359e+00	1.6629100000000001e-02
3.7359459459459461e+00	1.6660600000000001e-02
3.7359559559559559e+00	1.6692200000000001e-02
3.7359659659659661e+00	1.6723900000000000e-02
3.7359759759759763e+00	1.6755699999999998e-02
3.7359859859859861e+00	1.6787600000000000e-02
3.7359959959959963e+00	1.6819600000000001e-02
3.7360060060060061e+00	1.6851700000000001e-02
3.7360160160160163e+00	1.6883900000000000e-02
3.7360260260260261e+00	1.6916199999999999e-02
3.7360360360360363e+00	1.6948600000000001e-02
3.7360460460460461e+00	1.6981099999999999e-02
3.7360560560560563e+00	1.7013700000000000e-02
3.7360660660660661e+00	1.7046400000000000e-02
3.7360760760760763e+00	1.7079199999999999e-02
3.7360860860860861e+00	1.7112200000000001e-02
3.7360960960960963e+00	1.7145199999999999e-02
3.7361061061061061e+00	1.7178400000000000e-02
3.7361161161161163e+00	1.7211600000000001e-02
3.7361261261261260e+00	1.7245000000000000e-02
3.7361361361361363e+00	1.7278499999999999e-02
3.7361461461461465e+00	1.7312100000000000e-02
3.7361561561561563e+00	1.7345900000000001e-02
3.7361661661661665e+00	1.7379700000000001e-02
3.7361761761761763e+00	1.7413700000000001e-02
3.7361861861861865e+00	1.7447799999999999e-02
3.7361961961961963e+00	1.7482000000000001e-02
3.7362062062062065e+00	1.7516400000000001e-02
3.7362162162162162e+00	1.7550799999999998e-02
3.7362262262262265e+00	1.7585400000000001e-02
3.7362362362362362e+00	1.7620199999999999e-02
3.7362462462462465e+00	1.7655000000000001e-02
3.7362562562562562e+00	1.7690000000000001e-02
3.7362662662662665e+00	1.7725100000000001e-02
3.7362762762762762e+00	1.7760399999999999e-02
3.7362862862862865e+00	1.7795800000000001e-02
3.7362962962962962e+00	1.7831300000000001e-02
3.7363063063063064e+00	1.7866900000000002e-02
3.7363163163163167e+00	1.7902800000000000e-02
3.7363263263263264e+00	1.7938699999999998e-02
3.7363363363363367e+00	1.7974799999999999e-02
3.7363463463463464e+00	1.8010999999999999e-02
3.7363563563563567e+00	1.8047400000000002e-02
3.7363663663663664e+00	1.8083900000000000e-02
3.7363763763763767e+00	1.8120600000000001e-02
3.7363863863863864e+00	1.8157400000000001e-02
3.7363963963963966e+00	1.8194399999999999e-02
3.7364064064064064e+00	1.8231600000000001e-02
3.7364164164164166e+00	1.8268900000000001e-02
3.7364264264264264e+00	1.8306300000000001e-02
3.7364364364364366e+00	1.8343900000000000e-02
3.7364464464464464e+00	1.8381700000000001e-02
3.7364564564564566e+00	1.8419700000000001e-02
3.7364664664664664e+00	1.8457800000000000e-02
3.7364764764764766e+00	1.8495999999999999e-02
3.7364864864864864e+00	1.8534499999999999e-02
3.7364964964964966e+00	1.8573099999999999e-02
3.7365065065065068e+00	1.8611900000000001e-02
3.7365165165165166e+00	1.8650900000000002e-02
3.7365265265265268e+00	1.8689999999999998e-02
3.7365365365365366e+00	1.8729300000000001e-02
3.7365465465465468e+00	1.8768799999999999e-02
3.7365565565565566e+00	1.8808499999999999e-02
3.7365665665665668e+00	1.8848400000000001e-02
3.7365765765765766e+00	1.8888499999999999e-02
3.7365865865865868e+00	1.8928700000000000e-02
3.7365965965965966e+00	1.8969199999999999e-02
3.7366066066066068e+00	1.9009800000000000e-02
3.7366166166166166e+00	1.9050700000000000e-02
3.7366266266266268e+00	1.9091700000000000e-02
3.7366366366366366e+00	1.9133000000000001e-02
3.7366466466466468e+00	1.9174400000000001e-02
3.7366566566566566e+00	1.9216100000000000e-02
3.7366666666666668e+00	1.9257900000000001e-02
3.7366766766766770e+00	1.9300000000000001e-02
3.7366866866866868e+00	1.9342300000000000e-02
3.7366966966966970e+00	1.9384800000000001e-02
3.7367067067067068e+00	1.9427500000000000e-02
3.7367167167167170e+00	1.9470500000000002e-02
3.7367267267267268e+00	1.9513699999999998e-02
3.7367367367367370e+00	1.9557100000000001e-02
3.7367467467467468e+00	1.9600699999999999e-02
3.7367567567567570e+00	1.9644600000000002e-02
3.7367667667667668e+00	1.9688700000000000e-02
3.7367767767767770e+00	1.9733100000000000e-02
3.7367867867867868e+00	1.9777699999999999e-02
3.7367967967967970e+00	1.9822500000000000e-02
3.7368068068068068e+00	1.9867599999999999e-02
3.7368168168168170e+00	1.9912900000000001e-02
3.7368268268268268e+00	1.9958500000000001e-02
3.7368368368368370e+00	2.0004399999999999e-02
3.7368468468468472e+00	2.0050499999999999e-02
3.7368568568568570e+00	2.0096900000000001e-02
3.7368668668668672e+00	2.0143600000000001e-02
3.7368768768768770e+00	2.0190500000000000e-02
3.7368868868868872e+00	2.0237700000000001e-02
3.7368968968968970e+00	2.0285200000000000e-02
3.7369069069069072e+00	2.0332900000000001e-02
3.7369169169169170e+00	2.0381000000000000e-02
3.7369269269269272e+00	2.0429300000000001e-02
3.7369369369369370e+00	2.0478000000000000e-02
3.7369469469469472e+00	2.0526900000000001e-02
3.7369569569569570e+00	2.0576100000000000e-02
3.7369669669669672e+00	2.0625700000000000e-02
3.7369769769769769e+00	2.0675499999999999e-02
3.7369869869869872e+00	2.0725700000000000e-02
3.7369969969969969e+00	2.0776200000000002e-02
3.7370070070070072e+00	2.0826999999999998e-02
3.7370170170170169e+00	2.0878200000000000e-02
3.7370270270270272e+00	2.0929600000000000e-02
3.7370370370370374e+00	2.0981500000000000e-02
3.7370470470470472e+00	2.1033600000000000e-02
3.7370570570570574e+00	2.1086100000000000e-02
3.7370670670670671e+00	2.1139000000000002e-02
3.7370770770770774e+00	2.1192200000000001e-02
3.7370870870870871e+00	2.1245799999999999e-02
3.7370970970970974e+00	2.1299700000000001e-02
3.7371071071071071e+00	2.1354000000000001e-02
3.7371171171171174e+00	2.1408699999999999e-02
3.7371271271271271e+00	2.1463800000000002e-02
3.7371371371371374e+00	2.1519199999999999e-02
3.7371471471471471e+00	2.1575100000000000e-02
3.7371571571571574e+00	2.1631299999999999e-02
3.7371671671671671e+00	2.1687999999999999e-02
3.7371771771771773e+00	2.1745000000000000e-02
3.7371871871871871e+00	2.1802499999999999e-02
3.7371971971971973e+00	2.1860399999999999e-02
3.7372072072072076e+00	2.1918699999999999e-02
3.7372172172172173e+00	2.1977500000000001e-02
3.7372272272272276e+00	2.2036699999999999e-02
3.7372372372372373e+00	2.2096399999999999e-02
3.7372472472472476e+00	2.2156499999999999e-02
3.7372572572572573e+00	2.2217100000000000e-02
3.7372672672672675e+00	2.2278099999999999e-02
3.7372772772772773e+00	2.2339700000000001e-02
3.7372872872872875e+00	2.2401700000000000e-02
3.7372972972972973e+00	2.2464200000000000e-02
3.7373073073073075e+00	2.2527200000000001e-02
3.7373173173173173e+00	2.2590699999999998e-02
3.7373273273273275e+00	2.2654700000000000e-02
3.7373373373373373e+00	2.2719199999999998e-02
3.7373473473473475e+00	2.2784300000000000e-02
3.7373573573573573e+00	2.2849899999999999e-02
3.7373673673673675e+00	2.2916099999999998e-02
3.7373773773773777e+00	2.2982800000000001e-02
3.7373873873873875e+00	2.3050100000000000e-02
3.7373973973973977e+00	2.3117900000000000e-02
3.7374074074074075e+00	2.3186399999999999e-02
3.7374174174174177e+00	2.3255399999999999e-02
3.7374274274274275e+00	2.3324999999999999e-02
3.7374374374374377e+00	2.3395300000000001e-02
3.7374474474474475e+00	2.3466200000000000e-02
3.7374574574574577e+00	2.3537700000000002e-02
3.7374674674674675e+00	2.3609800000000000e-02
3.7374774774774777e+00	2.3682600000000002e-02
3.7374874874874875e+00	2.3756099999999999e-02
3.7374974974974977e+00	2.3830299999999999e-02
3.7375075075075075e+00	2.3905099999999999e-02
3.7375175175175177e+00	2.3980700000000001e-02
3.7375275275275275e+00	2.4056899999999999e-02
3.7375375375375377e+00	2.4133900000000000e-02
3.7375475475475479e+00	2.4211600000000000e-02
3.7375575575575577e+00	2.4290099999999998e-02
3.7375675675675679e+00	2.4369399999999999e-02
3.7375775775775777e+00	2.4449400000000000e-02
3.7375875875875879e+00	2.4530199999999999e-02
3.7375975975975977e+00	2.4611800000000000e-02
3.7376076076076079e+00	2.4694299999999999e-02
3.7376176176176177e+00	2.4777500000000001e-02
3.7376276276276279e+00	2.4861700000000000e-02
3.7376376376376377e+00	2.4946699999999999e-02
3.7376476476476479e+00	2.5032499999999999e-02
3.7376576576576577e+00	2.5119300000000001e-02
3.7376676676676679e+00	2.5207000000000000e-02
3.7376776776776777e+00	2.5295600000000001e-02
3.7376876876876879e+00	2.5385200000000000e-02
3.7376976976976977e+00	2.5475800000000000e-02
3.7377077077077079e+00	2.5567300000000001e-02
3.7377177177177177e+00	2.5659800000000000e-02
3.7377277277277279e+00	2.5753399999999999e-02
3.7377377377377381e+00	2.5847999999999999e-02
3.7377477477477479e+00	2.5943700000000000e-02
3.7377577577577581e+00	2.6040500000000001e-02
3.7377677677677679e+00	2.6138399999999999e-02
3.7377777777777781e+00	2.6237400000000001e-02
3.7377877877877879e+00	2.6337599999999999e-02
3.7377977977977981e+00	2.6438900000000001e-02
3.7378078078078079e+00	2.6541499999999999e-02
3.7378178178178181e+00	2.6645300000000000e-02
3.7378278278278279e+00	2.6750300000000001e-02
3.7378378378378381e+00	2.6856600000000001e-02
3.7378478478478478e+00	2.6964200000000001e-02
3.7378578578578581e+00	2.7073199999999999e-02
3.7378678678678678e+00	2.7183499999999999e-02
3.7378778778778781e+00	2.7295199999999999e-02
3.7378878878878878e+00	2.7408300000000000e-02
3.7378978978978981e+00	2.7522800000000000e-02
3.7379079079079083e+00	2.7638900000000001e-02
3.7379179179179181e+00	2.7756500000000000e-02
3.7379279279279283e+00	2.7875600000000000e-02
3.7379379379379380e+00	2.7996299999999998e-02
3.7379479479479483e+00	2.8118600000000001e-02
3.7379579579579580e+00	2.8242500000000000e-02
3.7379679679679683e+00	2.8368200000000000e-02
3.7379779779779780e+00	2.8495599999999999e-02
3.7379879879879883e+00	2.8624799999999999e-02
3.7379979979979980e+00	2.8755699999999999e-02
3.7380080080080083e+00	2.8888500000000001e-02
3.7380180180180180e+00	2.9023299999999998e-02
3.7380280280280282e+00	2.9159899999999999e-02
3.7380380380380380e+00	2.9298600000000001e-02
3.7380480480480482e+00	2.9439300000000002e-02
3.7380580580580580e+00	2.9582000000000001e-02
3.7380680680680682e+00	2.9727000000000000e-02
3.7380780780780785e+00	2.9874100000000001e-02
3.7380880880880882e+00	3.0023399999999999e-02
3.7380980980980985e+00	3.0175100000000000e-02
3.7381081081081082e+00	3.0329100000000001e-02
3.7381181181181184e+00	3.0485499999999999e-02
3.7381281281281282e+00	3.0644399999999999e-02
3.7381381381381384e+00	3.0805800000000001e-02
3.7381481481481482e+00	3.0969900000000002e-02
3.7381581581581584e+00	3.1136600000000000e-02
3.7381681681681682e+00	3.1306100000000003e-02
3.7381781781781784e+00	3.1478399999999997e-02
3.7381881881881882e+00	3.1653599999999997e-02
3.7381981981981984e+00	3.1831800000000000e-02
3.7382082082082082e+00	3.2013000000000000e-02
3.7382182182182184e+00	3.2197400000000001e-02
3.7382282282282282e+00	3.2384999999999997e-02
3.7382382382382384e+00	3.2576000000000001e-02
3.7382482482482486e+00	3.2770300000000002e-02
3.7382582582582584e+00	3.2968200000000003e-02
3.7382682682682686e+00	3.3169700000000003e-02
3.7382782782782784e+00	3.3374899999999999e-02
3.7382882882882886e+00	3.3583900000000000e-02
3.7382982982982984e+00	3.3796899999999998e-02
3.7383083083083086e+00	3.4014000000000003e-02
3.7383183183183184e+00	3.4235200000000000e-02
3.7383283283283286e+00	3.4460699999999997e-02
3.7383383383383384e+00	3.4690699999999998e-02
3.7383483483483486e+00	3.4925299999999999e-02
3.7383583583583584e+00	3.5164500000000001e-02
3.7383683683683686e+00	3.5408700000000001e-02
3.7383783783783784e+00	3.5657899999999999e-02
3.7383883883883886e+00	3.5912300000000001e-02
3.7383983983983984e+00	3.6172000000000003e-02
3.7384084084084086e+00	3.6437299999999999e-02
3.7384184184184184e+00	3.6708400000000002e-02
3.7384284284284286e+00	3.6985299999999999e-02
3.7384384384384388e+00	3.7268299999999997e-02
3.7384484484484486e+00	3.7557699999999999e-02
3.7384584584584588e+00	3.7853699999999997e-02
3.7384684684684686e+00	3.8156400000000000e-02
3.7384784784784788e+00	3.8466100000000003e-02
3.7384884884884886e+00	3.8783100000000001e-02
3.7384984984984988e+00	3.9107599999999999e-02
3.7385085085085086e+00	3.9440000000000003e-02
3.7385185185185188e+00	3.9780500000000003e-02
3.7385285285285286e+00	4.0129300000000000e-02
3.7385385385385388e+00	4.0486899999999999e-02
3.7385485485485486e+00	4.0853500000000001e-02
3.7385585585585588e+00	4.1229599999999998e-02
3.7385685685685686e+00	4.1615399999999997e-02
3.7385785785785788e+00	4.2011500000000000e-02
3.7385885885885886e+00	4.2417999999999997e-02
3.7385985985985988e+00	4.2835699999999997e-02
3.7386086086086090e+00	4.3264700000000003e-02
3.7386186186186188e+00	4.3705800000000003e-02
3.7386286286286290e+00	4.4159200000000003e-02
3.7386386386386388e+00	4.4625699999999997e-02
3.7386486486486490e+00	4.5105699999999999e-02
3.7386586586586588e+00	4.5599899999999999e-02
3.7386686686686690e+00	4.6108900000000001e-02
3.7386786786786788e+00	4.6633300000000003e-02
3.7386886886886890e+00	4.7173899999999998e-02
3.7386986986986988e+00	4.7731299999999997e-02
3.7387087087087090e+00	4.8306500000000002e-02
3.7387187187187187e+00	4.8900300000000001e-02
3.7387287287287290e+00	4.9513500000000002e-02
3.7387387387387387e+00	5.0147200000000003e-02
3.7387487487487490e+00	5.0802199999999999e-02
3.7387587587587587e+00	5.1479799999999999e-02
3.7387687687687690e+00	5.2181100000000001e-02
3.7387787787787792e+00	5.2907400000000000e-02
3.7387887887887890e+00	5.3659800000000001e-02
3.7387987987987992e+00	5.4440000000000002e-02
3.7388088088088089e+00	5.5249300000000001e-02
3.7388188188188192e+00	5.6089500000000000e-02
3.7388288288288289e+00	5.6962199999999998e-02
3.7388388388388392e+00	5.7869400000000001e-02
3.7388488488488489e+00	5.8812999999999997e-02
3.7388588588588592e+00	5.9795300000000003e-02
3.7388688688688689e+00	6.0818499999999998e-02
3.7388788788788792e+00	6.1885299999999997e-02
3.7388888888888889e+00	6.2998399999999996e-02
3.7388988988988991e+00	6.4160599999999998e-02
3.7389089089089089e+00	6.5375299999999997e-02
3.7389189189189191e+00	6.6645999999999997e-02
3.7389289289289289e+00	6.7976300000000003e-02
3.7389389389389391e+00	6.9370600000000004e-02
3.7389489489489494e+00	7.0833199999999999e-02
3.7389589589589591e+00	7.2369100000000006e-02
3.7389689689689694e+00	7.3983699999999999e-02
3.7389789789789791e+00	7.5682899999999997e-02
3.7389889889889893e+00	7.7473200000000006e-02
3.7389989989989991e+00	7.9361699999999993e-02
3.7390090090090093e+00	8.1356399999999995e-02
3.7390190190190191e+00	8.3465899999999996e-02
3.7390290290290293e+00	8.5699899999999996e-02
3.7390390390390391e+00	8.8068999999999995e-02
3.7390490490490493e+00	9.0585100000000002e-02
3.7390590590590591e+00	9.3261600000000000e-02
3.7390690690690693e+00	9.6113100000000007e-02
3.7390790790790791e+00	9.9156400000000006e-02
3.7390890890890893e+00	1.0241000000000000e-01
3.7390990990990991e+00	1.0589500000000000e-01
3.7391091091091093e+00	1.0963500000000000e-01
3.7391191191191191e+00	1.1365699999999999e-01
3.7391291291291293e+00	1.1799200000000000e-01
3.7391391391391395e+00	1.2267400000000001e-01
3.7391491491491493e+00	1.2774300000000000e-01
3.7391591591591595e+00	1.3324500000000000e-01
3.7391691691691693e+00	1.3923300000000000e-01
3.7391791791791795e+00	1.4576700000000001e-01
3.7391891891891893e+00	1.5291800000000000e-01
3.7391991991991995e+00	1.6076900000000000e-01
3.7392092092092093e+00	1.6941600000000001e-01
3.7392192192192195e+00	1.7897099999999999e-01
3.7392292292292293e+00	1.8956899999999999e-01
3.7392392392392395e+00	2.0136599999999999e-01
3.7392492492492493e+00	2.1454899999999999e-01
3.7392592592592595e+00	2.2934099999999999e-01
3.7392692692692693e+00	2.4600600000000000e-01
3.7392792792792795e+00	2.6486300000000002e-01
3.7392892892892893e+00	2.8628999999999999e-01
3.7392992992992995e+00	3.1073600000000001e-01
3.7393093093093097e+00	3.3873700000000001e-01
3.7393193193193195e+00	3.7091499999999999e-01
3.7393293293293297e+00	4.0798299999999998e-01
3.7393393393393395e+00	4.5072499999999999e-01
3.7393493493493497e+00	4.9993900000000002e-01
3.7393593593593595e+00	5.5631399999999998e-01
3.7393693693693697e+00	6.2019500000000005e-01
3.7393793793793795e+00	6.9116200000000005e-01
3.7393893893893897e+00	7.6737999999999995e-01
3.7393993993993995e+00	8.4474099999999996e-01
3.7394094094094097e+00	9.1608599999999996e-01
3.7394194194194195e+00	9.7120799999999996e-01
3.7394294294294297e+00	9.9863000000000002e-01
3.7394394394394395e+00	9.8949900000000002e-01
3.7394494494494497e+00	9.4193899999999997e-01
3.7394594594594595e+00	8.6264200000000002e-01
3.7394694694694697e+00	7.6410500000000003e-01
3.7394794794794799e+00	6.5958899999999998e-01
3.7394894894894897e+00	5.5926399999999998e-01
3.7394994994994999e+00	4.6900599999999998e-01
3.7395095095095097e+00	3.9109800000000000e-01
3.7395195195195199e+00	3.2553599999999999e-01
3.7395295295295297e+00	2.7116099999999999e-01
3.7395395395395399e+00	2.2639000000000001e-01
3.7395495495495497e+00	1.8962000000000001e-01
3.7395595595595599e+00	1.5940499999999999e-01
3.7395695695695697e+00	1.3451399999999999e-01
3.7395795795795799e+00	1.1393600000000000e-01
3.7395895895895896e+00	9.6851699999999999e-02
3.7395995995995999e+00	8.2602599999999998e-02
3.7396096096096096e+00	7.0663599999999993e-02
3.7396196196196199e+00	6.0614399999999999e-02
3.7396296296296296e+00	5.2118800000000000e-02
3.7396396396396399e+00	4.4906399999999999e-02
3.7396496496496501e+00	3.8759299999999997e-02
3.7396596596596599e+00	3.3501000000000003e-02
3.7396696696696701e+00	2.8987700000000002e-02
3.7396796796796798e+00	2.5101900000000000e-02
3.7396896896896901e+00	2.1746700000000001e-02
3.7396996996996998e+00	1.8842500000000002e-02
3.7397097097097101e+00	1.6322900000000001e-02
3.7397197197197198e+00	1.4132600000000000e-02
3.7397297297297301e+00	1.2225400000000001e-02
3.7397397397397398e+00	1.0562300000000000e-02
3.7397497497497501e+00	9.1103799999999995e-03
3.7397597597597598e+00	7.8418499999999992e-03
3.7397697697697700e+00	6.7329000000000000e-03
3.7397797797797798e+00	5.7632600000000001e-03
3.7397897897897900e+00	4.9155400000000004e-03
3.7397997997997998e+00	4.1747700000000004e-03
3.7398098098098100e+00	3.5280600000000000e-03
3.7398198198198198e+00	2.9642200000000000e-03
3.7398298298298300e+00	2.4735700000000000e-03
3.7398398398398403e+00	2.0476600000000002e-03
3.7398498498498500e+00	1.6791200000000001e-03
3.7398598598598602e+00	1.3615200000000000e-03
3.7398698698698700e+00	1.0891900000000001e-03
3.7398798798798802e+00	8.5718600000000002e-04
3.7398898898898900e+00	6.6111399999999997e-04
3.7398998998999002e+00	4.9711600000000003e-04
3.7399099099099100e+00	3.6177600000000001e-04
3.7399199199199202e+00	2.5206600000000001e-04
3.7399299299299300e+00	1.6529600000000000e-04
3.7399399399399402e+00	9.9075900000000005e-05
3.7399499499499500e+00	5.1276200000000002e-05
3.7399599599599602e+00	1.9996100000000000e-05
3.7399699699699700e+00	3.5375300000000000e-06
3.7399799799799802e+00	3.8091300000000002e-07
3.7399899899899900e+00	9.1645300000000005e-06
3.7400000000000002e+00	2.8666600000000001e-05
