3.7300000000000000e+00	9.1602300000000001e-03
3.7300100100100102e+00	9.1800100000000006e-03
3.7300200200200200e+00	9.1998300000000009e-03
3.7300300300300302e+00	9.2197000000000008e-03
3.7300400400400400e+00	9.2396200000000005e-03
3.7300500500500502e+00	9.2595899999999998e-03
3.7300600600600600e+00	9.2796100000000006e-03
3.7300700700700702e+00	9.2996799999999994e-03
3.7300800800800800e+00	9.3197999999999996e-03
3.7300900900900902e+00	9.3399699999999995e-03
3.7301001001001000e+00	9.3601899999999991e-03
3.7301101101101102e+00	9.3804700000000001e-03
3.7301201201201200e+00	9.4007899999999991e-03
3.7301301301301302e+00	9.4211699999999995e-03
3.7301401401401399e+00	9.4415999999999996e-03
3.7301501501501502e+00	9.4620799999999994e-03
3.7301601601601599e+00	9.4826200000000006e-03
3.7301701701701702e+00	9.5032099999999998e-03
3.7301801801801804e+00	9.5238600000000003e-03
3.7301901901901902e+00	9.5445600000000005e-03
3.7302002002002004e+00	9.5653200000000004e-03
3.7302102102102102e+00	9.5861300000000000e-03
3.7302202202202204e+00	9.6069999999999992e-03
3.7302302302302301e+00	9.6279199999999999e-03
3.7302402402402404e+00	9.6489000000000002e-03
3.7302502502502501e+00	9.6699400000000001e-03
3.7302602602602604e+00	9.6910399999999997e-03
3.7302702702702701e+00	9.7121900000000008e-03
3.7302802802802804e+00	9.7333999999999997e-03
3.7302902902902901e+00	9.7546700000000000e-03
3.7303003003003004e+00	9.7760099999999999e-03
3.7303103103103101e+00	9.7973999999999995e-03
3.7303203203203203e+00	9.8188500000000005e-03
3.7303303303303301e+00	9.8403599999999994e-03
3.7303403403403403e+00	9.8619399999999996e-03
3.7303503503503501e+00	9.8835799999999994e-03
3.7303603603603603e+00	9.9052800000000007e-03
3.7303703703703706e+00	9.9270399999999998e-03
3.7303803803803803e+00	9.9488600000000003e-03
3.7303903903903906e+00	9.9707500000000004e-03
3.7304004004004003e+00	9.9927100000000001e-03
3.7304104104104105e+00	1.0014700000000000e-02
3.7304204204204203e+00	1.0036800000000000e-02
3.7304304304304305e+00	1.0059000000000000e-02
3.7304404404404403e+00	1.0081200000000000e-02
3.7304504504504505e+00	1.0103500000000000e-02
3.7304604604604603e+00	1.0125800000000001e-02
3.7304704704704705e+00	1.0148200000000000e-02
3.7304804804804803e+00	1.0170700000000000e-02
3.7304904904904905e+00	1.0193300000000001e-02
3.7305005005005003e+00	1.0215900000000000e-02
3.7305105105105105e+00	1.0238600000000000e-02
3.7305205205205203e+00	1.0261400000000000e-02
3.7305305305305305e+00	1.0284300000000000e-02
3.7305405405405407e+00	1.0307200000000001e-02
3.7305505505505505e+00	1.0330199999999999e-02
3.7305605605605607e+00	1.0353200000000000e-02
3.7305705705705705e+00	1.0376399999999999e-02
3.7305805805805807e+00	1.0399600000000000e-02
3.7305905905905905e+00	1.0422900000000001e-02
3.7306006006006007e+00	1.0446300000000000e-02
3.7306106106106105e+00	1.0469700000000000e-02
3.7306206206206207e+00	1.0493199999999999e-02
3.7306306306306305e+00	1.0516800000000000e-02
3.7306406406406407e+00	1.0540500000000000e-02
3.7306506506506505e+00	1.0564300000000000e-02
3.7306606606606607e+00	1.0588100000000000e-02
3.7306706706706705e+00	1.0612099999999999e-02
3.7306806806806807e+00	1.0636100000000001e-02
3.7306906906906905e+00	1.0660200000000000e-02
3.7307007007007007e+00	1.0684300000000001e-02
3.7307107107107109e+00	1.0708600000000000e-02
3.7307207207207207e+00	1.0732999999999999e-02
3.7307307307307309e+00	1.0757400000000000e-02
3.7307407407407407e+00	1.0781900000000001e-02
3.7307507507507509e+00	1.0806500000000000e-02
3.7307607607607607e+00	1.0831199999999999e-02
3.7307707707707709e+00	1.0855999999999999e-02
3.7307807807807807e+00	1.0880900000000001e-02
3.7307907907907909e+00	1.0905900000000000e-02
3.7308008008008007e+00	1.0931000000000000e-02
3.7308108108108109e+00	1.0956100000000000e-02
3.7308208208208207e+00	1.0981400000000001e-02
3.7308308308308309e+00	1.1006699999999999e-02
3.7308408408408407e+00	1.1032200000000001e-02
3.7308508508508509e+00	1.1057700000000000e-02
3.7308608608608607e+00	1.1083400000000000e-02
3.7308708708708709e+00	1.1109100000000000e-02
3.7308808808808811e+00	1.1134900000000000e-02
3.7308908908908909e+00	1.1160900000000000e-02
3.7309009009009011e+00	1.1186900000000000e-02
3.7309109109109109e+00	1.1213100000000000e-02
3.7309209209209211e+00	1.1239400000000000e-02
3.7309309309309309e+00	1.1265700000000000e-02
3.7309409409409411e+00	1.1292200000000001e-02
3.7309509509509509e+00	1.1318800000000000e-02
3.7309609609609611e+00	1.1345500000000000e-02
3.7309709709709709e+00	1.1372300000000000e-02
3.7309809809809811e+00	1.1399200000000000e-02
3.7309909909909909e+00	1.1426199999999999e-02
3.7310010010010011e+00	1.1453300000000000e-02
3.7310110110110108e+00	1.1480600000000001e-02
3.7310210210210211e+00	1.1507900000000000e-02
3.7310310310310308e+00	1.1535399999999999e-02
3.7310410410410411e+00	1.1563000000000000e-02
3.7310510510510508e+00	1.1590800000000000e-02
3.7310610610610611e+00	1.1618600000000000e-02
3.7310710710710713e+00	1.1646600000000000e-02
3.7310810810810811e+00	1.1674700000000000e-02
3.7310910910910913e+00	1.1702900000000000e-02
3.7311011011011010e+00	1.1731300000000000e-02
3.7311111111111113e+00	1.1759700000000000e-02
3.7311211211211210e+00	1.1788399999999999e-02
3.7311311311311313e+00	1.1817100000000001e-02
3.7311411411411410e+00	1.1846000000000001e-02
3.7311511511511513e+00	1.1875000000000000e-02
3.7311611611611610e+00	1.1904100000000001e-02
3.7311711711711713e+00	1.1933400000000000e-02
3.7311811811811810e+00	1.1962900000000000e-02
3.7311911911911912e+00	1.1992400000000000e-02
3.7312012012012010e+00	1.2022100000000001e-02
3.7312112112112112e+00	1.2052000000000000e-02
3.7312212212212210e+00	1.2082000000000001e-02
3.7312312312312312e+00	1.2112200000000000e-02
3.7312412412412415e+00	1.2142500000000001e-02
3.7312512512512512e+00	1.2172900000000000e-02
3.7312612612612615e+00	1.2203500000000001e-02
3.7312712712712712e+00	1.2234300000000000e-02
3.7312812812812814e+00	1.2265200000000000e-02
3.7312912912912912e+00	1.2296300000000000e-02
3.7313013013013014e+00	1.2327599999999999e-02
3.7313113113113112e+00	1.2359000000000000e-02
3.7313213213213214e+00	1.2390600000000000e-02
3.7313313313313312e+00	1.2422300000000001e-02
3.7313413413413414e+00	1.2454300000000000e-02
3.7313513513513512e+00	1.2486300000000001e-02
3.7313613613613614e+00	1.2518600000000000e-02
3.7313713713713712e+00	1.2551100000000001e-02
3.7313813813813814e+00	1.2583700000000000e-02
3.7313913913913912e+00	1.2616499999999999e-02
3.7314014014014014e+00	1.2649499999999999e-02
3.7314114114114116e+00	1.2682700000000000e-02
3.7314214214214214e+00	1.2716000000000000e-02
3.7314314314314316e+00	1.2749600000000000e-02
3.7314414414414414e+00	1.2783400000000000e-02
3.7314514514514516e+00	1.2817300000000000e-02
3.7314614614614614e+00	1.2851500000000000e-02
3.7314714714714716e+00	1.2885799999999999e-02
3.7314814814814814e+00	1.2920400000000000e-02
3.7314914914914916e+00	1.2955200000000000e-02
3.7315015015015014e+00	1.2990200000000000e-02
3.7315115115115116e+00	1.3025399999999999e-02
3.7315215215215214e+00	1.3060799999999999e-02
3.7315315315315316e+00	1.3096399999999999e-02
3.7315415415415414e+00	1.3132300000000000e-02
3.7315515515515516e+00	1.3168400000000000e-02
3.7315615615615614e+00	1.3204700000000000e-02
3.7315715715715716e+00	1.3241299999999999e-02
3.7315815815815818e+00	1.3278099999999999e-02
3.7315915915915916e+00	1.3315100000000000e-02
3.7316016016016018e+00	1.3352400000000000e-02
3.7316116116116116e+00	1.3390000000000001e-02
3.7316216216216218e+00	1.3427700000000001e-02
3.7316316316316316e+00	1.3465800000000000e-02
3.7316416416416418e+00	1.3504100000000000e-02
3.7316516516516516e+00	1.3542700000000000e-02
3.7316616616616618e+00	1.3581500000000000e-02
3.7316716716716716e+00	1.3620600000000000e-02
3.7316816816816818e+00	1.3660000000000000e-02
3.7316916916916916e+00	1.3699599999999999e-02
3.7317017017017018e+00	1.3739599999999999e-02
3.7317117117117116e+00	1.3779800000000000e-02
3.7317217217217218e+00	1.3820400000000000e-02
3.7317317317317316e+00	1.3861200000000001e-02
3.7317417417417418e+00	1.3902400000000001e-02
3.7317517517517516e+00	1.3943799999999999e-02
3.7317617617617618e+00	1.3985600000000001e-02
3.7317717717717720e+00	1.4027700000000001e-02
3.7317817817817818e+00	1.4070100000000000e-02
3.7317917917917920e+00	1.4112800000000000e-02
3.7318018018018018e+00	1.4155900000000001e-02
3.7318118118118120e+00	1.4199300000000000e-02
3.7318218218218218e+00	1.4243100000000000e-02
3.7318318318318320e+00	1.4287200000000000e-02
3.7318418418418418e+00	1.4331699999999999e-02
3.7318518518518520e+00	1.4376500000000000e-02
3.7318618618618618e+00	1.4421700000000001e-02
3.7318718718718720e+00	1.4467300000000001e-02
3.7318818818818817e+00	1.4513300000000000e-02
3.7318918918918920e+00	1.4559700000000000e-02
3.7319019019019017e+00	1.4606500000000000e-02
3.7319119119119120e+00	1.4653700000000000e-02
3.7319219219219217e+00	1.4701300000000000e-02
3.7319319319319320e+00	1.4749300000000000e-02
3.7319419419419422e+00	1.4797800000000000e-02
3.7319519519519520e+00	1.4846699999999999e-02
3.7319619619619622e+00	1.4896000000000000e-02
3.7319719719719719e+00	1.4945800000000000e-02
3.7319819819819822e+00	1.4996000000000001e-02
3.7319919919919919e+00	1.5046800000000001e-02
3.7320020020020022e+00	1.5098000000000000e-02
3.7320120120120119e+00	1.5149700000000000e-02
3.7320220220220222e+00	1.5201900000000001e-02
3.7320320320320319e+00	1.5254600000000000e-02
3.7320420420420422e+00	1.5307800000000000e-02
3.7320520520520519e+00	1.5361600000000000e-02
3.7320620620620621e+00	1.5415900000000000e-02
3.7320720720720719e+00	1.5470800000000000e-02
3.7320820820820821e+00	1.5526200000000000e-02
3.7320920920920919e+00	1.5582199999999999e-02
3.7321021021021021e+00	1.5638800000000001e-02
3.7321121121121124e+00	1.5696000000000002e-02
3.7321221221221221e+00	1.5753799999999998e-02
3.7321321321321324e+00	1.5812199999999998e-02
3.7321421421421421e+00	1.5871300000000001e-02
3.7321521521521523e+00	1.5931000000000001e-02
3.7321621621621621e+00	1.5991399999999999e-02
3.7321721721721723e+00	1.6052400000000001e-02
3.7321821821821821e+00	1.6114199999999999e-02
3.7321921921921923e+00	1.6176699999999999e-02
3.7322022022022021e+00	1.6239900000000002e-02
3.7322122122122123e+00	1.6303800000000000e-02
3.7322222222222221e+00	1.6368500000000001e-02
3.7322322322322323e+00	1.6434000000000001e-02
3.7322422422422421e+00	1.6500299999999999e-02
3.7322522522522523e+00	1.6567399999999999e-02
3.7322622622622621e+00	1.6635400000000002e-02
3.7322722722722723e+00	1.6704100000000000e-02
3.7322822822822825e+00	1.6773799999999998e-02
3.7322922922922923e+00	1.6844399999999999e-02
3.7323023023023025e+00	1.6915900000000001e-02
3.7323123123123123e+00	1.6988300000000001e-02
3.7323223223223225e+00	1.7061699999999999e-02
3.7323323323323323e+00	1.7135999999999998e-02
3.7323423423423425e+00	1.7211400000000002e-02
3.7323523523523523e+00	1.7287799999999999e-02
3.7323623623623625e+00	1.7365300000000000e-02
3.7323723723723723e+00	1.7443899999999998e-02
3.7323823823823825e+00	1.7523600000000000e-02
3.7323923923923923e+00	1.7604499999999999e-02
3.7324024024024025e+00	1.7686500000000001e-02
3.7324124124124123e+00	1.7769699999999999e-02
3.7324224224224225e+00	1.7854200000000001e-02
3.7324324324324323e+00	1.7940000000000001e-02
3.7324424424424425e+00	1.8027100000000001e-02
3.7324524524524523e+00	1.8115500000000000e-02
3.7324624624624625e+00	1.8205400000000000e-02
3.7324724724724727e+00	1.8296600000000000e-02
3.7324824824824825e+00	1.8389400000000000e-02
3.7324924924924927e+00	1.8483599999999999e-02
3.7325025025025025e+00	1.8579399999999999e-02
3.7325125125125127e+00	1.8676800000000000e-02
3.7325225225225225e+00	1.8775799999999999e-02
3.7325325325325327e+00	1.8876600000000000e-02
3.7325425425425425e+00	1.8979099999999999e-02
3.7325525525525527e+00	1.9083400000000000e-02
3.7325625625625625e+00	1.9189600000000001e-02
3.7325725725725727e+00	1.9297700000000001e-02
3.7325825825825825e+00	1.9407700000000000e-02
3.7325925925925927e+00	1.9519800000000000e-02
3.7326026026026025e+00	1.9634100000000002e-02
3.7326126126126127e+00	1.9750500000000001e-02
3.7326226226226225e+00	1.9869100000000001e-02
3.7326326326326327e+00	1.9990100000000000e-02
3.7326426426426429e+00	2.0113499999999999e-02
3.7326526526526527e+00	2.0239400000000001e-02
3.7326626626626629e+00	2.0367799999999998e-02
3.7326726726726727e+00	2.0498900000000000e-02
3.7326826826826829e+00	2.0632800000000000e-02
3.7326926926926927e+00	2.0769500000000000e-02
3.7327027027027029e+00	2.0909199999999999e-02
3.7327127127127127e+00	2.1052000000000001e-02
3.7327227227227229e+00	2.1197899999999999e-02
3.7327327327327327e+00	2.1347200000000000e-02
3.7327427427427429e+00	2.1499899999999999e-02
3.7327527527527526e+00	2.1656100000000001e-02
3.7327627627627629e+00	2.1816100000000001e-02
3.7327727727727726e+00	2.1979900000000000e-02
3.7327827827827829e+00	2.2147699999999999e-02
3.7327927927927926e+00	2.2319700000000001e-02
3.7328028028028029e+00	2.2495999999999999e-02
3.7328128128128131e+00	2.2676800000000000e-02
3.7328228228228229e+00	2.2862299999999999e-02
3.7328328328328331e+00	2.3052799999999998e-02
3.7328428428428428e+00	2.3248399999999999e-02
3.7328528528528531e+00	2.3449299999999999e-02
3.7328628628628628e+00	2.3655800000000001e-02
3.7328728728728731e+00	2.3868199999999999e-02
3.7328828828828828e+00	2.4086699999999999e-02
3.7328928928928931e+00	2.4311599999999999e-02
3.7329029029029028e+00	2.4543100000000002e-02
3.7329129129129131e+00	2.4781800000000000e-02
3.7329229229229228e+00	2.5027799999999999e-02
3.7329329329329330e+00	2.5281499999999998e-02
3.7329429429429428e+00	2.5543400000000001e-02
3.7329529529529530e+00	2.5813800000000001e-02
3.7329629629629628e+00	2.6093300000000000e-02
3.7329729729729730e+00	2.6382200000000001e-02
3.7329829829829833e+00	2.6681099999999999e-02
3.7329929929929930e+00	2.6990500000000001e-02
3.7330030030030033e+00	2.7311100000000001e-02
3.7330130130130130e+00	2.7643399999999999e-02
3.7330230230230232e+00	2.7988200000000001e-02
3.7330330330330330e+00	2.8346199999999998e-02
3.7330430430430432e+00	2.8718199999999999e-02
3.7330530530530530e+00	2.9104999999999999e-02
3.7330630630630632e+00	2.9507499999999999e-02
3.7330730730730730e+00	2.9926899999999999e-02
3.7330830830830832e+00	3.0364100000000002e-02
3.7330930930930930e+00	3.0820400000000001e-02
3.7331031031031032e+00	3.1296999999999998e-02
3.7331131131131130e+00	3.1795400000000001e-02
3.7331231231231232e+00	3.2317100000000001e-02
3.7331331331331330e+00	3.2863799999999999e-02
3.7331431431431432e+00	3.3437399999999999e-02
3.7331531531531530e+00	3.4039800000000002e-02
3.7331631631631632e+00	3.4673400000000000e-02
3.7331731731731734e+00	3.5340600000000000e-02
3.7331831831831832e+00	3.6044100000000003e-02
3.7331931931931934e+00	3.6787100000000003e-02
3.7332032032032032e+00	3.7572800000000003e-02
3.7332132132132134e+00	3.8405099999999998e-02
3.7332232232232232e+00	3.9288200000000002e-02
3.7332332332332334e+00	4.0226699999999997e-02
3.7332432432432432e+00	4.1226100000000002e-02
3.7332532532532534e+00	4.2292200000000002e-02
3.7332632632632632e+00	4.3431999999999998e-02
3.7332732732732734e+00	4.4653100000000001e-02
3.7332832832832832e+00	4.5964199999999997e-02
3.7332932932932934e+00	4.7375500000000001e-02
3.7333033033033032e+00	4.8898600000000000e-02
3.7333133133133134e+00	5.0546800000000003e-02
3.7333233233233232e+00	5.2335500000000000e-02
3.7333333333333334e+00	5.4282900000000002e-02
3.7333433433433436e+00	5.6410200000000001e-02
3.7333533533533534e+00	5.8742299999999997e-02
3.7333633633633636e+00	6.1308900000000000e-02
3.7333733733733734e+00	6.4145300000000002e-02
3.7333833833833836e+00	6.7294000000000007e-02
3.7333933933933934e+00	7.0806599999999997e-02
3.7334034034034036e+00	7.4745900000000004e-02
3.7334134134134134e+00	7.9189499999999996e-02
3.7334234234234236e+00	8.4233600000000006e-02
3.7334334334334334e+00	8.9999399999999993e-02
3.7334434434434436e+00	9.6640699999999996e-02
3.7334534534534534e+00	1.0435500000000000e-01
3.7334634634634636e+00	1.1340000000000000e-01
3.7334734734734734e+00	1.2411600000000000e-01
3.7334834834834836e+00	1.3696000000000000e-01
3.7334934934934934e+00	1.5255299999999999e-01
3.7335035035035036e+00	1.7176000000000000e-01
3.7335135135135138e+00	1.9579900000000000e-01
3.7335235235235236e+00	2.2642100000000001e-01
3.7335335335335338e+00	2.6617200000000002e-01
3.7335435435435436e+00	3.1877600000000000e-01
3.7335535535535538e+00	3.8957999999999998e-01
3.7335635635635636e+00	4.8569800000000002e-01
3.7335735735735738e+00	6.1424299999999998e-01
3.7335835835835836e+00	7.7376299999999998e-01
3.7335935935935938e+00	9.3101100000000003e-01
3.7336036036036035e+00	9.9978000000000000e-01
3.7336136136136138e+00	9.0579500000000002e-01
3.7336236236236235e+00	7.0100200000000001e-01
3.7336336336336338e+00	4.9533700000000003e-01
3.7336436436436435e+00	3.3959800000000001e-01
3.7336536536536538e+00	2.3341400000000001e-01
3.7336636636636635e+00	1.6288800000000001e-01
3.7336736736736738e+00	1.1575000000000001e-01
3.7336836836836835e+00	8.3667300000000000e-02
3.7336936936936937e+00	6.1366999999999998e-02
3.7337037037037040e+00	4.5545299999999997e-02
3.7337137137137137e+00	3.4110099999999997e-02
3.7337237237237240e+00	2.5710799999999999e-02
3.7337337337337337e+00	1.9456100000000000e-02
3.7337437437437440e+00	1.4745100000000001e-02
3.7337537537537537e+00	1.1164300000000000e-02
3.7337637637637640e+00	8.4234700000000006e-03
3.7337737737737737e+00	6.3153599999999999e-03
3.7337837837837839e+00	4.6896500000000001e-03
3.7337937937937937e+00	3.4356500000000002e-03
3.7338038038038039e+00	2.4707900000000001e-03
3.7338138138138137e+00	1.7327200000000001e-03
3.7338238238238239e+00	1.1738400000000000e-03
3.7338338338338337e+00	7.5744899999999999e-04
3.7338438438438439e+00	4.5500299999999999e-04
3.7338538538538537e+00	2.4409599999999999e-04
3.7338638638638639e+00	1.0702200000000001e-04
3.7338738738738741e+00	2.9685699999999999e-05
3.7338838838838839e+00	7.9752400000000001e-07
3.7338938938938941e+00	1.1263199999999999e-05
3.7339039039039039e+00	5.3718299999999997e-05
3.7339139139139141e+00	1.2217099999999999e-04
3.7339239239239239e+00	2.1172500000000001e-04
3.7339339339339341e+00	3.1836499999999998e-04
3.7339439439439439e+00	4.3878599999999998e-04
3.7339539539539541e+00	5.7025800000000003e-04
3.7339639639639639e+00	7.1052500000000005e-04
3.7339739739739741e+00	8.5771199999999995e-04
3.7339839839839839e+00	1.0102600000000000e-03
3.7339939939939941e+00	1.1668799999999999e-03
3.7340040040040039e+00	1.3264900000000000e-03
3.7340140140140141e+00	1.4881899999999999e-03
3.7340240240240239e+00	1.6512199999999999e-03
3.7340340340340341e+00	1.8149700000000000e-03
3.7340440440440443e+00	1.9789199999999999e-03
3.7340540540540541e+00	2.1426200000000000e-03
3.7340640640640643e+00	2.3057300000000002e-03
3.7340740740740741e+00	2.4679500000000000e-03
3.7340840840840843e+00	2.6290300000000001e-03
3.7340940940940941e+00	2.7887799999999998e-03
3.7341041041041043e+00	2.9470299999999998e-03
3.7341141141141141e+00	3.1036499999999999e-03
3.7341241241241243e+00	3.2585399999999999e-03
3.7341341341341341e+00	3.4116300000000001e-03
3.7341441441441443e+00	3.5628499999999998e-03
3.7341541541541541e+00	3.7121500000000000e-03
3.7341641641641643e+00	3.8595200000000000e-03
3.7341741741741741e+00	4.0049200000000004e-03
3.7341841841841843e+00	4.1483500000000003e-03
3.7341941941941941e+00	4.2898099999999998e-03
3.7342042042042043e+00	4.4293099999999997e-03
3.7342142142142145e+00	4.5668599999999998e-03
3.7342242242242243e+00	4.7024800000000002e-03
3.7342342342342345e+00	4.8361899999999998e-03
3.7342442442442443e+00	4.9680100000000001e-03
3.7342542542542545e+00	5.0979800000000002e-03
3.7342642642642643e+00	5.2261199999999999e-03
3.7342742742742745e+00	5.3524599999999999e-03
3.7342842842842843e+00	5.4770499999999998e-03
3.7342942942942945e+00	5.5998999999999997e-03
3.7343043043043043e+00	5.7210700000000000e-03
3.7343143143143145e+00	5.8405699999999998e-03
3.7343243243243243e+00	5.9584599999999996e-03
3.7343343343343345e+00	6.0747700000000002e-03
3.7343443443443443e+00	6.1895199999999996e-03
3.7343543543543545e+00	6.3027700000000001e-03
3.7343643643643643e+00	6.4145399999999998e-03
3.7343743743743745e+00	6.5248700000000003e-03
3.7343843843843842e+00	6.6337899999999997e-03
3.7343943943943945e+00	6.7413500000000001e-03
3.7344044044044047e+00	6.8475699999999999e-03
3.7344144144144145e+00	6.9524799999999996e-03
3.7344244244244247e+00	7.0561299999999999e-03
3.7344344344344345e+00	7.1585399999999997e-03
3.7344444444444447e+00	7.2597499999999997e-03
3.7344544544544545e+00	7.3597799999999998e-03
3.7344644644644647e+00	7.4586699999999997e-03
3.7344744744744744e+00	7.5564500000000001e-03
3.7344844844844847e+00	7.6531400000000001e-03
3.7344944944944944e+00	7.7487800000000003e-03
3.7345045045045047e+00	7.8433900000000004e-03
3.7345145145145144e+00	7.9370099999999996e-03
3.7345245245245247e+00	8.0296499999999993e-03
3.7345345345345344e+00	8.1213399999999995e-03
3.7345445445445447e+00	8.2121199999999998e-03
3.7345545545545544e+00	8.3020000000000004e-03
3.7345645645645646e+00	8.3910100000000008e-03
3.7345745745745749e+00	8.4791699999999994e-03
3.7345845845845846e+00	8.5665099999999994e-03
3.7345945945945949e+00	8.6530500000000007e-03
3.7346046046046046e+00	8.7387999999999997e-03
3.7346146146146149e+00	8.8238099999999996e-03
3.7346246246246246e+00	8.9080700000000006e-03
3.7346346346346349e+00	8.9916200000000005e-03
3.7346446446446446e+00	9.0744699999999994e-03
3.7346546546546548e+00	9.1566500000000006e-03
3.7346646646646646e+00	9.2381700000000004e-03
3.7346746746746748e+00	9.3190600000000005e-03
3.7346846846846846e+00	9.3993199999999992e-03
3.7346946946946948e+00	9.4789799999999997e-03
3.7347047047047046e+00	9.5580600000000002e-03
3.7347147147147148e+00	9.6365800000000005e-03
3.7347247247247246e+00	9.7145400000000007e-03
3.7347347347347348e+00	9.7919700000000005e-03
3.7347447447447450e+00	9.8688800000000000e-03
3.7347547547547548e+00	9.9452900000000007e-03
3.7347647647647650e+00	1.0021199999999999e-02
3.7347747747747748e+00	1.0096700000000000e-02
3.7347847847847850e+00	1.0171700000000001e-02
3.7347947947947948e+00	1.0246200000000000e-02
3.7348048048048050e+00	1.0320299999999999e-02
3.7348148148148148e+00	1.0394100000000000e-02
3.7348248248248250e+00	1.0467400000000000e-02
3.7348348348348348e+00	1.0540300000000001e-02
3.7348448448448450e+00	1.0612800000000000e-02
3.7348548548548548e+00	1.0685000000000000e-02
3.7348648648648650e+00	1.0756900000000000e-02
3.7348748748748748e+00	1.0828400000000000e-02
3.7348848848848850e+00	1.0899499999999999e-02
3.7348948948948948e+00	1.0970400000000000e-02
3.7349049049049050e+00	1.1041000000000000e-02
3.7349149149149152e+00	1.1111200000000000e-02
3.7349249249249250e+00	1.1181200000000001e-02
3.7349349349349352e+00	1.1251000000000001e-02
3.7349449449449450e+00	1.1320400000000000e-02
3.7349549549549552e+00	1.1389600000000000e-02
3.7349649649649650e+00	1.1458599999999999e-02
3.7349749749749752e+00	1.1527400000000000e-02
3.7349849849849850e+00	1.1596000000000000e-02
3.7349949949949952e+00	1.1664300000000001e-02
3.7350050050050050e+00	1.1732500000000000e-02
3.7350150150150152e+00	1.1800400000000001e-02
3.7350250250250250e+00	1.1868200000000001e-02
3.7350350350350352e+00	1.1935800000000000e-02
3.7350450450450450e+00	1.2003300000000000e-02
3.7350550550550552e+00	1.2070600000000001e-02
3.7350650650650650e+00	1.2137800000000001e-02
3.7350750750750752e+00	1.2204899999999999e-02
3.7350850850850850e+00	1.2271799999999999e-02
3.7350950950950952e+00	1.2338699999999999e-02
3.7351051051051054e+00	1.2405400000000000e-02
3.7351151151151152e+00	1.2472100000000000e-02
3.7351251251251254e+00	1.2538600000000000e-02
3.7351351351351352e+00	1.2605099999999999e-02
3.7351451451451454e+00	1.2671500000000000e-02
3.7351551551551552e+00	1.2737900000000000e-02
3.7351651651651654e+00	1.2804200000000000e-02
3.7351751751751752e+00	1.2870500000000000e-02
3.7351851851851854e+00	1.2936700000000001e-02
3.7351951951951952e+00	1.3002900000000000e-02
3.7352052052052054e+00	1.3069100000000000e-02
3.7352152152152152e+00	1.3135300000000001e-02
3.7352252252252254e+00	1.3201600000000001e-02
3.7352352352352352e+00	1.3267800000000000e-02
3.7352452452452454e+00	1.3334000000000000e-02
3.7352552552552551e+00	1.3400199999999999e-02
3.7352652652652654e+00	1.3466499999999999e-02
3.7352752752752756e+00	1.3532900000000000e-02
3.7352852852852854e+00	1.3599300000000000e-02
3.7352952952952956e+00	1.3665699999999999e-02
3.7353053053053054e+00	1.3732200000000000e-02
3.7353153153153156e+00	1.3798800000000000e-02
3.7353253253253254e+00	1.3865499999999999e-02
3.7353353353353356e+00	1.3932200000000000e-02
3.7353453453453453e+00	1.3999100000000000e-02
3.7353553553553556e+00	1.4066100000000000e-02
3.7353653653653653e+00	1.4133200000000000e-02
3.7353753753753756e+00	1.4200400000000000e-02
3.7353853853853853e+00	1.4267699999999999e-02
3.7353953953953956e+00	1.4335199999999999e-02
3.7354054054054053e+00	1.4402900000000000e-02
3.7354154154154156e+00	1.4470700000000000e-02
3.7354254254254253e+00	1.4538600000000000e-02
3.7354354354354355e+00	1.4606800000000000e-02
3.7354454454454458e+00	1.4675100000000000e-02
3.7354554554554555e+00	1.4743600000000001e-02
3.7354654654654658e+00	1.4812300000000000e-02
3.7354754754754755e+00	1.4881300000000000e-02
3.7354854854854858e+00	1.4950400000000001e-02
3.7354954954954955e+00	1.5019800000000000e-02
3.7355055055055058e+00	1.5089399999999999e-02
3.7355155155155155e+00	1.5159300000000001e-02
3.7355255255255257e+00	1.5229400000000001e-02
3.7355355355355355e+00	1.5299800000000001e-02
3.7355455455455457e+00	1.5370500000000000e-02
3.7355555555555555e+00	1.5441399999999999e-02
3.7355655655655657e+00	1.5512700000000001e-02
3.7355755755755755e+00	1.5584199999999999e-02
3.7355855855855857e+00	1.5656099999999999e-02
3.7355955955955955e+00	1.5728200000000001e-02
3.7356056056056057e+00	1.5800800000000000e-02
3.7356156156156159e+00	1.5873600000000002e-02
3.7356256256256257e+00	1.5946800000000001e-02
3.7356356356356359e+00	1.6020400000000001e-02
3.7356456456456457e+00	1.6094399999999998e-02
3.7356556556556559e+00	1.6168700000000001e-02
3.7356656656656657e+00	1.6243500000000001e-02
3.7356756756756759e+00	1.6318599999999999e-02
3.7356856856856857e+00	1.6394200000000001e-02
3.7356956956956959e+00	1.6470200000000001e-02
3.7357057057057057e+00	1.6546700000000001e-02
3.7357157157157159e+00	1.6623599999999999e-02
3.7357257257257257e+00	1.6701000000000001e-02
3.7357357357357359e+00	1.6778800000000000e-02
3.7357457457457457e+00	1.6857199999999999e-02
3.7357557557557559e+00	1.6936000000000000e-02
3.7357657657657657e+00	1.7015400000000000e-02
3.7357757757757759e+00	1.7095400000000000e-02
3.7357857857857857e+00	1.7175800000000001e-02
3.7357957957957959e+00	1.7256899999999999e-02
3.7358058058058061e+00	1.7338500000000000e-02
3.7358158158158159e+00	1.7420700000000001e-02
3.7358258258258261e+00	1.7503500000000002e-02
3.7358358358358359e+00	1.7586899999999999e-02
3.7358458458458461e+00	1.7670999999999999e-02
3.7358558558558559e+00	1.7755699999999999e-02
3.7358658658658661e+00	1.7841099999999999e-02
3.7358758758758759e+00	1.7927200000000001e-02
3.7358858858858861e+00	1.8013899999999999e-02
3.7358958958958959e+00	1.8101400000000000e-02
3.7359059059059061e+00	1.8189700000000000e-02
3.7359159159159159e+00	1.8278699999999998e-02
3.7359259259259261e+00	1.8368400000000000e-02
3.7359359359359359e+00	1.8459000000000000e-02
3.7359459459459461e+00	1.8550400000000002e-02
3.7359559559559559e+00	1.8642599999999999e-02
3.7359659659659661e+00	1.8735700000000001e-02
3.7359759759759763e+00	1.8829599999999998e-02
3.7359859859859861e+00	1.8924500000000000e-02
3.7359959959959963e+00	1.9020200000000001e-02
3.7360060060060061e+00	1.9116899999999999e-02
3.7360160160160163e+00	1.9214599999999998e-02
3.7360260260260261e+00	1.9313299999999999e-02
3.7360360360360363e+00	1.9413000000000000e-02
3.7360460460460461e+00	1.9513699999999998e-02
3.7360560560560563e+00	1.9615500000000001e-02
3.7360660660660661e+00	1.9718400000000001e-02
3.7360760760760763e+00	1.9822400000000000e-02
3.7360860860860861e+00	1.9927500000000001e-02
3.7360960960960963e+00	2.0033900000000000e-02
3.7361061061061061e+00	2.0141400000000000e-02
3.7361161161161163e+00	2.0250199999999999e-02
3.7361261261261260e+00	2.0360300000000001e-02
3.7361361361361363e+00	2.0471600000000000e-02
3.7361461461461465e+00	2.0584300000000000e-02
3.7361561561561563e+00	2.0698399999999999e-02
3.7361661661661665e+00	2.0813900000000000e-02
3.7361761761761763e+00	2.0930799999999999e-02
3.7361861861861865e+00	2.1049200000000001e-02
3.7361961961961963e+00	2.1169199999999999e-02
3.7362062062062065e+00	2.1290699999999999e-02
3.7362162162162162e+00	2.1413800000000000e-02
3.7362262262262265e+00	2.1538499999999999e-02
3.7362362362362362e+00	2.1665000000000000e-02
3.7362462462462465e+00	2.1793199999999999e-02
3.7362562562562562e+00	2.1923200000000000e-02
3.7362662662662665e+00	2.2055000000000002e-02
3.7362762762762762e+00	2.2188699999999999e-02
3.7362862862862865e+00	2.2324299999999998e-02
3.7362962962962962e+00	2.2461900000000000e-02
3.7363063063063064e+00	2.2601599999999999e-02
3.7363163163163167e+00	2.2743400000000000e-02
3.7363263263263264e+00	2.2887399999999999e-02
3.7363363363363367e+00	2.3033600000000001e-02
3.7363463463463464e+00	2.3182100000000001e-02
3.7363563563563567e+00	2.3332900000000000e-02
3.7363663663663664e+00	2.3486199999999999e-02
3.7363763763763767e+00	2.3642000000000000e-02
3.7363863863863864e+00	2.3800399999999999e-02
3.7363963963963966e+00	2.3961400000000001e-02
3.7364064064064064e+00	2.4125199999999999e-02
3.7364164164164166e+00	2.4291799999999999e-02
3.7364264264264264e+00	2.4461299999999998e-02
3.7364364364364366e+00	2.4633800000000001e-02
3.7364464464464464e+00	2.4809399999999999e-02
3.7364564564564566e+00	2.4988199999999999e-02
3.7364664664664664e+00	2.5170200000000000e-02
3.7364764764764766e+00	2.5355699999999998e-02
3.7364864864864864e+00	2.5544700000000000e-02
3.7364964964964966e+00	2.5737400000000001e-02
3.7365065065065068e+00	2.5933700000000001e-02
3.7365165165165166e+00	2.6134000000000001e-02
3.7365265265265268e+00	2.6338199999999999e-02
3.7365365365365366e+00	2.6546600000000000e-02
3.7365465465465468e+00	2.6759300000000000e-02
3.7365565565565566e+00	2.6976400000000001e-02
3.7365665665665668e+00	2.7198099999999999e-02
3.7365765765765766e+00	2.7424500000000001e-02
3.7365865865865868e+00	2.7655900000000001e-02
3.7365965965965966e+00	2.7892400000000001e-02
3.7366066066066068e+00	2.8134099999999999e-02
3.7366166166166166e+00	2.8381300000000002e-02
3.7366266266266268e+00	2.8634199999999999e-02
3.7366366366366366e+00	2.8892999999999999e-02
3.7366466466466468e+00	2.9158000000000000e-02
3.7366566566566566e+00	2.9429299999999999e-02
3.7366666666666668e+00	2.9707200000000000e-02
3.7366766766766770e+00	2.9992000000000001e-02
3.7366866866866868e+00	3.0283899999999999e-02
3.7366966966966970e+00	3.0583200000000001e-02
3.7367067067067068e+00	3.0890299999999999e-02
3.7367167167167170e+00	3.1205500000000001e-02
3.7367267267267268e+00	3.1529000000000001e-02
3.7367367367367370e+00	3.1861399999999998e-02
3.7367467467467468e+00	3.2202799999999997e-02
3.7367567567567570e+00	3.2553800000000001e-02
3.7367667667667668e+00	3.2914699999999998e-02
3.7367767767767770e+00	3.3286099999999999e-02
3.7367867867867868e+00	3.3668299999999998e-02
3.7367967967967970e+00	3.4061800000000003e-02
3.7368068068068068e+00	3.4467299999999999e-02
3.7368168168168170e+00	3.4885300000000001e-02
3.7368268268268268e+00	3.5316300000000002e-02
3.7368368368368370e+00	3.5761000000000001e-02
3.7368468468468472e+00	3.6220099999999998e-02
3.7368568568568570e+00	3.6694200000000003e-02
3.7368668668668672e+00	3.7184300000000003e-02
3.7368768768768770e+00	3.7691000000000002e-02
3.7368868868868872e+00	3.8215199999999998e-02
3.7368968968968970e+00	3.8758000000000001e-02
3.7369069069069072e+00	3.9320300000000002e-02
3.7369169169169170e+00	3.9903099999999997e-02
3.7369269269269272e+00	4.0507599999999998e-02
3.7369369369369370e+00	4.1135100000000001e-02
3.7369469469469472e+00	4.1786799999999999e-02
3.7369569569569570e+00	4.2464300000000003e-02
3.7369669669669672e+00	4.3168900000000003e-02
3.7369769769769769e+00	4.3902499999999997e-02
3.7369869869869872e+00	4.4666800000000000e-02
3.7369969969969969e+00	4.5463700000000003e-02
3.7370070070070072e+00	4.6295299999999998e-02
3.7370170170170169e+00	4.7163900000000002e-02
3.7370270270270272e+00	4.8072100000000000e-02
3.7370370370370374e+00	4.9022299999999998e-02
3.7370470470470472e+00	5.0017699999999998e-02
3.7370570570570574e+00	5.1061400000000000e-02
3.7370670670670671e+00	5.2156899999999999e-02
3.7370770770770774e+00	5.3308099999999997e-02
3.7370870870870871e+00	5.4519100000000001e-02
3.7370970970970974e+00	5.5794499999999997e-02
3.7371071071071071e+00	5.7139599999999999e-02
3.7371171171171174e+00	5.8559800000000002e-02
3.7371271271271271e+00	6.0061499999999997e-02
3.7371371371371374e+00	6.1651499999999998e-02
3.7371471471471471e+00	6.3337500000000005e-02
3.7371571571571574e+00	6.5128099999999994e-02
3.7371671671671671e+00	6.7032800000000003e-02
3.7371771771771773e+00	6.9062200000000004e-02
3.7371871871871871e+00	7.1228399999999997e-02
3.7371971971971973e+00	7.3544899999999996e-02
3.7372072072072076e+00	7.6026999999999997e-02
3.7372172172172173e+00	7.8691999999999998e-02
3.7372272272272276e+00	8.1559499999999993e-02
3.7372372372372373e+00	8.4652000000000005e-02
3.7372472472472476e+00	8.7995199999999996e-02
3.7372572572572573e+00	9.1618599999999994e-02
3.7372672672672675e+00	9.5556199999999994e-02
3.7372772772772773e+00	9.9847599999999995e-02
3.7372872872872875e+00	1.0453900000000001e-01
3.7372972972972973e+00	1.0968300000000000e-01
3.7373073073073075e+00	1.1534400000000000e-01
3.7373173173173173e+00	1.2159600000000000e-01
3.7373273273273275e+00	1.2852700000000000e-01
3.7373373373373373e+00	1.3624300000000000e-01
3.7373473473473475e+00	1.4487000000000000e-01
3.7373573573573573e+00	1.5456100000000000e-01
3.7373673673673675e+00	1.6550000000000001e-01
3.7373773773773777e+00	1.7791499999999999e-01
3.7373873873873875e+00	1.9208200000000000e-01
3.7373973973973977e+00	2.0834400000000000e-01
3.7374074074074075e+00	2.2712499999999999e-01
3.7374174174174177e+00	2.4895400000000001e-01
3.7374274274274275e+00	2.7448699999999998e-01
3.7374374374374377e+00	3.0454100000000001e-01
3.7374474474474475e+00	3.4012199999999998e-01
3.7374574574574577e+00	3.8244200000000000e-01
3.7374674674674675e+00	4.3291099999999999e-01
3.7374774774774777e+00	4.9303000000000002e-01
3.7374874874874875e+00	5.6410899999999997e-01
3.7374974974974977e+00	6.4660899999999999e-01
3.7375075075075075e+00	7.3887100000000006e-01
3.7375175175175177e+00	8.3508899999999997e-01
3.7375275275275275e+00	9.2308699999999999e-01
3.7375375375375377e+00	9.8413600000000001e-01
3.7375475475475479e+00	9.9831800000000004e-01
3.7375575575575577e+00	9.5551399999999997e-01
3.7375675675675679e+00	8.6347399999999996e-01
3.7375775775775777e+00	7.4367300000000003e-01
3.7375875875875879e+00	6.1893500000000001e-01
3.7375975975975977e+00	5.0459299999999996e-01
3.7376076076076079e+00	4.0730499999999997e-01
3.7376176176176177e+00	3.2791300000000001e-01
3.7376276276276279e+00	2.6449099999999998e-01
3.7376376376376377e+00	2.1427299999999999e-01
3.7376476476476479e+00	1.7456400000000000e-01
3.7376576576576577e+00	1.4307300000000001e-01
3.7376676676676679e+00	1.1796600000000000e-01
3.7376776776776777e+00	9.7818799999999997e-02
3.7376876876876879e+00	8.1538899999999997e-02
3.7376976976976977e+00	6.8291299999999999e-02
3.7377077077077079e+00	5.7437599999999998e-02
3.7377177177177177e+00	4.8487400000000000e-02
3.7377277277277279e+00	4.1062000000000001e-02
3.7377377377377381e+00	3.4866899999999999e-02
3.7377477477477479e+00	2.9671500000000000e-02
3.7377577577577581e+00	2.5294000000000001e-02
3.7377677677677679e+00	2.1589899999999999e-02
3.7377777777777781e+00	1.8443500000000002e-02
3.7377877877877879e+00	1.5761700000000000e-02
3.7377977977977981e+00	1.3469099999999999e-02
3.7378078078078079e+00	1.1504100000000000e-02
3.7378178178178181e+00	9.8161099999999994e-03
3.7378278278278279e+00	8.3634499999999997e-03
3.7378378378378381e+00	7.1115400000000004e-03
3.7378478478478478e+00	6.0315100000000003e-03
3.7378578578578581e+00	5.0992099999999999e-03
3.7378678678678678e+00	4.2942900000000001e-03
3.7378778778778781e+00	3.5995599999999999e-03
3.7378878878878878e+00	3.0004200000000002e-03
3.7378978978978981e+00	2.4844500000000000e-03
3.7379079079079083e+00	2.0410099999999998e-03
3.7379179179179181e+00	1.6609800000000001e-03
3.7379279279279283e+00	1.3365199999999999e-03
3.7379379379379380e+00	1.0608300000000000e-03
3.7379479479479483e+00	8.2804600000000003e-04
3.7379579579579580e+00	6.3307100000000002e-04
3.7379679679679683e+00	4.7145999999999999e-04
3.7379779779779780e+00	3.3933500000000002e-04
3.7379879879879883e+00	2.3330399999999999e-04
3.7379979979979980e+00	1.5038900000000001e-04
3.7380080080080083e+00	8.7973700000000001e-05
3.7380180180180180e+00	4.3753700000000001e-05
3.7380280280280282e+00	1.5694900000000001e-05
3.7380380380380380e+00	1.9986499999999999e-06
3.7380480480480482e+00	1.0720200000000000e-06
3.7380580580580580e+00	1.1501700000000000e-05
3.7380680680680682e+00	3.2031800000000001e-05
3.7380780780780785e+00	6.1544700000000000e-05
3.7380880880880882e+00	9.9044300000000003e-05
3.7380980980980985e+00	1.4364200000000000e-04
3.7381081081081082e+00	1.9454300000000001e-04
3.7381181181181184e+00	2.5103799999999998e-04
3.7381281281281282e+00	3.1249099999999997e-04
3.7381381381381384e+00	3.7833000000000002e-04
3.7381481481481482e+00	4.4804500000000000e-04
3.7381581581581584e+00	5.2117500000000002e-04
3.7381681681681682e+00	5.9730799999999995e-04
3.7381781781781784e+00	6.7607300000000002e-04
3.7381881881881882e+00	7.5713500000000003e-04
3.7381981981981984e+00	8.4019200000000002e-04
3.7382082082082082e+00	9.2497399999999996e-04
3.7382182182182184e+00	1.0112400000000001e-03
3.7382282282282282e+00	1.0987600000000001e-03
3.7382382382382384e+00	1.1873400000000001e-03
3.7382482482482486e+00	1.2768000000000000e-03
3.7382582582582584e+00	1.3669800000000001e-03
3.7382682682682686e+00	1.4577300000000000e-03
3.7382782782782784e+00	1.5489200000000001e-03
3.7382882882882886e+00	1.6404400000000000e-03
3.7382982982982984e+00	1.7321599999999999e-03
3.7383083083083086e+00	1.8240100000000000e-03
3.7383183183183184e+00	1.9158800000000000e-03
3.7383283283283286e+00	2.0076999999999998e-03
3.7383383383383384e+00	2.0994099999999999e-03
3.7383483483483486e+00	2.1909299999999998e-03
3.7383583583583584e+00	2.2821999999999999e-03
3.7383683683683686e+00	2.3731899999999998e-03
3.7383783783783784e+00	2.4638300000000002e-03
3.7383883883883886e+00	2.5541000000000001e-03
3.7383983983983984e+00	2.6439499999999999e-03
3.7384084084084086e+00	2.7333399999999999e-03
3.7384184184184184e+00	2.8222600000000000e-03
3.7384284284284286e+00	2.9106800000000001e-03
3.7384384384384388e+00	2.9985599999999999e-03
3.7384484484484486e+00	3.0858999999999999e-03
3.7384584584584588e+00	3.1726699999999998e-03
3.7384684684684686e+00	3.2588600000000001e-03
3.7384784784784788e+00	3.3444600000000001e-03
3.7384884884884886e+00	3.4294600000000001e-03
3.7384984984984988e+00	3.5138299999999999e-03
3.7385085085085086e+00	3.5975899999999999e-03
3.7385185185185188e+00	3.6807200000000002e-03
3.7385285285285286e+00	3.7632099999999999e-03
3.7385385385385388e+00	3.8450600000000000e-03
3.7385485485485486e+00	3.9262699999999999e-03
3.7385585585585588e+00	4.0068400000000002e-03
3.7385685685685686e+00	4.0867700000000000e-03
3.7385785785785788e+00	4.1660400000000002e-03
3.7385885885885886e+00	4.2446799999999998e-03
3.7385985985985988e+00	4.3226699999999998e-03
3.7386086086086090e+00	4.4000200000000001e-03
3.7386186186186188e+00	4.4767299999999999e-03
3.7386286286286290e+00	4.5528000000000001e-03
3.7386386386386388e+00	4.6282399999999996e-03
3.7386486486486490e+00	4.7030500000000003e-03
3.7386586586586588e+00	4.7772400000000003e-03
3.7386686686686690e+00	4.8507999999999997e-03
3.7386786786786788e+00	4.9237400000000002e-03
3.7386886886886890e+00	4.9960700000000000e-03
3.7386986986986988e+00	5.0677999999999999e-03
3.7387087087087090e+00	5.1389199999999999e-03
3.7387187187187187e+00	5.2094500000000000e-03
3.7387287287287290e+00	5.2793800000000002e-03
3.7387387387387387e+00	5.3487300000000003e-03
3.7387487487487490e+00	5.4174999999999996e-03
3.7387587587587587e+00	5.4856899999999997e-03
3.7387687687687690e+00	5.5533199999999996e-03
3.7387787787787792e+00	5.6203800000000003e-03
3.7387887887887890e+00	5.6868900000000000e-03
3.7387987987987992e+00	5.7528500000000003e-03
3.7388088088088089e+00	5.8182599999999996e-03
3.7388188188188192e+00	5.8831400000000002e-03
3.7388288288288289e+00	5.9474799999999998e-03
3.7388388388388392e+00	6.0112999999999998e-03
3.7388488488488489e+00	6.0746000000000003e-03
3.7388588588588592e+00	6.1373900000000004e-03
3.7388688688688689e+00	6.1996700000000000e-03
3.7388788788788792e+00	6.2614500000000000e-03
3.7388888888888889e+00	6.3227400000000003e-03
3.7388988988988991e+00	6.3835400000000000e-03
3.7389089089089089e+00	6.4438500000000001e-03
3.7389189189189191e+00	6.5036900000000003e-03
3.7389289289289289e+00	6.5630599999999999e-03
3.7389389389389391e+00	6.6219599999999997e-03
3.7389489489489494e+00	6.6804100000000003e-03
3.7389589589589591e+00	6.7384000000000003e-03
3.7389689689689694e+00	6.7959400000000003e-03
3.7389789789789791e+00	6.8530500000000003e-03
3.7389889889889893e+00	6.9097100000000003e-03
3.7389989989989991e+00	6.9659500000000003e-03
3.7390090090090093e+00	7.0217600000000002e-03
3.7390190190190191e+00	7.0771499999999999e-03
3.7390290290290293e+00	7.1321300000000004e-03
3.7390390390390391e+00	7.1866999999999999e-03
3.7390490490490493e+00	7.2408600000000000e-03
3.7390590590590591e+00	7.2946299999999999e-03
3.7390690690690693e+00	7.3480000000000004e-03
3.7390790790790791e+00	7.4009899999999997e-03
3.7390890890890893e+00	7.4535900000000004e-03
3.7390990990990991e+00	7.5058099999999999e-03
3.7391091091091093e+00	7.5576599999999999e-03
3.7391191191191191e+00	7.6091500000000003e-03
3.7391291291291293e+00	7.6602600000000003e-03
3.7391391391391395e+00	7.7110199999999999e-03
3.7391491491491493e+00	7.7614199999999998e-03
3.7391591591591595e+00	7.8114800000000000e-03
3.7391691691691693e+00	7.8611900000000005e-03
3.7391791791791795e+00	7.9105500000000006e-03
3.7391891891891893e+00	7.9595800000000008e-03
3.7391991991991995e+00	8.0082799999999996e-03
3.7392092092092093e+00	8.0566500000000003e-03
3.7392192192192195e+00	8.1046899999999995e-03
3.7392292292292293e+00	8.1524200000000005e-03
3.7392392392392395e+00	8.1998200000000000e-03
3.7392492492492493e+00	8.2469199999999996e-03
3.7392592592592595e+00	8.2937099999999993e-03
3.7392692692692693e+00	8.3401900000000008e-03
3.7392792792792795e+00	8.3863700000000006e-03
3.7392892892892893e+00	8.4322600000000004e-03
3.7392992992992995e+00	8.4778500000000003e-03
3.7393093093093097e+00	8.5231600000000001e-03
3.7393193193193195e+00	8.5681799999999999e-03
3.7393293293293297e+00	8.6129099999999997e-03
3.7393393393393395e+00	8.6573699999999993e-03
3.7393493493493497e+00	8.7015500000000006e-03
3.7393593593593595e+00	8.7454600000000000e-03
3.7393693693693697e+00	8.7890999999999993e-03
3.7393793793793795e+00	8.8324800000000002e-03
3.7393893893893897e+00	8.8755899999999992e-03
3.7393993993993995e+00	8.9184499999999996e-03
3.7394094094094097e+00	8.9610499999999999e-03
3.7394194194194195e+00	9.0033900000000000e-03
3.7394294294294297e+00	9.0454899999999998e-03
3.7394394394394395e+00	9.0873399999999993e-03
3.7394494494494497e+00	9.1289500000000003e-03
3.7394594594594595e+00	9.1703199999999992e-03
3.7394694694694697e+00	9.2114399999999996e-03
3.7394794794794799e+00	9.2523399999999995e-03
3.7394894894894897e+00	9.2929999999999992e-03
3.7394994994994999e+00	9.3334300000000002e-03
3.7395095095095097e+00	9.3736400000000008e-03
3.7395195195195199e+00	9.4136199999999993e-03
3.7395295295295297e+00	9.4533800000000008e-03
3.7395395395395399e+00	9.4929200000000002e-03
3.7395495495495497e+00	9.5322400000000009e-03
3.7395595595595599e+00	9.5713599999999992e-03
3.7395695695695697e+00	9.6102600000000007e-03
3.7395795795795799e+00	9.6489499999999999e-03
3.7395895895895896e+00	9.6874300000000003e-03
3.7395995995995999e+00	9.7257100000000003e-03
3.7396096096096096e+00	9.7637899999999996e-03
3.7396196196196199e+00	9.8016700000000002e-03
3.7396296296296296e+00	9.8393500000000002e-03
3.7396396396396399e+00	9.8768399999999996e-03
3.7396496496496501e+00	9.9141300000000002e-03
3.7396596596596599e+00	9.9512400000000001e-03
3.7396696696696701e+00	9.9881499999999995e-03
3.7396796796796798e+00	1.0024900000000000e-02
3.7396896896896901e+00	1.0061400000000000e-02
3.7396996996996998e+00	1.0097800000000001e-02
3.7397097097097101e+00	1.0134000000000001e-02
3.7397197197197198e+00	1.0170000000000000e-02
3.7397297297297301e+00	1.0205799999999999e-02
3.7397397397397398e+00	1.0241500000000001e-02
3.7397497497497501e+00	1.0276900000000000e-02
3.7397597597597598e+00	1.0312300000000000e-02
3.7397697697697700e+00	1.0347400000000000e-02
3.7397797797797798e+00	1.0382400000000000e-02
3.7397897897897900e+00	1.0417200000000000e-02
3.7397997997997998e+00	1.0451800000000001e-02
3.7398098098098100e+00	1.0486300000000000e-02
3.7398198198198198e+00	1.0520600000000000e-02
3.7398298298298300e+00	1.0554800000000000e-02
3.7398398398398403e+00	1.0588800000000001e-02
3.7398498498498500e+00	1.0622700000000001e-02
3.7398598598598602e+00	1.0656400000000000e-02
3.7398698698698700e+00	1.0689900000000000e-02
3.7398798798798802e+00	1.0723300000000000e-02
3.7398898898898900e+00	1.0756600000000000e-02
3.7398998998999002e+00	1.0789699999999999e-02
3.7399099099099100e+00	1.0822699999999999e-02
3.7399199199199202e+00	1.0855500000000001e-02
3.7399299299299300e+00	1.0888200000000001e-02
3.7399399399399402e+00	1.0920700000000000e-02
3.7399499499499500e+00	1.0953100000000000e-02
3.7399599599599602e+00	1.0985399999999999e-02
3.7399699699699700e+00	1.1017500000000000e-02
3.7399799799799802e+00	1.1049500000000000e-02
3.7399899899899900e+00	1.1081300000000001e-02
3.7400000000000002e+00	1.1113100000000001e-02
