3.7315000000000000e+00	1.2218400000000001e-02
3.7315020510255126e+00	1.2223700000000001e-02
3.7315041020510256e+00	1.2229000000000000e-02
3.7315061530765381e+00	1.2234300000000000e-02
3.7315082041020511e+00	1.2239600000000000e-02
3.7315102551275636e+00	1.2245000000000001e-02
3.7315123061530766e+00	1.2250300000000000e-02
3.7315143571785891e+00	1.2255600000000000e-02
3.7315164082041021e+00	1.2260900000000000e-02
3.7315184592296147e+00	1.2266200000000000e-02
3.7315205102551277e+00	1.2271600000000001e-02
3.7315225612806402e+00	1.2276900000000000e-02
3.7315246123061532e+00	1.2282299999999999e-02
3.7315266633316657e+00	1.2287599999999999e-02
3.7315287143571787e+00	1.2292900000000001e-02
3.7315307653826912e+00	1.2298300000000000e-02
3.7315328164082042e+00	1.2303600000000000e-02
3.7315348674337168e+00	1.2309000000000000e-02
3.7315369184592297e+00	1.2314400000000000e-02
3.7315389694847423e+00	1.2319699999999999e-02
3.7315410205102553e+00	1.2325100000000000e-02
3.7315430715357678e+00	1.2330499999999999e-02
3.7315451225612808e+00	1.2335799999999999e-02
3.7315471735867933e+00	1.2341200000000000e-02
3.7315492246123063e+00	1.2346599999999999e-02
3.7315512756378189e+00	1.2352000000000000e-02
3.7315533266633318e+00	1.2357399999999999e-02
3.7315553776888444e+00	1.2362800000000000e-02
3.7315574287143574e+00	1.2368199999999999e-02
3.7315594797398699e+00	1.2373600000000000e-02
3.7315615307653829e+00	1.2378999999999999e-02
3.7315635817908954e+00	1.2384400000000000e-02
3.7315656328164084e+00	1.2389799999999999e-02
3.7315676838419209e+00	1.2395200000000000e-02
3.7315697348674339e+00	1.2400599999999999e-02
3.7315717858929465e+00	1.2406000000000000e-02
3.7315738369184595e+00	1.2411400000000000e-02
3.7315758879439720e+00	1.2416900000000000e-02
3.7315779389694850e+00	1.2422300000000001e-02
3.7315799899949975e+00	1.2427700000000000e-02
3.7315820410205105e+00	1.2433200000000000e-02
3.7315840920460230e+00	1.2438599999999999e-02
3.7315861430715360e+00	1.2444100000000000e-02
3.7315881940970486e+00	1.2449500000000000e-02
3.7315902451225611e+00	1.2455000000000001e-02
3.7315922961480741e+00	1.2460400000000000e-02
3.7315943471735866e+00	1.2465900000000000e-02
3.7315963981990996e+00	1.2471299999999999e-02
3.7315984492246121e+00	1.2476800000000000e-02
3.7316005002501251e+00	1.2482300000000000e-02
3.7316025512756377e+00	1.2487699999999999e-02
3.7316046023011507e+00	1.2493199999999999e-02
3.7316066533266632e+00	1.2498700000000000e-02
3.7316087043521762e+00	1.2504200000000000e-02
3.7316107553776887e+00	1.2509700000000000e-02
3.7316128064032017e+00	1.2515200000000001e-02
3.7316148574287142e+00	1.2520699999999999e-02
3.7316169084542272e+00	1.2526199999999999e-02
3.7316189594797398e+00	1.2531700000000000e-02
3.7316210105052527e+00	1.2537200000000000e-02
3.7316230615307653e+00	1.2542700000000000e-02
3.7316251125562783e+00	1.2548200000000001e-02
3.7316271635817908e+00	1.2553699999999999e-02
3.7316292146073038e+00	1.2559200000000000e-02
3.7316312656328163e+00	1.2564700000000000e-02
3.7316333166583293e+00	1.2570300000000000e-02
3.7316353676838419e+00	1.2575800000000000e-02
3.7316374187093548e+00	1.2581300000000000e-02
3.7316394697348674e+00	1.2586900000000000e-02
3.7316415207603804e+00	1.2592400000000000e-02
3.7316435717858929e+00	1.2598000000000000e-02
3.7316456228114059e+00	1.2603500000000000e-02
3.7316476738369184e+00	1.2609100000000000e-02
3.7316497248624314e+00	1.2614600000000000e-02
3.7316517758879439e+00	1.2620200000000000e-02
3.7316538269134569e+00	1.2625800000000000e-02
3.7316558779389695e+00	1.2631300000000000e-02
3.7316579289644825e+00	1.2636900000000000e-02
3.7316599799899950e+00	1.2642499999999999e-02
3.7316620310155080e+00	1.2648100000000001e-02
3.7316640820410205e+00	1.2653700000000000e-02
3.7316661330665335e+00	1.2659200000000001e-02
3.7316681840920460e+00	1.2664800000000000e-02
3.7316702351175590e+00	1.2670400000000000e-02
3.7316722861430716e+00	1.2676000000000000e-02
3.7316743371685845e+00	1.2681599999999999e-02
3.7316763881940971e+00	1.2687199999999999e-02
3.7316784392196096e+00	1.2692900000000000e-02
3.7316804902451226e+00	1.2698500000000000e-02
3.7316825412706351e+00	1.2704099999999999e-02
3.7316845922961481e+00	1.2709700000000001e-02
3.7316866433216607e+00	1.2715300000000001e-02
3.7316886943471737e+00	1.2721000000000000e-02
3.7316907453726862e+00	1.2726599999999999e-02
3.7316927963981992e+00	1.2732200000000001e-02
3.7316948474237117e+00	1.2737900000000000e-02
3.7316968984492247e+00	1.2743500000000000e-02
3.7316989494747372e+00	1.2749200000000000e-02
3.7317010005002502e+00	1.2754800000000000e-02
3.7317030515257628e+00	1.2760499999999999e-02
3.7317051025512757e+00	1.2766200000000000e-02
3.7317071535767883e+00	1.2771800000000000e-02
3.7317092046023013e+00	1.2777500000000001e-02
3.7317112556278138e+00	1.2783200000000000e-02
3.7317133066533268e+00	1.2788900000000001e-02
3.7317153576788393e+00	1.2794500000000000e-02
3.7317174087043523e+00	1.2800199999999999e-02
3.7317194597298649e+00	1.2805900000000000e-02
3.7317215107553778e+00	1.2811599999999999e-02
3.7317235617808904e+00	1.2817300000000000e-02
3.7317256128064034e+00	1.2822999999999999e-02
3.7317276638319159e+00	1.2828700000000000e-02
3.7317297148574289e+00	1.2834399999999999e-02
3.7317317658829414e+00	1.2840100000000000e-02
3.7317338169084544e+00	1.2845900000000000e-02
3.7317358679339669e+00	1.2851599999999999e-02
3.7317379189594799e+00	1.2857300000000000e-02
3.7317399699849925e+00	1.2862999999999999e-02
3.7317420210105055e+00	1.2868800000000000e-02
3.7317440720360180e+00	1.2874500000000001e-02
3.7317461230615310e+00	1.2880200000000000e-02
3.7317481740870435e+00	1.2886000000000000e-02
3.7317502251125565e+00	1.2891700000000001e-02
3.7317522761380690e+00	1.2897499999999999e-02
3.7317543271635820e+00	1.2903299999999999e-02
3.7317563781890946e+00	1.2909000000000000e-02
3.7317584292146075e+00	1.2914800000000001e-02
3.7317604802401201e+00	1.2920600000000001e-02
3.7317625312656326e+00	1.2926300000000000e-02
3.7317645822911456e+00	1.2932100000000000e-02
3.7317666333166581e+00	1.2937900000000000e-02
3.7317686843421711e+00	1.2943700000000001e-02
3.7317707353676837e+00	1.2949499999999999e-02
3.7317727863931967e+00	1.2955299999999999e-02
3.7317748374187092e+00	1.2961100000000000e-02
3.7317768884442222e+00	1.2966900000000000e-02
3.7317789394697347e+00	1.2972700000000000e-02
3.7317809904952477e+00	1.2978500000000000e-02
3.7317830415207602e+00	1.2984300000000001e-02
3.7317850925462732e+00	1.2990099999999999e-02
3.7317871435717858e+00	1.2996000000000001e-02
3.7317891945972987e+00	1.3001800000000001e-02
3.7317912456228113e+00	1.3007599999999999e-02
3.7317932966483243e+00	1.3013500000000001e-02
3.7317953476738368e+00	1.3019299999999999e-02
3.7317973986993498e+00	1.3025200000000001e-02
3.7317994497248623e+00	1.3030999999999999e-02
3.7318015007503753e+00	1.3036900000000001e-02
3.7318035517758879e+00	1.3042700000000001e-02
3.7318056028014008e+00	1.3048600000000000e-02
3.7318076538269134e+00	1.3054400000000001e-02
3.7318097048524264e+00	1.3060300000000000e-02
3.7318117558779389e+00	1.3066200000000000e-02
3.7318138069034519e+00	1.3072100000000000e-02
3.7318158579289644e+00	1.3077999999999999e-02
3.7318179089544774e+00	1.3083900000000001e-02
3.7318199599799899e+00	1.3089699999999999e-02
3.7318220110055029e+00	1.3095600000000001e-02
3.7318240620310155e+00	1.3101500000000000e-02
3.7318261130565284e+00	1.3107499999999999e-02
3.7318281640820410e+00	1.3113400000000001e-02
3.7318302151075540e+00	1.3119300000000000e-02
3.7318322661330665e+00	1.3125200000000000e-02
3.7318343171585795e+00	1.3131100000000000e-02
3.7318363681840920e+00	1.3137100000000001e-02
3.7318384192096050e+00	1.3143000000000000e-02
3.7318404702351176e+00	1.3148900000000000e-02
3.7318425212606305e+00	1.3154900000000001e-02
3.7318445722861431e+00	1.3160800000000000e-02
3.7318466233116561e+00	1.3166799999999999e-02
3.7318486743371686e+00	1.3172700000000001e-02
3.7318507253626811e+00	1.3178700000000000e-02
3.7318527763881941e+00	1.3184599999999999e-02
3.7318548274137067e+00	1.3190600000000000e-02
3.7318568784392196e+00	1.3196599999999999e-02
3.7318589294647322e+00	1.3202600000000000e-02
3.7318609804902452e+00	1.3208500000000000e-02
3.7318630315157577e+00	1.3214500000000001e-02
3.7318650825412707e+00	1.3220500000000000e-02
3.7318671335667832e+00	1.3226500000000000e-02
3.7318691845922962e+00	1.3232499999999999e-02
3.7318712356178088e+00	1.3238500000000000e-02
3.7318732866433217e+00	1.3244499999999999e-02
3.7318753376688343e+00	1.3250500000000000e-02
3.7318773886943473e+00	1.3256600000000000e-02
3.7318794397198598e+00	1.3262599999999999e-02
3.7318814907453728e+00	1.3268600000000000e-02
3.7318835417708853e+00	1.3274599999999999e-02
3.7318855927963983e+00	1.3280699999999999e-02
3.7318876438219108e+00	1.3286700000000000e-02
3.7318896948474238e+00	1.3292800000000000e-02
3.7318917458729364e+00	1.3298800000000000e-02
3.7318937968984494e+00	1.3304900000000000e-02
3.7318958479239619e+00	1.3310900000000001e-02
3.7318978989494749e+00	1.3317000000000001e-02
3.7318999499749874e+00	1.3323099999999999e-02
3.7319020010005004e+00	1.3329100000000000e-02
3.7319040520260129e+00	1.3335200000000000e-02
3.7319061030515259e+00	1.3341300000000000e-02
3.7319081540770385e+00	1.3347400000000001e-02
3.7319102051025514e+00	1.3353500000000001e-02
3.7319122561280640e+00	1.3359599999999999e-02
3.7319143071535770e+00	1.3365699999999999e-02
3.7319163581790895e+00	1.3371800000000000e-02
3.7319184092046025e+00	1.3377900000000000e-02
3.7319204602301150e+00	1.3384000000000000e-02
3.7319225112556280e+00	1.3390100000000000e-02
3.7319245622811406e+00	1.3396200000000000e-02
3.7319266133066535e+00	1.3402400000000000e-02
3.7319286643321661e+00	1.3408500000000000e-02
3.7319307153576791e+00	1.3414600000000000e-02
3.7319327663831916e+00	1.3420800000000000e-02
3.7319348174087046e+00	1.3426900000000000e-02
3.7319368684342171e+00	1.3433100000000000e-02
3.7319389194597297e+00	1.3439200000000000e-02
3.7319409704852426e+00	1.3445400000000000e-02
3.7319430215107552e+00	1.3451599999999999e-02
3.7319450725362682e+00	1.3457800000000001e-02
3.7319471235617807e+00	1.3463900000000001e-02
3.7319491745872937e+00	1.3470100000000000e-02
3.7319512256128062e+00	1.3476300000000000e-02
3.7319532766383192e+00	1.3482500000000000e-02
3.7319553276638318e+00	1.3488699999999999e-02
3.7319573786893447e+00	1.3494900000000001e-02
3.7319594297148573e+00	1.3501100000000000e-02
3.7319614807403703e+00	1.3507300000000000e-02
3.7319635317658828e+00	1.3513499999999999e-02
3.7319655827913958e+00	1.3519700000000001e-02
3.7319676338169083e+00	1.3526000000000000e-02
3.7319696848424213e+00	1.3532199999999999e-02
3.7319717358679338e+00	1.3538400000000001e-02
3.7319737868934468e+00	1.3544700000000000e-02
3.7319758379189594e+00	1.3550899999999999e-02
3.7319778889444724e+00	1.3557200000000000e-02
3.7319799399699849e+00	1.3563400000000000e-02
3.7319819909954979e+00	1.3569700000000001e-02
3.7319840420210104e+00	1.3576000000000000e-02
3.7319860930465234e+00	1.3582199999999999e-02
3.7319881440720359e+00	1.3588500000000000e-02
3.7319901950975489e+00	1.3594800000000001e-02
3.7319922461230615e+00	1.3601100000000000e-02
3.7319942971485744e+00	1.3607400000000000e-02
3.7319963481740870e+00	1.3613699999999999e-02
3.7319983991996000e+00	1.3620000000000000e-02
3.7320004502251125e+00	1.3626299999999999e-02
3.7320025012506255e+00	1.3632600000000000e-02
3.7320045522761380e+00	1.3638900000000001e-02
3.7320066033016510e+00	1.3645200000000000e-02
3.7320086543271636e+00	1.3651500000000000e-02
3.7320107053526765e+00	1.3657900000000001e-02
3.7320127563781891e+00	1.3664200000000000e-02
3.7320148074037021e+00	1.3670500000000000e-02
3.7320168584292146e+00	1.3676900000000001e-02
3.7320189094547276e+00	1.3683200000000000e-02
3.7320209604802401e+00	1.3689600000000000e-02
3.7320230115057531e+00	1.3696000000000000e-02
3.7320250625312656e+00	1.3702300000000001e-02
3.7320271135567782e+00	1.3708700000000001e-02
3.7320291645822912e+00	1.3715099999999999e-02
3.7320312156078037e+00	1.3721499999999999e-02
3.7320332666333167e+00	1.3727899999999999e-02
3.7320353176588292e+00	1.3734300000000000e-02
3.7320373686843422e+00	1.3740600000000000e-02
3.7320394197098548e+00	1.3747100000000000e-02
3.7320414707353677e+00	1.3753500000000000e-02
3.7320435217608803e+00	1.3759900000000000e-02
3.7320455727863933e+00	1.3766300000000000e-02
3.7320476238119058e+00	1.3772700000000001e-02
3.7320496748374188e+00	1.3779200000000000e-02
3.7320517258629313e+00	1.3785600000000000e-02
3.7320537768884443e+00	1.3792000000000000e-02
3.7320558279139568e+00	1.3798500000000000e-02
3.7320578789394698e+00	1.3804900000000000e-02
3.7320599299649824e+00	1.3811400000000000e-02
3.7320619809904954e+00	1.3817800000000000e-02
3.7320640320160079e+00	1.3824299999999999e-02
3.7320660830415209e+00	1.3830800000000001e-02
3.7320681340670334e+00	1.3837300000000000e-02
3.7320701850925464e+00	1.3843700000000000e-02
3.7320722361180589e+00	1.3850200000000000e-02
3.7320742871435719e+00	1.3856700000000000e-02
3.7320763381690845e+00	1.3863199999999999e-02
3.7320783891945974e+00	1.3869700000000000e-02
3.7320804402201100e+00	1.3876299999999999e-02
3.7320824912456230e+00	1.3882800000000001e-02
3.7320845422711355e+00	1.3889300000000000e-02
3.7320865932966485e+00	1.3895800000000000e-02
3.7320886443221610e+00	1.3902299999999999e-02
3.7320906953476740e+00	1.3908900000000000e-02
3.7320927463731866e+00	1.3915400000000000e-02
3.7320947973986995e+00	1.3922000000000000e-02
3.7320968484242121e+00	1.3928500000000000e-02
3.7320988994497251e+00	1.3935100000000001e-02
3.7321009504752376e+00	1.3941700000000000e-02
3.7321030015007506e+00	1.3948199999999999e-02
3.7321050525262631e+00	1.3954800000000000e-02
3.7321071035517761e+00	1.3961400000000001e-02
3.7321091545772886e+00	1.3968000000000000e-02
3.7321112056028012e+00	1.3974600000000000e-02
3.7321132566283142e+00	1.3981199999999999e-02
3.7321153076538267e+00	1.3987800000000000e-02
3.7321173586793397e+00	1.3994400000000001e-02
3.7321194097048522e+00	1.4001000000000000e-02
3.7321214607303652e+00	1.4007600000000000e-02
3.7321235117558778e+00	1.4014300000000000e-02
3.7321255627813907e+00	1.4020899999999999e-02
3.7321276138069033e+00	1.4027500000000000e-02
3.7321296648324163e+00	1.4034200000000000e-02
3.7321317158579288e+00	1.4040800000000001e-02
3.7321337668834418e+00	1.4047499999999999e-02
3.7321358179089543e+00	1.4054100000000000e-02
3.7321378689344673e+00	1.4060800000000000e-02
3.7321399199599798e+00	1.4067500000000000e-02
3.7321419709854928e+00	1.4074200000000000e-02
3.7321440220110054e+00	1.4080799999999999e-02
3.7321460730365184e+00	1.4087499999999999e-02
3.7321481240620309e+00	1.4094199999999999e-02
3.7321501750875439e+00	1.4100900000000000e-02
3.7321522261130564e+00	1.4107600000000000e-02
3.7321542771385694e+00	1.4114399999999999e-02
3.7321563281640819e+00	1.4121099999999999e-02
3.7321583791895949e+00	1.4127799999999999e-02
3.7321604302151075e+00	1.4134499999999999e-02
3.7321624812406204e+00	1.4141300000000001e-02
3.7321645322661330e+00	1.4148000000000001e-02
3.7321665832916460e+00	1.4154800000000000e-02
3.7321686343171585e+00	1.4161500000000000e-02
3.7321706853426715e+00	1.4168300000000000e-02
3.7321727363681840e+00	1.4175100000000000e-02
3.7321747873936970e+00	1.4181800000000000e-02
3.7321768384192096e+00	1.4188600000000001e-02
3.7321788894447225e+00	1.4195400000000000e-02
3.7321809404702351e+00	1.4202200000000000e-02
3.7321829914957481e+00	1.4208999999999999e-02
3.7321850425212606e+00	1.4215800000000001e-02
3.7321870935467736e+00	1.4222600000000000e-02
3.7321891445722861e+00	1.4229400000000000e-02
3.7321911955977991e+00	1.4236199999999999e-02
3.7321932466233116e+00	1.4243000000000000e-02
3.7321952976488246e+00	1.4249899999999999e-02
3.7321973486743372e+00	1.4256700000000001e-02
3.7321993996998497e+00	1.4263600000000000e-02
3.7322014507253627e+00	1.4270400000000001e-02
3.7322035017508752e+00	1.4277300000000000e-02
3.7322055527763882e+00	1.4284099999999999e-02
3.7322076038019008e+00	1.4291000000000000e-02
3.7322096548274137e+00	1.4297900000000001e-02
3.7322117058529263e+00	1.4304799999999999e-02
3.7322137568784393e+00	1.4311700000000000e-02
3.7322158079039518e+00	1.4318600000000001e-02
3.7322178589294648e+00	1.4325500000000000e-02
3.7322199099549773e+00	1.4332400000000000e-02
3.7322219609804903e+00	1.4339299999999999e-02
3.7322240120060028e+00	1.4346200000000000e-02
3.7322260630315158e+00	1.4353100000000001e-02
3.7322281140570284e+00	1.4360000000000000e-02
3.7322301650825414e+00	1.4367000000000000e-02
3.7322322161080539e+00	1.4373900000000000e-02
3.7322342671335669e+00	1.4380900000000000e-02
3.7322363181590794e+00	1.4387799999999999e-02
3.7322383691845924e+00	1.4394799999999999e-02
3.7322404202101049e+00	1.4401799999999999e-02
3.7322424712356179e+00	1.4408700000000000e-02
3.7322445222611305e+00	1.4415700000000000e-02
3.7322465732866434e+00	1.4422700000000000e-02
3.7322486243121560e+00	1.4429700000000000e-02
3.7322506753376690e+00	1.4436700000000000e-02
3.7322527263631815e+00	1.4443700000000000e-02
3.7322547773886945e+00	1.4450700000000000e-02
3.7322568284142070e+00	1.4457800000000000e-02
3.7322588794397200e+00	1.4464800000000000e-02
3.7322609304652326e+00	1.4471800000000000e-02
3.7322629814907455e+00	1.4478899999999999e-02
3.7322650325162581e+00	1.4485899999999999e-02
3.7322670835417711e+00	1.4493000000000001e-02
3.7322691345672836e+00	1.4500000000000001e-02
3.7322711855927966e+00	1.4507100000000000e-02
3.7322732366183091e+00	1.4514200000000000e-02
3.7322752876438221e+00	1.4521200000000000e-02
3.7322773386693346e+00	1.4528299999999999e-02
3.7322793896948476e+00	1.4535400000000000e-02
3.7322814407203602e+00	1.4542500000000000e-02
3.7322834917458731e+00	1.4549599999999999e-02
3.7322855427713857e+00	1.4556700000000001e-02
3.7322875937968982e+00	1.4563899999999999e-02
3.7322896448224112e+00	1.4571000000000001e-02
3.7322916958479238e+00	1.4578100000000000e-02
3.7322937468734367e+00	1.4585200000000000e-02
3.7322957978989493e+00	1.4592400000000000e-02
3.7322978489244623e+00	1.4599500000000000e-02
3.7322998999499748e+00	1.4606700000000000e-02
3.7323019509754878e+00	1.4613900000000001e-02
3.7323040020010003e+00	1.4621000000000000e-02
3.7323060530265133e+00	1.4628199999999999e-02
3.7323081040520258e+00	1.4635400000000000e-02
3.7323101550775388e+00	1.4642600000000000e-02
3.7323122061030514e+00	1.4649799999999999e-02
3.7323142571285643e+00	1.4657000000000000e-02
3.7323163081540769e+00	1.4664200000000000e-02
3.7323183591795899e+00	1.4671399999999999e-02
3.7323204102051024e+00	1.4678699999999999e-02
3.7323224612306154e+00	1.4685900000000000e-02
3.7323245122561279e+00	1.4693100000000001e-02
3.7323265632816409e+00	1.4700400000000001e-02
3.7323286143071535e+00	1.4707599999999999e-02
3.7323306653326664e+00	1.4714900000000000e-02
3.7323327163581790e+00	1.4722200000000000e-02
3.7323347673836920e+00	1.4729400000000000e-02
3.7323368184092045e+00	1.4736700000000000e-02
3.7323388694347175e+00	1.4744000000000000e-02
3.7323409204602300e+00	1.4751300000000000e-02
3.7323429714857430e+00	1.4758600000000000e-02
3.7323450225112556e+00	1.4765900000000000e-02
3.7323470735367685e+00	1.4773200000000000e-02
3.7323491245622811e+00	1.4780600000000000e-02
3.7323511755877941e+00	1.4787900000000000e-02
3.7323532266133066e+00	1.4795200000000000e-02
3.7323552776388196e+00	1.4802600000000001e-02
3.7323573286643321e+00	1.4809900000000001e-02
3.7323593796898451e+00	1.4817300000000000e-02
3.7323614307153576e+00	1.4824700000000000e-02
3.7323634817408706e+00	1.4832000000000000e-02
3.7323655327663832e+00	1.4839400000000001e-02
3.7323675837918961e+00	1.4846800000000000e-02
3.7323696348174087e+00	1.4854200000000000e-02
3.7323716858429217e+00	1.4861600000000001e-02
3.7323737368684342e+00	1.4869000000000000e-02
3.7323757878939468e+00	1.4876400000000000e-02
3.7323778389194597e+00	1.4883900000000000e-02
3.7323798899449723e+00	1.4891300000000000e-02
3.7323819409704853e+00	1.4898700000000001e-02
3.7323839919959978e+00	1.4906200000000000e-02
3.7323860430215108e+00	1.4913600000000001e-02
3.7323880940470233e+00	1.4921100000000000e-02
3.7323901450725363e+00	1.4928600000000000e-02
3.7323921960980488e+00	1.4936000000000000e-02
3.7323942471235618e+00	1.4943500000000000e-02
3.7323962981490744e+00	1.4951000000000001e-02
3.7323983491745873e+00	1.4958500000000000e-02
3.7324004002000999e+00	1.4966000000000000e-02
3.7324024512256129e+00	1.4973500000000001e-02
3.7324045022511254e+00	1.4981100000000001e-02
3.7324065532766384e+00	1.4988599999999999e-02
3.7324086043021509e+00	1.4996100000000000e-02
3.7324106553276639e+00	1.5003700000000000e-02
3.7324127063531765e+00	1.5011200000000001e-02
3.7324147573786894e+00	1.5018800000000001e-02
3.7324168084042020e+00	1.5026299999999999e-02
3.7324188594297150e+00	1.5033899999999999e-02
3.7324209104552275e+00	1.5041499999999999e-02
3.7324229614807405e+00	1.5049099999999999e-02
3.7324250125062530e+00	1.5056699999999999e-02
3.7324270635317660e+00	1.5064299999999999e-02
3.7324291145572785e+00	1.5071899999999999e-02
3.7324311655827915e+00	1.5079499999999999e-02
3.7324332166083041e+00	1.5087100000000001e-02
3.7324352676338171e+00	1.5094800000000000e-02
3.7324373186593296e+00	1.5102400000000000e-02
3.7324393696848426e+00	1.5110100000000000e-02
3.7324414207103551e+00	1.5117700000000000e-02
3.7324434717358681e+00	1.5125400000000001e-02
3.7324455227613806e+00	1.5133100000000000e-02
3.7324475737868936e+00	1.5140799999999999e-02
3.7324496248124062e+00	1.5148399999999999e-02
3.7324516758379191e+00	1.5156100000000000e-02
3.7324537268634317e+00	1.5163800000000000e-02
3.7324557778889447e+00	1.5171600000000000e-02
3.7324578289144572e+00	1.5179300000000000e-02
3.7324598799399697e+00	1.5187000000000001e-02
3.7324619309654827e+00	1.5194700000000000e-02
3.7324639819909953e+00	1.5202500000000001e-02
3.7324660330165083e+00	1.5210200000000000e-02
3.7324680840420208e+00	1.5218000000000001e-02
3.7324701350675338e+00	1.5225799999999999e-02
3.7324721860930463e+00	1.5233600000000000e-02
3.7324742371185593e+00	1.5241299999999999e-02
3.7324762881440718e+00	1.5249100000000000e-02
3.7324783391695848e+00	1.5256900000000000e-02
3.7324803901950974e+00	1.5264700000000001e-02
3.7324824412206103e+00	1.5272600000000001e-02
3.7324844922461229e+00	1.5280400000000000e-02
3.7324865432716359e+00	1.5288200000000000e-02
3.7324885942971484e+00	1.5296100000000000e-02
3.7324906453226614e+00	1.5303900000000000e-02
3.7324926963481739e+00	1.5311800000000000e-02
3.7324947473736869e+00	1.5319599999999999e-02
3.7324967983991995e+00	1.5327500000000001e-02
3.7324988494247124e+00	1.5335400000000001e-02
3.7325009004502250e+00	1.5343300000000001e-02
3.7325029514757380e+00	1.5351200000000001e-02
3.7325050025012505e+00	1.5359100000000001e-02
3.7325070535267635e+00	1.5367000000000000e-02
3.7325091045522760e+00	1.5374900000000000e-02
3.7325111555777890e+00	1.5382900000000000e-02
3.7325132066033015e+00	1.5390800000000000e-02
3.7325152576288145e+00	1.5398800000000001e-02
3.7325173086543271e+00	1.5406700000000001e-02
3.7325193596798401e+00	1.5414700000000000e-02
3.7325214107053526e+00	1.5422699999999999e-02
3.7325234617308656e+00	1.5430599999999999e-02
3.7325255127563781e+00	1.5438600000000000e-02
3.7325275637818911e+00	1.5446600000000000e-02
3.7325296148074036e+00	1.5454600000000001e-02
3.7325316658329166e+00	1.5462699999999999e-02
3.7325337168584292e+00	1.5470700000000000e-02
3.7325357678839421e+00	1.5478700000000000e-02
3.7325378189094547e+00	1.5486800000000000e-02
3.7325398699349677e+00	1.5494800000000000e-02
3.7325419209604802e+00	1.5502900000000000e-02
3.7325439719859932e+00	1.5510899999999999e-02
3.7325460230115057e+00	1.5519000000000000e-02
3.7325480740370183e+00	1.5527100000000000e-02
3.7325501250625313e+00	1.5535200000000001e-02
3.7325521760880438e+00	1.5543299999999999e-02
3.7325542271135568e+00	1.5551400000000000e-02
3.7325562781390693e+00	1.5559500000000000e-02
3.7325583291645823e+00	1.5567700000000000e-02
3.7325603801900948e+00	1.5575800000000001e-02
3.7325624312156078e+00	1.5584000000000001e-02
3.7325644822411204e+00	1.5592099999999999e-02
3.7325665332666333e+00	1.5600299999999999e-02
3.7325685842921459e+00	1.5608500000000001e-02
3.7325706353176589e+00	1.5616600000000000e-02
3.7325726863431714e+00	1.5624799999999999e-02
3.7325747373686844e+00	1.5633000000000001e-02
3.7325767883941969e+00	1.5641200000000001e-02
3.7325788394197099e+00	1.5649500000000000e-02
3.7325808904452225e+00	1.5657700000000000e-02
3.7325829414707354e+00	1.5665900000000000e-02
3.7325849924962480e+00	1.5674199999999999e-02
3.7325870435217610e+00	1.5682399999999999e-02
3.7325890945472735e+00	1.5690699999999998e-02
3.7325911455727865e+00	1.5699000000000001e-02
3.7325931965982990e+00	1.5707300000000000e-02
3.7325952476238120e+00	1.5715600000000000e-02
3.7325972986493245e+00	1.5723899999999999e-02
3.7325993496748375e+00	1.5732199999999998e-02
3.7326014007003501e+00	1.5740500000000001e-02
3.7326034517258631e+00	1.5748800000000000e-02
3.7326055027513756e+00	1.5757199999999999e-02
3.7326075537768886e+00	1.5765500000000002e-02
3.7326096048024011e+00	1.5773900000000000e-02
3.7326116558279141e+00	1.5782200000000000e-02
3.7326137068534266e+00	1.5790599999999998e-02
3.7326157578789396e+00	1.5799000000000001e-02
3.7326178089044522e+00	1.5807399999999999e-02
3.7326198599299651e+00	1.5815800000000001e-02
3.7326219109554777e+00	1.5824200000000000e-02
3.7326239619809907e+00	1.5832599999999999e-02
3.7326260130065032e+00	1.5841100000000000e-02
3.7326280640320162e+00	1.5849499999999999e-02
3.7326301150575287e+00	1.5858000000000001e-02
3.7326321660830417e+00	1.5866399999999999e-02
3.7326342171085543e+00	1.5874900000000001e-02
3.7326362681340668e+00	1.5883399999999999e-02
3.7326383191595798e+00	1.5891900000000000e-02
3.7326403701850923e+00	1.5900399999999999e-02
3.7326424212106053e+00	1.5908900000000000e-02
3.7326444722361178e+00	1.5917400000000002e-02
3.7326465232616308e+00	1.5925900000000000e-02
3.7326485742871434e+00	1.5934500000000001e-02
3.7326506253126563e+00	1.5942999999999999e-02
3.7326526763381689e+00	1.5951600000000000e-02
3.7326547273636819e+00	1.5960100000000001e-02
3.7326567783891944e+00	1.5968699999999999e-02
3.7326588294147074e+00	1.5977300000000000e-02
3.7326608804402199e+00	1.5985900000000001e-02
3.7326629314657329e+00	1.5994499999999998e-02
3.7326649824912455e+00	1.6003099999999999e-02
3.7326670335167584e+00	1.6011800000000000e-02
3.7326690845422710e+00	1.6020400000000001e-02
3.7326711355677840e+00	1.6029000000000002e-02
3.7326731865932965e+00	1.6037699999999998e-02
3.7326752376188095e+00	1.6046399999999999e-02
3.7326772886443220e+00	1.6055000000000000e-02
3.7326793396698350e+00	1.6063700000000000e-02
3.7326813906953475e+00	1.6072400000000001e-02
3.7326834417208605e+00	1.6081100000000001e-02
3.7326854927463731e+00	1.6089900000000001e-02
3.7326875437718861e+00	1.6098600000000001e-02
3.7326895947973986e+00	1.6107300000000001e-02
3.7326916458229116e+00	1.6116100000000001e-02
3.7326936968484241e+00	1.6124800000000002e-02
3.7326957478739371e+00	1.6133600000000001e-02
3.7326977988994496e+00	1.6142400000000001e-02
3.7326998499249626e+00	1.6151200000000001e-02
3.7327019009504752e+00	1.6160000000000001e-02
3.7327039519759881e+00	1.6168800000000001e-02
3.7327060030015007e+00	1.6177600000000000e-02
3.7327080540270137e+00	1.6186400000000000e-02
3.7327101050525262e+00	1.6195299999999999e-02
3.7327121560780392e+00	1.6204099999999999e-02
3.7327142071035517e+00	1.6213000000000002e-02
3.7327162581290647e+00	1.6221900000000001e-02
3.7327183091545773e+00	1.6230800000000000e-02
3.7327203601800902e+00	1.6239699999999999e-02
3.7327224112056028e+00	1.6248599999999998e-02
3.7327244622311153e+00	1.6257500000000001e-02
3.7327265132566283e+00	1.6266400000000000e-02
3.7327285642821408e+00	1.6275299999999999e-02
3.7327306153076538e+00	1.6284300000000002e-02
3.7327326663331664e+00	1.6293300000000000e-02
3.7327347173586793e+00	1.6302199999999999e-02
3.7327367683841919e+00	1.6311200000000001e-02
3.7327388194097049e+00	1.6320200000000000e-02
3.7327408704352174e+00	1.6329199999999999e-02
3.7327429214607304e+00	1.6338200000000001e-02
3.7327449724862429e+00	1.6347199999999999e-02
3.7327470235117559e+00	1.6356300000000001e-02
3.7327490745372685e+00	1.6365299999999999e-02
3.7327511255627814e+00	1.6374400000000001e-02
3.7327531765882940e+00	1.6383399999999999e-02
3.7327552276138070e+00	1.6392500000000001e-02
3.7327572786393195e+00	1.6401599999999999e-02
3.7327593296648325e+00	1.6410700000000000e-02
3.7327613806903450e+00	1.6419799999999998e-02
3.7327634317158580e+00	1.6428999999999999e-02
3.7327654827413705e+00	1.6438100000000001e-02
3.7327675337668835e+00	1.6447199999999999e-02
3.7327695847923961e+00	1.6456400000000000e-02
3.7327716358179091e+00	1.6465600000000000e-02
3.7327736868434216e+00	1.6474699999999998e-02
3.7327757378689346e+00	1.6483899999999999e-02
3.7327777888944471e+00	1.6493100000000000e-02
3.7327798399199601e+00	1.6502400000000000e-02
3.7327818909454726e+00	1.6511600000000001e-02
3.7327839419709856e+00	1.6520799999999999e-02
3.7327859929964982e+00	1.6530099999999999e-02
3.7327880440220111e+00	1.6539300000000000e-02
3.7327900950475237e+00	1.6548600000000000e-02
3.7327921460730367e+00	1.6557900000000000e-02
3.7327941970985492e+00	1.6567200000000001e-02
3.7327962481240622e+00	1.6576500000000001e-02
3.7327982991495747e+00	1.6585800000000001e-02
3.7328003501750877e+00	1.6595100000000002e-02
3.7328024012006003e+00	1.6604500000000001e-02
3.7328044522261132e+00	1.6613800000000001e-02
3.7328065032516258e+00	1.6623200000000001e-02
3.7328085542771383e+00	1.6632600000000001e-02
3.7328106053026513e+00	1.6642000000000001e-02
3.7328126563281638e+00	1.6651400000000000e-02
3.7328147073536768e+00	1.6660800000000000e-02
3.7328167583791894e+00	1.6670200000000000e-02
3.7328188094047023e+00	1.6679599999999999e-02
3.7328208604302149e+00	1.6689099999999998e-02
3.7328229114557279e+00	1.6698500000000002e-02
3.7328249624812404e+00	1.6708000000000001e-02
3.7328270135067534e+00	1.6717500000000000e-02
3.7328290645322659e+00	1.6726999999999999e-02
3.7328311155577789e+00	1.6736500000000001e-02
3.7328331665832915e+00	1.6746000000000000e-02
3.7328352176088044e+00	1.6755599999999999e-02
3.7328372686343170e+00	1.6765100000000002e-02
3.7328393196598300e+00	1.6774700000000000e-02
3.7328413706853425e+00	1.6784199999999999e-02
3.7328434217108555e+00	1.6793800000000001e-02
3.7328454727363680e+00	1.6803400000000000e-02
3.7328475237618810e+00	1.6813000000000002e-02
3.7328495747873935e+00	1.6822600000000000e-02
3.7328516258129065e+00	1.6832300000000001e-02
3.7328536768384191e+00	1.6841900000000000e-02
3.7328557278639320e+00	1.6851600000000001e-02
3.7328577788894446e+00	1.6861200000000000e-02
3.7328598299149576e+00	1.6870900000000001e-02
3.7328618809404701e+00	1.6880599999999999e-02
3.7328639319659831e+00	1.6890300000000000e-02
3.7328659829914956e+00	1.6899999999999998e-02
3.7328680340170086e+00	1.6909799999999999e-02
3.7328700850425212e+00	1.6919500000000001e-02
3.7328721360680341e+00	1.6929300000000001e-02
3.7328741870935467e+00	1.6938999999999999e-02
3.7328762381190597e+00	1.6948800000000000e-02
3.7328782891445722e+00	1.6958600000000001e-02
3.7328803401700852e+00	1.6968400000000002e-02
3.7328823911955977e+00	1.6978300000000002e-02
3.7328844422211107e+00	1.6988099999999999e-02
3.7328864932466232e+00	1.6997900000000000e-02
3.7328885442721362e+00	1.7007800000000000e-02
3.7328905952976488e+00	1.7017700000000000e-02
3.7328926463231618e+00	1.7027600000000000e-02
3.7328946973486743e+00	1.7037500000000001e-02
3.7328967483741868e+00	1.7047400000000001e-02
3.7328987993996998e+00	1.7057300000000001e-02
3.7329008504252124e+00	1.7067200000000001e-02
3.7329029014507253e+00	1.7077200000000001e-02
3.7329049524762379e+00	1.7087200000000000e-02
3.7329070035017509e+00	1.7097100000000000e-02
3.7329090545272634e+00	1.7107100000000000e-02
3.7329111055527764e+00	1.7117100000000000e-02
3.7329131565782889e+00	1.7127199999999999e-02
3.7329152076038019e+00	1.7137199999999998e-02
3.7329172586293144e+00	1.7147200000000001e-02
3.7329193096548274e+00	1.7157300000000000e-02
3.7329213606803400e+00	1.7167399999999999e-02
3.7329234117058530e+00	1.7177499999999998e-02
3.7329254627313655e+00	1.7187600000000001e-02
3.7329275137568785e+00	1.7197700000000000e-02
3.7329295647823910e+00	1.7207799999999999e-02
3.7329316158079040e+00	1.7217900000000001e-02
3.7329336668334165e+00	1.7228100000000000e-02
3.7329357178589295e+00	1.7238300000000002e-02
3.7329377688844421e+00	1.7248500000000000e-02
3.7329398199099550e+00	1.7258699999999998e-02
3.7329418709354676e+00	1.7268900000000000e-02
3.7329439219609806e+00	1.7279099999999999e-02
3.7329459729864931e+00	1.7289300000000001e-02
3.7329480240120061e+00	1.7299599999999998e-02
3.7329500750375186e+00	1.7309900000000000e-02
3.7329521260630316e+00	1.7320100000000001e-02
3.7329541770885442e+00	1.7330399999999999e-02
3.7329562281140571e+00	1.7340700000000001e-02
3.7329582791395697e+00	1.7351100000000001e-02
3.7329603301650827e+00	1.7361399999999999e-02
3.7329623811905952e+00	1.7371800000000000e-02
3.7329644322161082e+00	1.7382100000000001e-02
3.7329664832416207e+00	1.7392500000000002e-02
3.7329685342671337e+00	1.7402899999999999e-02
3.7329705852926462e+00	1.7413300000000000e-02
3.7329726363181592e+00	1.7423700000000000e-02
3.7329746873436718e+00	1.7434200000000000e-02
3.7329767383691848e+00	1.7444600000000001e-02
3.7329787893946973e+00	1.7455100000000001e-02
3.7329808404202103e+00	1.7465600000000001e-02
3.7329828914457228e+00	1.7476100000000001e-02
3.7329849424712354e+00	1.7486600000000001e-02
3.7329869934967483e+00	1.7497100000000002e-02
3.7329890445222609e+00	1.7507700000000001e-02
3.7329910955477739e+00	1.7518200000000001e-02
3.7329931465732864e+00	1.7528800000000001e-02
3.7329951975987994e+00	1.7539400000000000e-02
3.7329972486243119e+00	1.7550000000000000e-02
3.7329992996498249e+00	1.7560599999999999e-02
3.7330013506753374e+00	1.7571300000000002e-02
3.7330034017008504e+00	1.7581900000000001e-02
3.7330054527263630e+00	1.7592600000000000e-02
3.7330075037518760e+00	1.7603299999999999e-02
3.7330095547773885e+00	1.7613899999999998e-02
3.7330116058029015e+00	1.7624700000000000e-02
3.7330136568284140e+00	1.7635399999999999e-02
3.7330157078539270e+00	1.7646100000000001e-02
3.7330177588794395e+00	1.7656900000000000e-02
3.7330198099049525e+00	1.7667599999999999e-02
3.7330218609304651e+00	1.7678400000000000e-02
3.7330239119559780e+00	1.7689199999999999e-02
3.7330259629814906e+00	1.7700100000000000e-02
3.7330280140070036e+00	1.7710900000000002e-02
3.7330300650325161e+00	1.7721700000000000e-02
3.7330321160580291e+00	1.7732600000000001e-02
3.7330341670835416e+00	1.7743499999999999e-02
3.7330362181090546e+00	1.7754400000000000e-02
3.7330382691345672e+00	1.7765300000000001e-02
3.7330403201600801e+00	1.7776199999999999e-02
3.7330423711855927e+00	1.7787200000000000e-02
3.7330444222111057e+00	1.7798100000000001e-02
3.7330464732366182e+00	1.7809100000000001e-02
3.7330485242621312e+00	1.7820099999999998e-02
3.7330505752876437e+00	1.7831099999999999e-02
3.7330526263131567e+00	1.7842100000000000e-02
3.7330546773386692e+00	1.7853200000000000e-02
3.7330567283641822e+00	1.7864200000000000e-02
3.7330587793896948e+00	1.7875300000000000e-02
3.7330608304152078e+00	1.7886400000000000e-02
3.7330628814407203e+00	1.7897500000000000e-02
3.7330649324662333e+00	1.7908600000000000e-02
3.7330669834917458e+00	1.7919800000000000e-02
3.7330690345172588e+00	1.7930900000000000e-02
3.7330710855427713e+00	1.7942099999999999e-02
3.7330731365682839e+00	1.7953299999999998e-02
3.7330751875937969e+00	1.7964500000000001e-02
3.7330772386193094e+00	1.7975700000000001e-02
3.7330792896448224e+00	1.7986900000000000e-02
3.7330813406703349e+00	1.7998199999999999e-02
3.7330833916958479e+00	1.8009500000000001e-02
3.7330854427213604e+00	1.8020800000000000e-02
3.7330874937468734e+00	1.8032099999999999e-02
3.7330895447723860e+00	1.8043400000000001e-02
3.7330915957978990e+00	1.8054700000000000e-02
3.7330936468234115e+00	1.8066100000000002e-02
3.7330956978489245e+00	1.8077500000000000e-02
3.7330977488744370e+00	1.8088900000000002e-02
3.7330997998999500e+00	1.8100300000000000e-02
3.7331018509254625e+00	1.8111700000000001e-02
3.7331039019509755e+00	1.8123100000000000e-02
3.7331059529764881e+00	1.8134600000000001e-02
3.7331080040020010e+00	1.8146099999999998e-02
3.7331100550275136e+00	1.8157599999999999e-02
3.7331121060530266e+00	1.8169100000000001e-02
3.7331141570785391e+00	1.8180600000000002e-02
3.7331162081040521e+00	1.8192199999999999e-02
3.7331182591295646e+00	1.8203700000000000e-02
3.7331203101550776e+00	1.8215300000000000e-02
3.7331223611805902e+00	1.8226900000000001e-02
3.7331244122061031e+00	1.8238500000000001e-02
3.7331264632316157e+00	1.8250200000000001e-02
3.7331285142571287e+00	1.8261800000000002e-02
3.7331305652826412e+00	1.8273500000000002e-02
3.7331326163081542e+00	1.8285200000000001e-02
3.7331346673336667e+00	1.8296900000000001e-02
3.7331367183591797e+00	1.8308600000000001e-02
3.7331387693846922e+00	1.8320400000000001e-02
3.7331408204102052e+00	1.8332200000000000e-02
3.7331428714357178e+00	1.8343900000000000e-02
3.7331449224612308e+00	1.8355699999999999e-02
3.7331469734867433e+00	1.8367600000000001e-02
3.7331490245122563e+00	1.8379400000000001e-02
3.7331510755377688e+00	1.8391299999999999e-02
3.7331531265632818e+00	1.8403099999999999e-02
3.7331551775887943e+00	1.8415000000000001e-02
3.7331572286143073e+00	1.8426999999999999e-02
3.7331592796398199e+00	1.8438900000000001e-02
3.7331613306653324e+00	1.8450800000000000e-02
3.7331633816908454e+00	1.8462800000000001e-02
3.7331654327163579e+00	1.8474800000000000e-02
3.7331674837418709e+00	1.8486800000000001e-02
3.7331695347673834e+00	1.8498799999999999e-02
3.7331715857928964e+00	1.8510900000000000e-02
3.7331736368184090e+00	1.8522899999999998e-02
3.7331756878439220e+00	1.8534999999999999e-02
3.7331777388694345e+00	1.8547100000000000e-02
3.7331797898949475e+00	1.8559300000000001e-02
3.7331818409204600e+00	1.8571399999999998e-02
3.7331838919459730e+00	1.8583599999999999e-02
3.7331859429714855e+00	1.8595700000000000e-02
3.7331879939969985e+00	1.8608000000000000e-02
3.7331900450225111e+00	1.8620200000000000e-02
3.7331920960480240e+00	1.8632400000000000e-02
3.7331941470735366e+00	1.8644700000000000e-02
3.7331961980990496e+00	1.8657000000000000e-02
3.7331982491245621e+00	1.8669300000000000e-02
3.7332003001500751e+00	1.8681600000000000e-02
3.7332023511755876e+00	1.8693899999999999e-02
3.7332044022011006e+00	1.8706299999999999e-02
3.7332064532266132e+00	1.8718700000000001e-02
3.7332085042521261e+00	1.8731100000000001e-02
3.7332105552776387e+00	1.8743500000000000e-02
3.7332126063031517e+00	1.8755899999999999e-02
3.7332146573286642e+00	1.8768400000000001e-02
3.7332167083541772e+00	1.8780900000000000e-02
3.7332187593796897e+00	1.8793399999999998e-02
3.7332208104052027e+00	1.8805900000000000e-02
3.7332228614307152e+00	1.8818399999999999e-02
3.7332249124562282e+00	1.8831000000000001e-02
3.7332269634817408e+00	1.8843599999999999e-02
3.7332290145072538e+00	1.8856200000000000e-02
3.7332310655327663e+00	1.8868800000000002e-02
3.7332331165582793e+00	1.8881499999999999e-02
3.7332351675837918e+00	1.8894100000000000e-02
3.7332372186093048e+00	1.8906800000000001e-02
3.7332392696348173e+00	1.8919600000000002e-02
3.7332413206603303e+00	1.8932299999999999e-02
3.7332433716858429e+00	1.8945000000000000e-02
3.7332454227113554e+00	1.8957800000000000e-02
3.7332474737368684e+00	1.8970600000000001e-02
3.7332495247623809e+00	1.8983400000000001e-02
3.7332515757878939e+00	1.8996300000000001e-02
3.7332536268134064e+00	1.9009100000000001e-02
3.7332556778389194e+00	1.9022000000000001e-02
3.7332577288644320e+00	1.9034900000000000e-02
3.7332597798899450e+00	1.9047800000000000e-02
3.7332618309154575e+00	1.9060799999999999e-02
3.7332638819409705e+00	1.9073799999999998e-02
3.7332659329664830e+00	1.9086800000000001e-02
3.7332679839919960e+00	1.9099800000000000e-02
3.7332700350175085e+00	1.9112799999999999e-02
3.7332720860430215e+00	1.9125900000000001e-02
3.7332741370685341e+00	1.9139000000000000e-02
3.7332761880940470e+00	1.9152099999999998e-02
3.7332782391195596e+00	1.9165200000000000e-02
3.7332802901450726e+00	1.9178299999999999e-02
3.7332823411705851e+00	1.9191500000000000e-02
3.7332843921960981e+00	1.9204700000000002e-02
3.7332864432216106e+00	1.9217900000000000e-02
3.7332884942471236e+00	1.9231200000000000e-02
3.7332905452726362e+00	1.9244399999999998e-02
3.7332925962981491e+00	1.9257699999999999e-02
3.7332946473236617e+00	1.9271000000000000e-02
3.7332966983491747e+00	1.9284300000000001e-02
3.7332987493746872e+00	1.9297700000000001e-02
3.7333008004002002e+00	1.9311100000000001e-02
3.7333028514257127e+00	1.9324500000000001e-02
3.7333049024512257e+00	1.9337900000000002e-02
3.7333069534767382e+00	1.9351400000000001e-02
3.7333090045022512e+00	1.9364800000000001e-02
3.7333110555277638e+00	1.9378300000000001e-02
3.7333131065532768e+00	1.9391800000000001e-02
3.7333151575787893e+00	1.9405400000000000e-02
3.7333172086043023e+00	1.9418999999999999e-02
3.7333192596298148e+00	1.9432499999999998e-02
3.7333213106553278e+00	1.9446200000000000e-02
3.7333233616808403e+00	1.9459799999999999e-02
3.7333254127063533e+00	1.9473500000000001e-02
3.7333274637318659e+00	1.9487100000000000e-02
3.7333295147573788e+00	1.9500900000000002e-02
3.7333315657828914e+00	1.9514600000000000e-02
3.7333336168084039e+00	1.9528400000000001e-02
3.7333356678339169e+00	1.9542100000000000e-02
3.7333377188594294e+00	1.9556000000000000e-02
3.7333397698849424e+00	1.9569799999999998e-02
3.7333418209104550e+00	1.9583600000000000e-02
3.7333438719359680e+00	1.9597500000000000e-02
3.7333459229614805e+00	1.9611400000000001e-02
3.7333479739869935e+00	1.9625400000000001e-02
3.7333500250125060e+00	1.9639299999999998e-02
3.7333520760380190e+00	1.9653299999999999e-02
3.7333541270635315e+00	1.9667299999999999e-02
3.7333561780890445e+00	1.9681400000000002e-02
3.7333582291145571e+00	1.9695399999999998e-02
3.7333602801400700e+00	1.9709500000000001e-02
3.7333623311655826e+00	1.9723600000000001e-02
3.7333643821910956e+00	1.9737800000000000e-02
3.7333664332166081e+00	1.9751899999999999e-02
3.7333684842421211e+00	1.9766100000000002e-02
3.7333705352676336e+00	1.9780300000000001e-02
3.7333725862931466e+00	1.9794599999999999e-02
3.7333746373186592e+00	1.9808800000000001e-02
3.7333766883441721e+00	1.9823100000000000e-02
3.7333787393696847e+00	1.9837400000000002e-02
3.7333807903951977e+00	1.9851799999999999e-02
3.7333828414207102e+00	1.9866200000000001e-02
3.7333848924462232e+00	1.9880599999999998e-02
3.7333869434717357e+00	1.9894999999999999e-02
3.7333889944972487e+00	1.9909400000000001e-02
3.7333910455227612e+00	1.9923900000000001e-02
3.7333930965482742e+00	1.9938399999999998e-02
3.7333951475737868e+00	1.9952999999999999e-02
3.7333971985992997e+00	1.9967499999999999e-02
3.7333992496248123e+00	1.9982099999999999e-02
3.7334013006503253e+00	1.9996699999999999e-02
3.7334033516758378e+00	2.0011399999999999e-02
3.7334054027013508e+00	2.0025999999999999e-02
3.7334074537268633e+00	2.0040700000000002e-02
3.7334095047523763e+00	2.0055500000000000e-02
3.7334115557778889e+00	2.0070200000000000e-02
3.7334136068034018e+00	2.0084999999999999e-02
3.7334156578289144e+00	2.0099800000000001e-02
3.7334177088544274e+00	2.0114600000000000e-02
3.7334197598799399e+00	2.0129500000000002e-02
3.7334218109054524e+00	2.0144400000000000e-02
3.7334238619309654e+00	2.0159300000000002e-02
3.7334259129564780e+00	2.0174299999999999e-02
3.7334279639819909e+00	2.0189200000000001e-02
3.7334300150075035e+00	2.0204300000000001e-02
3.7334320660330165e+00	2.0219299999999999e-02
3.7334341170585290e+00	2.0234400000000000e-02
3.7334361680840420e+00	2.0249400000000001e-02
3.7334382191095545e+00	2.0264600000000001e-02
3.7334402701350675e+00	2.0279700000000001e-02
3.7334423211605801e+00	2.0294900000000001e-02
3.7334443721860930e+00	2.0310100000000001e-02
3.7334464232116056e+00	2.0325400000000000e-02
3.7334484742371186e+00	2.0340600000000000e-02
3.7334505252626311e+00	2.0355900000000000e-02
3.7334525762881441e+00	2.0371299999999998e-02
3.7334546273136566e+00	2.0386600000000001e-02
3.7334566783391696e+00	2.0402000000000000e-02
3.7334587293646821e+00	2.0417399999999999e-02
3.7334607803901951e+00	2.0432900000000000e-02
3.7334628314157077e+00	2.0448299999999999e-02
3.7334648824412207e+00	2.0463900000000000e-02
3.7334669334667332e+00	2.0479399999999998e-02
3.7334689844922462e+00	2.0494999999999999e-02
3.7334710355177587e+00	2.0510600000000000e-02
3.7334730865432717e+00	2.0526200000000001e-02
3.7334751375687842e+00	2.0541899999999998e-02
3.7334771885942972e+00	2.0557599999999999e-02
3.7334792396198098e+00	2.0573299999999999e-02
3.7334812906453227e+00	2.0589000000000000e-02
3.7334833416708353e+00	2.0604800000000000e-02
3.7334853926963483e+00	2.0620599999999999e-02
3.7334874437218608e+00	2.0636499999999999e-02
3.7334894947473738e+00	2.0652400000000001e-02
3.7334915457728863e+00	2.0668300000000001e-02
3.7334935967983993e+00	2.0684200000000000e-02
3.7334956478239119e+00	2.0700199999999998e-02
3.7334976988494248e+00	2.0716200000000001e-02
3.7334997498749374e+00	2.0732299999999999e-02
3.7335018009004504e+00	2.0748300000000001e-02
3.7335038519259629e+00	2.0764500000000002e-02
3.7335059029514759e+00	2.0780600000000000e-02
3.7335079539769884e+00	2.0796800000000001e-02
3.7335100050025010e+00	2.0813000000000002e-02
3.7335120560280139e+00	2.0829199999999999e-02
3.7335141070535265e+00	2.0845499999999999e-02
3.7335161580790395e+00	2.0861800000000000e-02
3.7335182091045520e+00	2.0878100000000000e-02
3.7335202601300650e+00	2.0894500000000000e-02
3.7335223111555775e+00	2.0910900000000000e-02
3.7335243621810905e+00	2.0927299999999999e-02
3.7335264132066031e+00	2.0943799999999999e-02
3.7335284642321160e+00	2.0960300000000001e-02
3.7335305152576286e+00	2.0976900000000000e-02
3.7335325662831416e+00	2.0993399999999999e-02
3.7335346173086541e+00	2.1010000000000001e-02
3.7335366683341671e+00	2.1026699999999999e-02
3.7335387193596796e+00	2.1043400000000000e-02
3.7335407703851926e+00	2.1060099999999998e-02
3.7335428214107051e+00	2.1076800000000000e-02
3.7335448724362181e+00	2.1093600000000001e-02
3.7335469234617307e+00	2.1110400000000001e-02
3.7335489744872437e+00	2.1127300000000002e-02
3.7335510255127562e+00	2.1144199999999998e-02
3.7335530765382692e+00	2.1161099999999999e-02
3.7335551275637817e+00	2.1178099999999998e-02
3.7335571785892947e+00	2.1195100000000001e-02
3.7335592296148072e+00	2.1212100000000001e-02
3.7335612806403202e+00	2.1229200000000000e-02
3.7335633316658328e+00	2.1246299999999999e-02
3.7335653826913457e+00	2.1263399999999998e-02
3.7335674337168583e+00	2.1280600000000000e-02
3.7335694847423713e+00	2.1297799999999999e-02
3.7335715357678838e+00	2.1315000000000001e-02
3.7335735867933968e+00	2.1332299999999998e-02
3.7335756378189093e+00	2.1349600000000000e-02
3.7335776888444223e+00	2.1367000000000001e-02
3.7335797398699349e+00	2.1384400000000001e-02
3.7335817908954478e+00	2.1401799999999999e-02
3.7335838419209604e+00	2.1419299999999999e-02
3.7335858929464734e+00	2.1436799999999999e-02
3.7335879439719859e+00	2.1454399999999998e-02
3.7335899949974989e+00	2.1471899999999999e-02
3.7335920460230114e+00	2.1489600000000001e-02
3.7335940970485240e+00	2.1507200000000001e-02
3.7335961480740369e+00	2.1524900000000000e-02
3.7335981990995495e+00	2.1542700000000001e-02
3.7336002501250625e+00	2.1560500000000000e-02
3.7336023011505750e+00	2.1578300000000002e-02
3.7336043521760880e+00	2.1596100000000000e-02
3.7336064032016005e+00	2.1614000000000001e-02
3.7336084542271135e+00	2.1631999999999998e-02
3.7336105052526261e+00	2.1649900000000000e-02
3.7336125562781390e+00	2.1667900000000000e-02
3.7336146073036516e+00	2.1686000000000000e-02
3.7336166583291646e+00	2.1704100000000000e-02
3.7336187093546771e+00	2.1722200000000001e-02
3.7336207603801901e+00	2.1740400000000000e-02
3.7336228114057026e+00	2.1758599999999999e-02
3.7336248624312156e+00	2.1776899999999998e-02
3.7336269134567281e+00	2.1795100000000001e-02
3.7336289644822411e+00	2.1813500000000000e-02
3.7336310155077537e+00	2.1831900000000001e-02
3.7336330665332667e+00	2.1850300000000000e-02
3.7336351175587792e+00	2.1868700000000001e-02
3.7336371685842922e+00	2.1887199999999999e-02
3.7336392196098047e+00	2.1905800000000000e-02
3.7336412706353177e+00	2.1924400000000000e-02
3.7336433216608302e+00	2.1943000000000001e-02
3.7336453726863432e+00	2.1961600000000001e-02
3.7336474237118558e+00	2.1980400000000001e-02
3.7336494747373687e+00	2.1999100000000001e-02
3.7336515257628813e+00	2.2017900000000000e-02
3.7336535767883943e+00	2.2036699999999999e-02
3.7336556278139068e+00	2.2055600000000002e-02
3.7336576788394198e+00	2.2074500000000000e-02
3.7336597298649323e+00	2.2093499999999999e-02
3.7336617808904453e+00	2.2112500000000000e-02
3.7336638319159579e+00	2.2131600000000001e-02
3.7336658829414708e+00	2.2150699999999999e-02
3.7336679339669834e+00	2.2169800000000000e-02
3.7336699849924964e+00	2.2189000000000000e-02
3.7336720360180089e+00	2.2208200000000001e-02
3.7336740870435219e+00	2.2227500000000001e-02
3.7336761380690344e+00	2.2246800000000001e-02
3.7336781890945474e+00	2.2266200000000000e-02
3.7336802401200599e+00	2.2285599999999999e-02
3.7336822911455725e+00	2.2304999999999998e-02
3.7336843421710855e+00	2.2324500000000001e-02
3.7336863931965980e+00	2.2344099999999999e-02
3.7336884442221110e+00	2.2363700000000000e-02
3.7336904952476235e+00	2.2383299999999998e-02
3.7336925462731365e+00	2.2402999999999999e-02
3.7336945972986491e+00	2.2422700000000000e-02
3.7336966483241620e+00	2.2442500000000001e-02
3.7336986993496746e+00	2.2462300000000001e-02
3.7337007503751876e+00	2.2482200000000001e-02
3.7337028014007001e+00	2.2502100000000001e-02
3.7337048524262131e+00	2.2522100000000000e-02
3.7337069034517256e+00	2.2542099999999999e-02
3.7337089544772386e+00	2.2562100000000002e-02
3.7337110055027511e+00	2.2582300000000000e-02
3.7337130565282641e+00	2.2602400000000002e-02
3.7337151075537767e+00	2.2622600000000000e-02
3.7337171585792897e+00	2.2642900000000001e-02
3.7337192096048022e+00	2.2663200000000001e-02
3.7337212606303152e+00	2.2683499999999999e-02
3.7337233116558277e+00	2.2703899999999999e-02
3.7337253626813407e+00	2.2724399999999999e-02
3.7337274137068532e+00	2.2744899999999998e-02
3.7337294647323662e+00	2.2765400000000002e-02
3.7337315157578788e+00	2.2786000000000001e-02
3.7337335667833917e+00	2.2806699999999999e-02
3.7337356178089043e+00	2.2827400000000001e-02
3.7337376688344173e+00	2.2848100000000000e-02
3.7337397198599298e+00	2.2868900000000001e-02
3.7337417708854428e+00	2.2889699999999999e-02
3.7337438219109553e+00	2.2910600000000000e-02
3.7337458729364683e+00	2.2931600000000000e-02
3.7337479239619809e+00	2.2952600000000000e-02
3.7337499749874938e+00	2.2973700000000000e-02
3.7337520260130064e+00	2.2994799999999999e-02
3.7337540770385194e+00	2.3015899999999999e-02
3.7337561280640319e+00	2.3037100000000001e-02
3.7337581790895449e+00	2.3058400000000000e-02
3.7337602301150574e+00	2.3079700000000002e-02
3.7337622811405704e+00	2.3101099999999999e-02
3.7337643321660829e+00	2.3122500000000001e-02
3.7337663831915959e+00	2.3144000000000001e-02
3.7337684342171085e+00	2.3165499999999999e-02
3.7337704852426210e+00	2.3187099999999999e-02
3.7337725362681340e+00	2.3208800000000002e-02
3.7337745872936465e+00	2.3230500000000001e-02
3.7337766383191595e+00	2.3252200000000001e-02
3.7337786893446721e+00	2.3274000000000000e-02
3.7337807403701850e+00	2.3295900000000001e-02
3.7337827913956976e+00	2.3317800000000000e-02
3.7337848424212106e+00	2.3339800000000001e-02
3.7337868934467231e+00	2.3361799999999999e-02
3.7337889444722361e+00	2.3383899999999999e-02
3.7337909954977486e+00	2.3406000000000000e-02
3.7337930465232616e+00	2.3428200000000000e-02
3.7337950975487741e+00	2.3450499999999999e-02
3.7337971485742871e+00	2.3472799999999999e-02
3.7337991995997997e+00	2.3495100000000001e-02
3.7338012506253127e+00	2.3517600000000000e-02
3.7338033016508252e+00	2.3539999999999998e-02
3.7338053526763382e+00	2.3562600000000000e-02
3.7338074037018507e+00	2.3585200000000001e-02
3.7338094547273637e+00	2.3607800000000002e-02
3.7338115057528762e+00	2.3630600000000002e-02
3.7338135567783892e+00	2.3653299999999999e-02
3.7338156078039018e+00	2.3676200000000001e-02
3.7338176588294147e+00	2.3699100000000001e-02
3.7338197098549273e+00	2.3722000000000000e-02
3.7338217608804403e+00	2.3745100000000002e-02
3.7338238119059528e+00	2.3768100000000000e-02
3.7338258629314658e+00	2.3791300000000001e-02
3.7338279139569783e+00	2.3814499999999999e-02
3.7338299649824913e+00	2.3837700000000000e-02
3.7338320160080039e+00	2.3861100000000000e-02
3.7338340670335168e+00	2.3884400000000000e-02
3.7338361180590294e+00	2.3907899999999999e-02
3.7338381690845424e+00	2.3931399999999999e-02
3.7338402201100549e+00	2.3955000000000001e-02
3.7338422711355679e+00	2.3978599999999999e-02
3.7338443221610804e+00	2.4002300000000001e-02
3.7338463731865934e+00	2.4026100000000002e-02
3.7338484242121059e+00	2.4049899999999999e-02
3.7338504752376189e+00	2.4073799999999999e-02
3.7338525262631315e+00	2.4097700000000000e-02
3.7338545772886444e+00	2.4121799999999999e-02
3.7338566283141570e+00	2.4145900000000001e-02
3.7338586793396695e+00	2.4170000000000001e-02
3.7338607303651825e+00	2.4194199999999999e-02
3.7338627813906951e+00	2.4218500000000000e-02
3.7338648324162080e+00	2.4242900000000001e-02
3.7338668834417206e+00	2.4267299999999999e-02
3.7338689344672336e+00	2.4291799999999999e-02
3.7338709854927461e+00	2.4316299999999999e-02
3.7338730365182591e+00	2.4340899999999999e-02
3.7338750875437716e+00	2.4365600000000001e-02
3.7338771385692846e+00	2.4390400000000000e-02
3.7338791895947971e+00	2.4415200000000001e-02
3.7338812406203101e+00	2.4440099999999999e-02
3.7338832916458227e+00	2.4465000000000001e-02
3.7338853426713356e+00	2.4490100000000001e-02
3.7338873936968482e+00	2.4515200000000001e-02
3.7338894447223612e+00	2.4540300000000001e-02
3.7338914957478737e+00	2.4565600000000000e-02
3.7338935467733867e+00	2.4590899999999999e-02
3.7338955977988992e+00	2.4616300000000001e-02
3.7338976488244122e+00	2.4641699999999999e-02
3.7338996998499248e+00	2.4667200000000000e-02
3.7339017508754377e+00	2.4692800000000001e-02
3.7339038019009503e+00	2.4718500000000001e-02
3.7339058529264633e+00	2.4744300000000000e-02
3.7339079039519758e+00	2.4770100000000000e-02
3.7339099549774888e+00	2.4795999999999999e-02
3.7339120060030013e+00	2.4821900000000001e-02
3.7339140570285143e+00	2.4847999999999999e-02
3.7339161080540269e+00	2.4874100000000000e-02
3.7339181590795398e+00	2.4900300000000000e-02
3.7339202101050524e+00	2.4926500000000001e-02
3.7339222611305654e+00	2.4952900000000000e-02
3.7339243121560779e+00	2.4979299999999999e-02
3.7339263631815909e+00	2.5005800000000002e-02
3.7339284142071034e+00	2.5032300000000000e-02
3.7339304652326164e+00	2.5059000000000001e-02
3.7339325162581289e+00	2.5085699999999999e-02
3.7339345672836419e+00	2.5112499999999999e-02
3.7339366183091545e+00	2.5139399999999999e-02
3.7339386693346674e+00	2.5166399999999998e-02
3.7339407203601800e+00	2.5193400000000001e-02
3.7339427713856925e+00	2.5220500000000000e-02
3.7339448224112055e+00	2.5247700000000001e-02
3.7339468734367181e+00	2.5274999999999999e-02
3.7339489244622310e+00	2.5302300000000000e-02
3.7339509754877436e+00	2.5329800000000000e-02
3.7339530265132566e+00	2.5357299999999999e-02
3.7339550775387691e+00	2.5384899999999998e-02
3.7339571285642821e+00	2.5412600000000000e-02
3.7339591795897946e+00	2.5440299999999999e-02
3.7339612306153076e+00	2.5468200000000000e-02
3.7339632816408201e+00	2.5496100000000001e-02
3.7339653326663331e+00	2.5524100000000001e-02
3.7339673836918457e+00	2.5552200000000001e-02
3.7339694347173586e+00	2.5580400000000000e-02
3.7339714857428712e+00	2.5608700000000002e-02
3.7339735367683842e+00	2.5637099999999999e-02
3.7339755877938967e+00	2.5665500000000001e-02
3.7339776388194097e+00	2.5694000000000002e-02
3.7339796898449222e+00	2.5722600000000002e-02
3.7339817408704352e+00	2.5751300000000001e-02
3.7339837918959478e+00	2.5780100000000000e-02
3.7339858429214607e+00	2.5808999999999999e-02
3.7339878939469733e+00	2.5838000000000000e-02
3.7339899449724863e+00	2.5867000000000001e-02
3.7339919959979988e+00	2.5896200000000001e-02
3.7339940470235118e+00	2.5925400000000001e-02
3.7339960980490243e+00	2.5954800000000000e-02
3.7339981490745373e+00	2.5984199999999999e-02
3.7340002001000498e+00	2.6013700000000001e-02
3.7340022511255628e+00	2.6043299999999998e-02
3.7340043021510754e+00	2.6072999999999999e-02
3.7340063531765884e+00	2.6102799999999999e-02
3.7340084042021009e+00	2.6132599999999999e-02
3.7340104552276139e+00	2.6162600000000001e-02
3.7340125062531264e+00	2.6192699999999999e-02
3.7340145572786394e+00	2.6222900000000000e-02
3.7340166083041519e+00	2.6253100000000001e-02
3.7340186593296649e+00	2.6283500000000001e-02
3.7340207103551775e+00	2.6313900000000001e-02
3.7340227613806904e+00	2.6344500000000000e-02
3.7340248124062030e+00	2.6375099999999999e-02
3.7340268634317160e+00	2.6405900000000000e-02
3.7340289144572285e+00	2.6436700000000000e-02
3.7340309654827410e+00	2.6467600000000001e-02
3.7340330165082540e+00	2.6498700000000000e-02
3.7340350675337666e+00	2.6529799999999999e-02
3.7340371185592796e+00	2.6561100000000001e-02
3.7340391695847921e+00	2.6592399999999999e-02
3.7340412206103051e+00	2.6623800000000000e-02
3.7340432716358176e+00	2.6655399999999999e-02
3.7340453226613306e+00	2.6686999999999999e-02
3.7340473736868431e+00	2.6718800000000001e-02
3.7340494247123561e+00	2.6750599999999999e-02
3.7340514757378687e+00	2.6782600000000000e-02
3.7340535267633816e+00	2.6814700000000000e-02
3.7340555777888942e+00	2.6846800000000001e-02
3.7340576288144072e+00	2.6879100000000000e-02
3.7340596798399197e+00	2.6911500000000001e-02
3.7340617308654327e+00	2.6943999999999999e-02
3.7340637818909452e+00	2.6976600000000000e-02
3.7340658329164582e+00	2.7009300000000000e-02
3.7340678839419708e+00	2.7042099999999999e-02
3.7340699349674837e+00	2.7074999999999998e-02
3.7340719859929963e+00	2.7108100000000000e-02
3.7340740370185093e+00	2.7141200000000001e-02
3.7340760880440218e+00	2.7174500000000001e-02
3.7340781390695348e+00	2.7207800000000001e-02
3.7340801900950473e+00	2.7241300000000000e-02
3.7340822411205603e+00	2.7274900000000001e-02
3.7340842921460728e+00	2.7308599999999999e-02
3.7340863431715858e+00	2.7342399999999999e-02
3.7340883941970984e+00	2.7376399999999999e-02
3.7340904452226114e+00	2.7410400000000001e-02
3.7340924962481239e+00	2.7444600000000000e-02
3.7340945472736369e+00	2.7478900000000001e-02
3.7340965982991494e+00	2.7513300000000001e-02
3.7340986493246624e+00	2.7547800000000001e-02
3.7341007003501749e+00	2.7582499999999999e-02
3.7341027513756879e+00	2.7617200000000001e-02
3.7341048024012005e+00	2.7652099999999999e-02
3.7341068534267134e+00	2.7687099999999999e-02
3.7341089044522260e+00	2.7722199999999999e-02
3.7341109554777390e+00	2.7757500000000001e-02
3.7341130065032515e+00	2.7792799999999999e-02
3.7341150575287645e+00	2.7828300000000000e-02
3.7341171085542770e+00	2.7864000000000000e-02
3.7341191595797896e+00	2.7899700000000000e-02
3.7341212106053026e+00	2.7935600000000001e-02
3.7341232616308151e+00	2.7971599999999999e-02
3.7341253126563281e+00	2.8007700000000000e-02
3.7341273636818406e+00	2.8043999999999999e-02
3.7341294147073536e+00	2.8080299999999999e-02
3.7341314657328661e+00	2.8116800000000001e-02
3.7341335167583791e+00	2.8153500000000001e-02
3.7341355677838917e+00	2.8190300000000001e-02
3.7341376188094046e+00	2.8227200000000001e-02
3.7341396698349172e+00	2.8264200000000000e-02
3.7341417208604302e+00	2.8301400000000001e-02
3.7341437718859427e+00	2.8338700000000001e-02
3.7341458229114557e+00	2.8376100000000001e-02
3.7341478739369682e+00	2.8413700000000000e-02
3.7341499249624812e+00	2.8451400000000002e-02
3.7341519759879938e+00	2.8489299999999999e-02
3.7341540270135067e+00	2.8527299999999998e-02
3.7341560780390193e+00	2.8565400000000001e-02
3.7341581290645323e+00	2.8603699999999999e-02
3.7341601800900448e+00	2.8642100000000000e-02
3.7341622311155578e+00	2.8680600000000001e-02
3.7341642821410703e+00	2.8719300000000000e-02
3.7341663331665833e+00	2.8758200000000001e-02
3.7341683841920958e+00	2.8797199999999998e-02
3.7341704352176088e+00	2.8836299999999999e-02
3.7341724862431214e+00	2.8875600000000001e-02
3.7341745372686344e+00	2.8915000000000000e-02
3.7341765882941469e+00	2.8954600000000000e-02
3.7341786393196599e+00	2.8994300000000001e-02
3.7341806903451724e+00	2.9034100000000000e-02
3.7341827413706854e+00	2.9074200000000001e-02
3.7341847923961979e+00	2.9114299999999999e-02
3.7341868434217109e+00	2.9154699999999999e-02
3.7341888944472235e+00	2.9195100000000002e-02
3.7341909454727364e+00	2.9235799999999999e-02
3.7341929964982490e+00	2.9276500000000000e-02
3.7341950475237620e+00	2.9317500000000000e-02
3.7341970985492745e+00	2.9358599999999999e-02
3.7341991495747875e+00	2.9399800000000000e-02
3.7342012006003000e+00	2.9441300000000000e-02
3.7342032516258130e+00	2.9482800000000000e-02
3.7342053026513256e+00	2.9524600000000002e-02
3.7342073536768381e+00	2.9566499999999999e-02
3.7342094047023511e+00	2.9608499999999999e-02
3.7342114557278636e+00	2.9650800000000001e-02
3.7342135067533766e+00	2.9693199999999999e-02
3.7342155577788891e+00	2.9735700000000000e-02
3.7342176088044021e+00	2.9778499999999999e-02
3.7342196598299147e+00	2.9821400000000001e-02
3.7342217108554276e+00	2.9864399999999999e-02
3.7342237618809402e+00	2.9907699999999999e-02
3.7342258129064532e+00	2.9951100000000001e-02
3.7342278639319657e+00	2.9994699999999999e-02
3.7342299149574787e+00	3.0038400000000000e-02
3.7342319659829912e+00	3.0082299999999999e-02
3.7342340170085042e+00	3.0126400000000001e-02
3.7342360680340168e+00	3.0170700000000002e-02
3.7342381190595297e+00	3.0215200000000001e-02
3.7342401700850423e+00	3.0259800000000000e-02
3.7342422211105553e+00	3.0304700000000000e-02
3.7342442721360678e+00	3.0349700000000000e-02
3.7342463231615808e+00	3.0394899999999999e-02
3.7342483741870933e+00	3.0440200000000001e-02
3.7342504252126063e+00	3.0485800000000000e-02
3.7342524762381188e+00	3.0531500000000000e-02
3.7342545272636318e+00	3.0577500000000001e-02
3.7342565782891444e+00	3.0623600000000001e-02
3.7342586293146574e+00	3.0669900000000000e-02
3.7342606803401699e+00	3.0716400000000001e-02
3.7342627313656829e+00	3.0763100000000002e-02
3.7342647823911954e+00	3.0810000000000001e-02
3.7342668334167084e+00	3.0857099999999998e-02
3.7342688844422209e+00	3.0904399999999999e-02
3.7342709354677339e+00	3.0951900000000001e-02
3.7342729864932465e+00	3.0999499999999999e-02
3.7342750375187594e+00	3.1047399999999999e-02
3.7342770885442720e+00	3.1095500000000002e-02
3.7342791395697850e+00	3.1143799999999999e-02
3.7342811905952975e+00	3.1192299999999999e-02
3.7342832416208105e+00	3.1241000000000001e-02
3.7342852926463230e+00	3.1289900000000002e-02
3.7342873436718360e+00	3.1339100000000002e-02
3.7342893946973486e+00	3.1388399999999997e-02
3.7342914457228611e+00	3.1437899999999998e-02
3.7342934967483741e+00	3.1487700000000000e-02
3.7342955477738866e+00	3.1537700000000002e-02
3.7342975987993996e+00	3.1587900000000002e-02
3.7342996498249121e+00	3.1638300000000001e-02
3.7343017008504251e+00	3.1688899999999999e-02
3.7343037518759377e+00	3.1739799999999999e-02
3.7343058029014506e+00	3.1790800000000001e-02
3.7343078539269632e+00	3.1842099999999998e-02
3.7343099049524762e+00	3.1893699999999997e-02
3.7343119559779887e+00	3.1945399999999999e-02
3.7343140070035017e+00	3.1997400000000002e-02
3.7343160580290142e+00	3.2049599999999998e-02
3.7343181090545272e+00	3.2102100000000001e-02
3.7343201600800398e+00	3.2154700000000001e-02
3.7343222111055527e+00	3.2207699999999999e-02
3.7343242621310653e+00	3.2260799999999999e-02
3.7343263131565783e+00	3.2314200000000001e-02
3.7343283641820908e+00	3.2367800000000002e-02
3.7343304152076038e+00	3.2421699999999998e-02
3.7343324662331163e+00	3.2475900000000002e-02
3.7343345172586293e+00	3.2530200000000002e-02
3.7343365682841418e+00	3.2584799999999997e-02
3.7343386193096548e+00	3.2639700000000001e-02
3.7343406703351674e+00	3.2694800000000003e-02
3.7343427213606804e+00	3.2750200000000000e-02
3.7343447723861929e+00	3.2805800000000003e-02
3.7343468234117059e+00	3.2861700000000001e-02
3.7343488744372184e+00	3.2917900000000000e-02
3.7343509254627314e+00	3.2974299999999998e-02
3.7343529764882439e+00	3.3030999999999998e-02
3.7343550275137569e+00	3.3087900000000003e-02
3.7343570785392695e+00	3.3145099999999997e-02
3.7343591295647824e+00	3.3202599999999999e-02
3.7343611805902950e+00	3.3260300000000000e-02
3.7343632316158080e+00	3.3318300000000002e-02
3.7343652826413205e+00	3.3376599999999999e-02
3.7343673336668335e+00	3.3435199999999998e-02
3.7343693846923460e+00	3.3494000000000003e-02
3.7343714357178590e+00	3.3553199999999998e-02
3.7343734867433716e+00	3.3612599999999999e-02
3.7343755377688845e+00	3.3672300000000002e-02
3.7343775887943971e+00	3.3732300000000000e-02
3.7343796398199096e+00	3.3792599999999999e-02
3.7343816908454226e+00	3.3853099999999997e-02
3.7343837418709351e+00	3.3914000000000000e-02
3.7343857928964481e+00	3.3975199999999997e-02
3.7343878439219607e+00	3.4036600000000000e-02
3.7343898949474736e+00	3.4098400000000001e-02
3.7343919459729862e+00	3.4160500000000003e-02
3.7343939969984992e+00	3.4222900000000001e-02
3.7343960480240117e+00	3.4285499999999997e-02
3.7343980990495247e+00	3.4348499999999997e-02
3.7344001500750372e+00	3.4411900000000002e-02
3.7344022011005502e+00	3.4475499999999999e-02
3.7344042521260628e+00	3.4539399999999998e-02
3.7344063031515757e+00	3.4603700000000001e-02
3.7344083541770883e+00	3.4668299999999999e-02
3.7344104052026013e+00	3.4733199999999999e-02
3.7344124562281138e+00	3.4798500000000003e-02
3.7344145072536268e+00	3.4863999999999999e-02
3.7344165582791393e+00	3.4930000000000003e-02
3.7344186093046523e+00	3.4996199999999998e-02
3.7344206603301648e+00	3.5062799999999998e-02
3.7344227113556778e+00	3.5129700000000000e-02
3.7344247623811904e+00	3.5196999999999999e-02
3.7344268134067033e+00	3.5264700000000003e-02
3.7344288644322159e+00	3.5332599999999999e-02
3.7344309154577289e+00	3.5401000000000002e-02
3.7344329664832414e+00	3.5469700000000000e-02
3.7344350175087544e+00	3.5538699999999999e-02
3.7344370685342669e+00	3.5608099999999997e-02
3.7344391195597799e+00	3.5677899999999999e-02
3.7344411705852925e+00	3.5748099999999998e-02
3.7344432216108054e+00	3.5818599999999999e-02
3.7344452726363180e+00	3.5889499999999998e-02
3.7344473236618310e+00	3.5960800000000001e-02
3.7344493746873435e+00	3.6032399999999999e-02
3.7344514257128565e+00	3.6104499999999998e-02
3.7344534767383690e+00	3.6176899999999998e-02
3.7344555277638820e+00	3.6249700000000003e-02
3.7344575787893945e+00	3.6323000000000001e-02
3.7344596298149075e+00	3.6396600000000001e-02
3.7344616808404201e+00	3.6470599999999999e-02
3.7344637318659331e+00	3.6545000000000001e-02
3.7344657828914456e+00	3.6619800000000001e-02
3.7344678339169581e+00	3.6695100000000001e-02
3.7344698849424711e+00	3.6770799999999999e-02
3.7344719359679837e+00	3.6846799999999999e-02
3.7344739869934966e+00	3.6923299999999999e-02
3.7344760380190092e+00	3.7000300000000000e-02
3.7344780890445222e+00	3.7077600000000002e-02
3.7344801400700347e+00	3.7155399999999998e-02
3.7344821910955477e+00	3.7233700000000002e-02
3.7344842421210602e+00	3.7312300000000000e-02
3.7344862931465732e+00	3.7391500000000001e-02
3.7344883441720857e+00	3.7470999999999997e-02
3.7344903951975987e+00	3.7551099999999997e-02
3.7344924462231113e+00	3.7631499999999998e-02
3.7344944972486243e+00	3.7712500000000003e-02
3.7344965482741368e+00	3.7793899999999998e-02
3.7344985992996498e+00	3.7875800000000001e-02
3.7345006503251623e+00	3.7958199999999997e-02
3.7345027013506753e+00	3.8040999999999998e-02
3.7345047523761878e+00	3.8124300000000000e-02
3.7345068034017008e+00	3.8208100000000002e-02
3.7345088544272134e+00	3.8292399999999997e-02
3.7345109054527263e+00	3.8377200000000000e-02
3.7345129564782389e+00	3.8462499999999997e-02
3.7345150075037519e+00	3.8548300000000001e-02
3.7345170585292644e+00	3.8634700000000001e-02
3.7345191095547774e+00	3.8721499999999999e-02
3.7345211605802899e+00	3.8808900000000000e-02
3.7345232116058029e+00	3.8896800000000002e-02
3.7345252626313155e+00	3.8985199999999998e-02
3.7345273136568284e+00	3.9074100000000000e-02
3.7345293646823410e+00	3.9163600000000000e-02
3.7345314157078540e+00	3.9253600000000000e-02
3.7345334667333665e+00	3.9344200000000003e-02
3.7345355177588795e+00	3.9435400000000002e-02
3.7345375687843920e+00	3.9527100000000003e-02
3.7345396198099050e+00	3.9619399999999999e-02
3.7345416708354175e+00	3.9712200000000003e-02
3.7345437218609305e+00	3.9805599999999997e-02
3.7345457728864431e+00	3.9899700000000003e-02
3.7345478239119561e+00	3.9994300000000003e-02
3.7345498749374686e+00	4.0089500000000000e-02
3.7345519259629816e+00	4.0185300000000000e-02
3.7345539769884941e+00	4.0281699999999997e-02
3.7345560280140067e+00	4.0378699999999997e-02
3.7345580790395196e+00	4.0476300000000000e-02
3.7345601300650322e+00	4.0574600000000002e-02
3.7345621810905452e+00	4.0673500000000001e-02
3.7345642321160577e+00	4.0772999999999997e-02
3.7345662831415707e+00	4.0873199999999998e-02
3.7345683341670832e+00	4.0973999999999997e-02
3.7345703851925962e+00	4.1075500000000001e-02
3.7345724362181087e+00	4.1177699999999998e-02
3.7345744872436217e+00	4.1280499999999998e-02
3.7345765382691343e+00	4.1383999999999997e-02
3.7345785892946473e+00	4.1488200000000003e-02
3.7345806403201598e+00	4.1593100000000001e-02
3.7345826913456728e+00	4.1698699999999998e-02
3.7345847423711853e+00	4.1805000000000002e-02
3.7345867933966983e+00	4.1911999999999998e-02
3.7345888444222108e+00	4.2019700000000000e-02
3.7345908954477238e+00	4.2128199999999998e-02
3.7345929464732364e+00	4.2237400000000001e-02
3.7345949974987493e+00	4.2347299999999997e-02
3.7345970485242619e+00	4.2458000000000003e-02
3.7345990995497749e+00	4.2569500000000003e-02
3.7346011505752874e+00	4.2681700000000003e-02
3.7346032016008004e+00	4.2794699999999998e-02
3.7346052526263129e+00	4.2908500000000002e-02
3.7346073036518259e+00	4.3023100000000002e-02
3.7346093546773385e+00	4.3138500000000003e-02
3.7346114057028514e+00	4.3254700000000000e-02
3.7346134567283640e+00	4.3371699999999999e-02
3.7346155077538770e+00	4.3489600000000003e-02
3.7346175587793895e+00	4.3608200000000000e-02
3.7346196098049025e+00	4.3727799999999997e-02
3.7346216608304150e+00	4.3848199999999997e-02
3.7346237118559280e+00	4.3969500000000002e-02
3.7346257628814405e+00	4.4091600000000002e-02
3.7346278139069535e+00	4.4214600000000000e-02
3.7346298649324661e+00	4.4338599999999999e-02
3.7346319159579791e+00	4.4463400000000000e-02
3.7346339669834916e+00	4.4589100000000000e-02
3.7346360180090046e+00	4.4715800000000000e-02
3.7346380690345171e+00	4.4843399999999999e-02
3.7346401200600301e+00	4.4971999999999998e-02
3.7346421710855426e+00	4.5101500000000003e-02
3.7346442221110552e+00	4.5232000000000001e-02
3.7346462731365682e+00	4.5363500000000001e-02
3.7346483241620807e+00	4.5496000000000002e-02
3.7346503751875937e+00	4.5629500000000003e-02
3.7346524262131062e+00	4.5763999999999999e-02
3.7346544772386192e+00	4.5899500000000003e-02
3.7346565282641317e+00	4.6036100000000003e-02
3.7346585792896447e+00	4.6173699999999998e-02
3.7346606303151573e+00	4.6312399999999997e-02
3.7346626813406703e+00	4.6452199999999999e-02
3.7346647323661828e+00	4.6593000000000002e-02
3.7346667833916958e+00	4.6734999999999999e-02
3.7346688344172083e+00	4.6878099999999999e-02
3.7346708854427213e+00	4.7022300000000003e-02
3.7346729364682338e+00	4.7167700000000000e-02
3.7346749874937468e+00	4.7314299999999997e-02
3.7346770385192594e+00	4.7461999999999997e-02
3.7346790895447723e+00	4.7610899999999998e-02
3.7346811405702849e+00	4.7760999999999998e-02
3.7346831915957979e+00	4.7912299999999998e-02
3.7346852426213104e+00	4.8064900000000001e-02
3.7346872936468234e+00	4.8218700000000003e-02
3.7346893446723359e+00	4.8373800000000002e-02
3.7346913956978489e+00	4.8530100000000000e-02
3.7346934467233615e+00	4.8687800000000003e-02
3.7346954977488744e+00	4.8846800000000003e-02
3.7346975487743870e+00	4.9007099999999998e-02
3.7346995997999000e+00	4.9168799999999999e-02
3.7347016508254125e+00	4.9331800000000002e-02
3.7347037018509255e+00	4.9496199999999997e-02
3.7347057528764380e+00	4.9661999999999998e-02
3.7347078039019510e+00	4.9829300000000000e-02
3.7347098549274635e+00	4.9998000000000001e-02
3.7347119059529765e+00	5.0168100000000000e-02
3.7347139569784891e+00	5.0339700000000001e-02
3.7347160080040021e+00	5.0512799999999997e-02
3.7347180590295146e+00	5.0687500000000003e-02
3.7347201100550276e+00	5.0863699999999998e-02
3.7347221610805401e+00	5.1041400000000001e-02
3.7347242121060531e+00	5.1220700000000001e-02
3.7347262631315656e+00	5.1401700000000002e-02
3.7347283141570782e+00	5.1584199999999997e-02
3.7347303651825912e+00	5.1768399999999999e-02
3.7347324162081037e+00	5.1954300000000002e-02
3.7347344672336167e+00	5.2141899999999998e-02
3.7347365182591292e+00	5.2331200000000001e-02
3.7347385692846422e+00	5.2522199999999998e-02
3.7347406203101547e+00	5.2714999999999998e-02
3.7347426713356677e+00	5.2909600000000001e-02
3.7347447223611803e+00	5.3106000000000000e-02
3.7347467733866933e+00	5.3304299999999999e-02
3.7347488244122058e+00	5.3504400000000001e-02
3.7347508754377188e+00	5.3706400000000001e-02
3.7347529264632313e+00	5.3910399999999997e-02
3.7347549774887443e+00	5.4116299999999999e-02
3.7347570285142568e+00	5.4324200000000003e-02
3.7347590795397698e+00	5.4534100000000002e-02
3.7347611305652824e+00	5.4746000000000003e-02
3.7347631815907953e+00	5.4960000000000002e-02
3.7347652326163079e+00	5.5176099999999999e-02
3.7347672836418209e+00	5.5394400000000003e-02
3.7347693346673334e+00	5.5614799999999999e-02
3.7347713856928464e+00	5.5837400000000002e-02
3.7347734367183589e+00	5.6062200000000000e-02
3.7347754877438719e+00	5.6289300000000000e-02
3.7347775387693845e+00	5.6518699999999998e-02
3.7347795897948974e+00	5.6750500000000002e-02
3.7347816408204100e+00	5.6984600000000003e-02
3.7347836918459230e+00	5.7221099999999997e-02
3.7347857428714355e+00	5.7460100000000000e-02
3.7347877938969485e+00	5.7701599999999999e-02
3.7347898449224610e+00	5.7945600000000000e-02
3.7347918959479740e+00	5.8192099999999997e-02
3.7347939469734865e+00	5.8441300000000002e-02
3.7347959979989995e+00	5.8693099999999998e-02
3.7347980490245121e+00	5.8947600000000003e-02
3.7348001000500251e+00	5.9204899999999998e-02
3.7348021510755376e+00	5.9464900000000001e-02
3.7348042021010506e+00	5.9727700000000002e-02
3.7348062531265631e+00	5.9993499999999998e-02
3.7348083041520761e+00	6.0262099999999999e-02
3.7348103551775886e+00	6.0533700000000003e-02
3.7348124062031016e+00	6.0808399999999999e-02
3.7348144572286142e+00	6.1086099999999997e-02
3.7348165082541267e+00	6.1366900000000002e-02
3.7348185592796397e+00	6.1650900000000002e-02
3.7348206103051522e+00	6.1938199999999999e-02
3.7348226613306652e+00	6.2228699999999998e-02
3.7348247123561777e+00	6.2522599999999998e-02
3.7348267633816907e+00	6.2819799999999995e-02
3.7348288144072033e+00	6.3120599999999999e-02
3.7348308654327163e+00	6.3424800000000003e-02
3.7348329164582288e+00	6.3732700000000003e-02
3.7348349674837418e+00	6.4044199999999996e-02
3.7348370185092543e+00	6.4359399999999997e-02
3.7348390695347673e+00	6.4678399999999997e-02
3.7348411205602798e+00	6.5001199999999995e-02
3.7348431715857928e+00	6.5327999999999997e-02
3.7348452226113054e+00	6.5658700000000000e-02
3.7348472736368183e+00	6.5993599999999999e-02
3.7348493246623309e+00	6.6332500000000003e-02
3.7348513756878439e+00	6.6675700000000004e-02
3.7348534267133564e+00	6.7023200000000005e-02
3.7348554777388694e+00	6.7375099999999993e-02
3.7348575287643819e+00	6.7731399999999997e-02
3.7348595797898949e+00	6.8092299999999994e-02
3.7348616308154075e+00	6.8457799999999999e-02
3.7348636818409204e+00	6.8828000000000000e-02
3.7348657328664330e+00	6.9203100000000003e-02
3.7348677838919460e+00	6.9583099999999995e-02
3.7348698349174585e+00	6.9968000000000002e-02
3.7348718859429715e+00	7.0358100000000007e-02
3.7348739369684840e+00	7.0753399999999994e-02
3.7348759879939970e+00	7.1153999999999995e-02
3.7348780390195095e+00	7.1560100000000001e-02
3.7348800900450225e+00	7.1971700000000000e-02
3.7348821410705351e+00	7.2388900000000006e-02
3.7348841920960481e+00	7.2811899999999999e-02
3.7348862431215606e+00	7.3240700000000006e-02
3.7348882941470736e+00	7.3675599999999994e-02
3.7348903451725861e+00	7.4116600000000005e-02
3.7348923961980991e+00	7.4563800000000000e-02
3.7348944472236116e+00	7.5017500000000001e-02
3.7348964982491246e+00	7.5477600000000006e-02
3.7348985492746372e+00	7.5944499999999998e-02
3.7349006003001501e+00	7.6418100000000003e-02
3.7349026513256627e+00	7.6898800000000003e-02
3.7349047023511752e+00	7.7386499999999997e-02
3.7349067533766882e+00	7.7881500000000006e-02
3.7349088044022007e+00	7.8383999999999995e-02
3.7349108554277137e+00	7.8894000000000006e-02
3.7349129064532263e+00	7.9411899999999994e-02
3.7349149574787393e+00	7.9937599999999998e-02
3.7349170085042518e+00	8.0471500000000001e-02
3.7349190595297648e+00	8.1013799999999997e-02
3.7349211105552773e+00	8.1564499999999998e-02
3.7349231615807903e+00	8.2124000000000003e-02
3.7349252126063028e+00	8.2692299999999996e-02
3.7349272636318158e+00	8.3269800000000005e-02
3.7349293146573284e+00	8.3856700000000006e-02
3.7349313656828413e+00	8.4453100000000003e-02
3.7349334167083539e+00	8.5059300000000004e-02
3.7349354677338669e+00	8.5675600000000005e-02
3.7349375187593794e+00	8.6302199999999996e-02
3.7349395697848924e+00	8.6939299999999997e-02
3.7349416208104049e+00	8.7587200000000004e-02
3.7349436718359179e+00	8.8246099999999994e-02
3.7349457228614305e+00	8.8916499999999996e-02
3.7349477738869434e+00	8.9598499999999998e-02
3.7349498249124560e+00	9.0292399999999995e-02
3.7349518759379690e+00	9.0998599999999999e-02
3.7349539269634815e+00	9.1717400000000004e-02
3.7349559779889945e+00	9.2449100000000006e-02
3.7349580290145070e+00	9.3193999999999999e-02
3.7349600800400200e+00	9.3952499999999994e-02
3.7349621310655325e+00	9.4725000000000004e-02
3.7349641820910455e+00	9.5511899999999997e-02
3.7349662331165581e+00	9.6313499999999996e-02
3.7349682841420710e+00	9.7130200000000000e-02
3.7349703351675836e+00	9.7962499999999994e-02
3.7349723861930966e+00	9.8810800000000004e-02
3.7349744372186091e+00	9.9675600000000003e-02
3.7349764882441221e+00	1.0055699999999999e-01
3.7349785392696346e+00	1.0145600000000000e-01
3.7349805902951476e+00	1.0237300000000001e-01
3.7349826413206602e+00	1.0330900000000000e-01
3.7349846923461731e+00	1.0426299999999999e-01
3.7349867433716857e+00	1.0523700000000000e-01
3.7349887943971987e+00	1.0623100000000001e-01
3.7349908454227112e+00	1.0724599999999999e-01
3.7349928964482237e+00	1.0828300000000000e-01
3.7349949474737367e+00	1.0934099999999999e-01
3.7349969984992493e+00	1.1042200000000001e-01
3.7349990495247622e+00	1.1152600000000000e-01
3.7350011005502748e+00	1.1265500000000001e-01
3.7350031515757878e+00	1.1380800000000001e-01
3.7350052026013003e+00	1.1498800000000001e-01
3.7350072536268133e+00	1.1619300000000000e-01
3.7350093046523258e+00	1.1742700000000000e-01
3.7350113556778388e+00	1.1868800000000000e-01
3.7350134067033514e+00	1.1997900000000000e-01
3.7350154577288643e+00	1.2130000000000001e-01
3.7350175087543769e+00	1.2265300000000000e-01
3.7350195597798899e+00	1.2403699999999999e-01
3.7350216108054024e+00	1.2545600000000001e-01
3.7350236618309154e+00	1.2690899999999999e-01
3.7350257128564279e+00	1.2839800000000001e-01
3.7350277638819409e+00	1.2992400000000001e-01
3.7350298149074534e+00	1.3148799999999999e-01
3.7350318659329664e+00	1.3309299999999999e-01
3.7350339169584790e+00	1.3473800000000000e-01
3.7350359679839920e+00	1.3642699999999999e-01
3.7350380190095045e+00	1.3816000000000001e-01
3.7350400700350175e+00	1.3994000000000001e-01
3.7350421210605300e+00	1.4176700000000000e-01
3.7350441720860430e+00	1.4364399999999999e-01
3.7350462231115555e+00	1.4557300000000001e-01
3.7350482741370685e+00	1.4755599999999999e-01
3.7350503251625811e+00	1.4959400000000000e-01
3.7350523761880940e+00	1.5169099999999999e-01
3.7350544272136066e+00	1.5384800000000001e-01
3.7350564782391196e+00	1.5606800000000001e-01
3.7350585292646321e+00	1.5835399999999999e-01
3.7350605802901451e+00	1.6070799999999999e-01
3.7350626313156576e+00	1.6313300000000000e-01
3.7350646823411706e+00	1.6563300000000000e-01
3.7350667333666832e+00	1.6821000000000000e-01
3.7350687843921961e+00	1.7086799999999999e-01
3.7350708354177087e+00	1.7361099999999999e-01
3.7350728864432217e+00	1.7644099999999999e-01
3.7350749374687342e+00	1.7936400000000000e-01
3.7350769884942467e+00	1.8238399999999999e-01
3.7350790395197597e+00	1.8550400000000000e-01
3.7350810905452723e+00	1.8873000000000001e-01
3.7350831415707852e+00	1.9206599999999999e-01
3.7350851925962978e+00	1.9551900000000000e-01
3.7350872436218108e+00	1.9909199999999999e-01
3.7350892946473233e+00	2.0279300000000000e-01
3.7350913456728363e+00	2.0662800000000001e-01
3.7350933966983488e+00	2.1060300000000001e-01
3.7350954477238618e+00	2.1472500000000000e-01
3.7350974987493744e+00	2.1900200000000000e-01
3.7350995497748873e+00	2.2344200000000000e-01
3.7351016008003999e+00	2.2805300000000001e-01
3.7351036518259129e+00	2.3284400000000000e-01
3.7351057028514254e+00	2.3782500000000001e-01
3.7351077538769384e+00	2.4300500000000000e-01
3.7351098049024509e+00	2.4839700000000001e-01
3.7351118559279639e+00	2.5401000000000001e-01
3.7351139069534764e+00	2.5985799999999998e-01
3.7351159579789894e+00	2.6595299999999999e-01
3.7351180090045020e+00	2.7231000000000000e-01
3.7351200600300150e+00	2.7894300000000000e-01
3.7351221110555275e+00	2.8586699999999998e-01
3.7351241620810405e+00	2.9310000000000003e-01
3.7351262131065530e+00	3.0065900000000001e-01
3.7351282641320660e+00	3.0856299999999998e-01
3.7351303151575785e+00	3.1683200000000000e-01
3.7351323661830915e+00	3.2548700000000003e-01
3.7351344172086041e+00	3.3455200000000002e-01
3.7351364682341170e+00	3.4404899999999999e-01
3.7351385192596296e+00	3.5400500000000001e-01
3.7351405702851426e+00	3.6444599999999999e-01
3.7351426213106551e+00	3.7539899999999998e-01
3.7351446723361681e+00	3.8689499999999999e-01
3.7351467233616806e+00	3.9896399999999999e-01
3.7351487743871936e+00	4.1163899999999998e-01
3.7351508254127062e+00	4.2495200000000000e-01
3.7351528764382191e+00	4.3893700000000002e-01
3.7351549274637317e+00	4.5362799999999998e-01
3.7351569784892447e+00	4.6906100000000001e-01
3.7351590295147572e+00	4.8526900000000001e-01
3.7351610805402702e+00	5.0228600000000001e-01
3.7351631315657827e+00	5.2014199999999999e-01
3.7351651825912953e+00	5.3886500000000004e-01
3.7351672336168082e+00	5.5847800000000003e-01
3.7351692846423208e+00	5.7899800000000001e-01
3.7351713356678338e+00	6.0043100000000005e-01
3.7351733866933463e+00	6.2277400000000005e-01
3.7351754377188593e+00	6.4600900000000006e-01
3.7351774887443718e+00	6.7009700000000005e-01
3.7351795397698848e+00	6.9498000000000004e-01
3.7351815907953974e+00	7.2056699999999996e-01
3.7351836418209103e+00	7.4673900000000004e-01
3.7351856928464229e+00	7.7333399999999997e-01
3.7351877438719359e+00	8.0014799999999997e-01
3.7351897948974484e+00	8.2692299999999996e-01
3.7351918459229614e+00	8.5335099999999997e-01
3.7351938969484739e+00	8.7906200000000001e-01
3.7351959479739869e+00	9.0363099999999996e-01
3.7351979989994994e+00	9.2657999999999996e-01
3.7352000500250124e+00	9.4738299999999998e-01
3.7352021010505250e+00	9.6548500000000004e-01
3.7352041520760380e+00	9.8032100000000000e-01
3.7352062031015505e+00	9.9133700000000002e-01
3.7352082541270635e+00	9.9802900000000005e-01
3.7352103051525760e+00	9.9997000000000003e-01
3.7352123561780890e+00	9.9684399999999995e-01
3.7352144072036015e+00	9.8847300000000005e-01
3.7352164582291145e+00	9.7484099999999996e-01
3.7352185092546271e+00	9.5609800000000000e-01
3.7352205602801400e+00	9.3255600000000005e-01
3.7352226113056526e+00	9.0467600000000004e-01
3.7352246623311656e+00	8.7303600000000003e-01
3.7352267133566781e+00	8.3829399999999998e-01
3.7352287643821911e+00	8.0115599999999998e-01
3.7352308154077036e+00	7.6232900000000003e-01
3.7352328664332166e+00	7.2249699999999994e-01
3.7352349174587292e+00	6.8228599999999995e-01
3.7352369684842421e+00	6.4225200000000005e-01
3.7352390195097547e+00	6.0286600000000001e-01
3.7352410705352677e+00	5.6451399999999996e-01
3.7352431215607802e+00	5.2749500000000005e-01
3.7352451725862932e+00	4.9203300000000000e-01
3.7352472236118057e+00	4.5827899999999999e-01
3.7352492746373187e+00	4.2632599999999998e-01
3.7352513256628312e+00	3.9621699999999999e-01
3.7352533766883438e+00	3.6795400000000000e-01
3.7352554277138568e+00	3.4150999999999998e-01
3.7352574787393693e+00	3.1683299999999998e-01
3.7352595297648823e+00	2.9385400000000000e-01
3.7352615807903948e+00	2.7249299999999999e-01
3.7352636318159078e+00	2.5266400000000000e-01
3.7352656828414204e+00	2.3427600000000001e-01
3.7352677338669333e+00	2.1723799999999999e-01
3.7352697848924459e+00	2.0146000000000000e-01
3.7352718359179589e+00	1.8685499999999999e-01
3.7352738869434714e+00	1.7333699999999999e-01
3.7352759379689844e+00	1.6082800000000000e-01
3.7352779889944969e+00	1.4924999999999999e-01
3.7352800400200099e+00	1.3853399999999999e-01
3.7352820910455224e+00	1.2861300000000001e-01
3.7352841420710354e+00	1.1942600000000000e-01
3.7352861930965480e+00	1.1091500000000000e-01
3.7352882441220610e+00	1.0302799999999999e-01
3.7352902951475735e+00	9.5716300000000004e-02
3.7352923461730865e+00	8.8934799999999994e-02
3.7352943971985990e+00	8.2642400000000005e-02
3.7352964482241120e+00	7.6801200000000000e-02
3.7352984992496245e+00	7.1376400000000007e-02
3.7353005502751375e+00	6.6336099999999995e-02
3.7353026013006501e+00	6.1650900000000002e-02
3.7353046523261630e+00	5.7293799999999999e-02
3.7353067033516756e+00	5.3240200000000001e-02
3.7353087543771886e+00	4.9467400000000002e-02
3.7353108054027011e+00	4.5954500000000002e-02
3.7353128564282141e+00	4.2682499999999998e-02
3.7353149074537266e+00	3.9633599999999998e-02
3.7353169584792396e+00	3.6791800000000000e-02
3.7353190095047522e+00	3.4142100000000002e-02
3.7353210605302651e+00	3.1670900000000002e-02
3.7353231115557777e+00	2.9365599999999999e-02
3.7353251625812907e+00	2.7214700000000001e-02
3.7353272136068032e+00	2.5207299999999998e-02
3.7353292646323162e+00	2.3333599999999999e-02
3.7353313156578287e+00	2.1584500000000000e-02
3.7353333666833417e+00	1.9951600000000000e-02
3.7353354177088542e+00	1.8427200000000001e-02
3.7353374687343672e+00	1.7003999999999998e-02
3.7353395197598798e+00	1.5675399999999999e-02
3.7353415707853923e+00	1.4435200000000000e-02
3.7353436218109053e+00	1.3277700000000000e-02
3.7353456728364178e+00	1.2197599999999999e-02
3.7353477238619308e+00	1.1190100000000000e-02
3.7353497748874434e+00	1.0250499999999999e-02
3.7353518259129563e+00	9.3746000000000003e-03
3.7353538769384689e+00	8.5584900000000002e-03
3.7353559279639819e+00	7.7984999999999999e-03
3.7353579789894944e+00	7.0911999999999998e-03
3.7353600300150074e+00	6.4334400000000003e-03
3.7353620810405199e+00	5.8222500000000002e-03
3.7353641320660329e+00	5.2548600000000001e-03
3.7353661830915454e+00	4.7287199999999996e-03
3.7353682341170584e+00	4.2414000000000002e-03
3.7353702851425710e+00	3.7906699999999999e-03
3.7353723361680840e+00	3.3744399999999998e-03
3.7353743871935965e+00	2.9907300000000000e-03
3.7353764382191095e+00	2.6377100000000001e-03
3.7353784892446220e+00	2.3136699999999999e-03
3.7353805402701350e+00	2.0169900000000002e-03
3.7353825912956475e+00	1.7461700000000000e-03
3.7353846423211605e+00	1.4997999999999999e-03
3.7353866933466731e+00	1.2765400000000001e-03
3.7353887443721860e+00	1.0751599999999999e-03
3.7353907953976986e+00	8.9448700000000002e-04
3.7353928464232116e+00	7.3342199999999996e-04
3.7353948974487241e+00	5.9093700000000004e-04
3.7353969484742371e+00	4.6606300000000001e-04
3.7353989994997496e+00	3.5788800000000000e-04
3.7354010505252626e+00	2.6555699999999998e-04
3.7354031015507752e+00	1.8826199999999999e-04
3.7354051525762881e+00	1.2524300000000001e-04
3.7354072036018007e+00	7.5787399999999999e-05
3.7354092546273137e+00	3.9219800000000000e-05
3.7354113056528262e+00	1.4905900000000001e-05
3.7354133566783392e+00	2.2470700000000001e-06
3.7354154077038517e+00	6.7904800000000003e-07
3.7354174587293647e+00	9.6694900000000005e-06
3.7354195097548772e+00	2.8716100000000001e-05
3.7354215607803902e+00	5.7345000000000001e-05
3.7354236118059028e+00	9.5108500000000006e-05
3.7354256628314157e+00	1.4158399999999999e-04
3.7354277138569283e+00	1.9637300000000001e-04
3.7354297648824408e+00	2.5909799999999998e-04
3.7354318159079538e+00	3.2940399999999999e-04
3.7354338669334664e+00	4.0695299999999999e-04
3.7354359179589793e+00	4.9142800000000003e-04
3.7354379689844919e+00	5.8252800000000002e-04
3.7354400200100049e+00	6.7996899999999999e-04
3.7354420710355174e+00	7.8348299999999997e-04
3.7354441220610304e+00	8.9281500000000004e-04
3.7354461730865429e+00	1.0077300000000001e-03
3.7354482241120559e+00	1.1279899999999999e-03
3.7354502751375684e+00	1.2533900000000001e-03
3.7354523261630814e+00	1.3837200000000000e-03
3.7354543771885940e+00	1.5188000000000001e-03
3.7354564282141069e+00	1.6584300000000000e-03
3.7354584792396195e+00	1.8024600000000001e-03
3.7354605302651325e+00	1.9507200000000000e-03
3.7354625812906450e+00	2.1030500000000000e-03
3.7354646323161580e+00	2.2593100000000001e-03
3.7354666833416705e+00	2.4193600000000002e-03
3.7354687343671835e+00	2.5830800000000002e-03
3.7354707853926961e+00	2.7503400000000000e-03
3.7354728364182090e+00	2.9210400000000002e-03
3.7354748874437216e+00	3.0950499999999998e-03
3.7354769384692346e+00	3.2722900000000002e-03
3.7354789894947471e+00	3.4526399999999999e-03
3.7354810405202601e+00	3.6360400000000001e-03
3.7354830915457726e+00	3.8223799999999998e-03
3.7354851425712856e+00	4.0115899999999998e-03
3.7354871935967981e+00	4.2035900000000001e-03
3.7354892446223111e+00	4.3983199999999998e-03
3.7354912956478237e+00	4.5957100000000002e-03
3.7354933466733367e+00	4.7957000000000000e-03
3.7354953976988492e+00	4.9982300000000002e-03
3.7354974487243622e+00	5.2032500000000004e-03
3.7354994997498747e+00	5.4107100000000000e-03
3.7355015507753877e+00	5.6205600000000001e-03
3.7355036018009002e+00	5.8327600000000002e-03
3.7355056528264132e+00	6.0472800000000004e-03
3.7355077038519258e+00	6.2640700000000001e-03
3.7355097548774387e+00	6.4831100000000003e-03
3.7355118059029513e+00	6.7043500000000004e-03
3.7355138569284638e+00	6.9277899999999996e-03
3.7355159079539768e+00	7.1533899999999999e-03
3.7355179589794894e+00	7.3811299999999996e-03
3.7355200100050023e+00	7.6109999999999997e-03
3.7355220610305149e+00	7.8429699999999995e-03
3.7355241120560279e+00	8.0770300000000007e-03
3.7355261630815404e+00	8.3131699999999999e-03
3.7355282141070534e+00	8.5513900000000007e-03
3.7355302651325659e+00	8.7916699999999997e-03
3.7355323161580789e+00	9.0340000000000004e-03
3.7355343671835914e+00	9.2783999999999991e-03
3.7355364182091044e+00	9.5248399999999997e-03
3.7355384692346170e+00	9.7733400000000002e-03
3.7355405202601299e+00	1.0023900000000001e-02
3.7355425712856425e+00	1.0276499999999999e-02
3.7355446223111555e+00	1.0531199999999999e-02
3.7355466733366680e+00	1.0788000000000001e-02
3.7355487243621810e+00	1.1046800000000001e-02
3.7355507753876935e+00	1.1307800000000000e-02
3.7355528264132065e+00	1.1570799999999999e-02
3.7355548774387191e+00	1.1835999999999999e-02
3.7355569284642320e+00	1.2103400000000000e-02
3.7355589794897446e+00	1.2372899999999999e-02
3.7355610305152576e+00	1.2644499999999999e-02
3.7355630815407701e+00	1.2918400000000000e-02
3.7355651325662831e+00	1.3194500000000000e-02
3.7355671835917956e+00	1.3472899999999999e-02
3.7355692346173086e+00	1.3753500000000000e-02
3.7355712856428211e+00	1.4036500000000000e-02
3.7355733366683341e+00	1.4321700000000000e-02
3.7355753876938467e+00	1.4609400000000000e-02
3.7355774387193597e+00	1.4899400000000000e-02
3.7355794897448722e+00	1.5191900000000000e-02
3.7355815407703852e+00	1.5486800000000000e-02
3.7355835917958977e+00	1.5784200000000002e-02
3.7355856428214107e+00	1.6084200000000000e-02
3.7355876938469232e+00	1.6386800000000000e-02
3.7355897448724362e+00	1.6691999999999999e-02
3.7355917958979488e+00	1.6999799999999999e-02
3.7355938469234617e+00	1.7310400000000000e-02
3.7355958979489743e+00	1.7623699999999999e-02
3.7355979489744873e+00	1.7939799999999999e-02
3.7355999999999998e+00	1.8258799999999999e-02
