3.7315000000000000e+00	2.1068900000000002e-02
3.7315020510255126e+00	2.1097600000000001e-02
3.7315041020510256e+00	2.1126499999999999e-02
3.7315061530765381e+00	2.1155500000000001e-02
3.7315082041020511e+00	2.1184700000000001e-02
3.7315102551275636e+00	2.1213900000000001e-02
3.7315123061530766e+00	2.1243399999999999e-02
3.7315143571785891e+00	2.1272900000000001e-02
3.7315164082041021e+00	2.1302600000000001e-02
3.7315184592296147e+00	2.1332400000000001e-02
3.7315205102551277e+00	2.1362400000000000e-02
3.7315225612806402e+00	2.1392499999999998e-02
3.7315246123061532e+00	2.1422699999999999e-02
3.7315266633316657e+00	2.1453099999999999e-02
3.7315287143571787e+00	2.1483599999999999e-02
3.7315307653826912e+00	2.1514300000000000e-02
3.7315328164082042e+00	2.1545100000000001e-02
3.7315348674337168e+00	2.1576100000000001e-02
3.7315369184592297e+00	2.1607200000000000e-02
3.7315389694847423e+00	2.1638500000000001e-02
3.7315410205102553e+00	2.1669899999999999e-02
3.7315430715357678e+00	2.1701399999999999e-02
3.7315451225612808e+00	2.1733100000000002e-02
3.7315471735867933e+00	2.1765000000000000e-02
3.7315492246123063e+00	2.1797000000000000e-02
3.7315512756378189e+00	2.1829200000000000e-02
3.7315533266633318e+00	2.1861599999999998e-02
3.7315553776888444e+00	2.1894100000000000e-02
3.7315574287143574e+00	2.1926800000000000e-02
3.7315594797398699e+00	2.1959599999999999e-02
3.7315615307653829e+00	2.1992600000000001e-02
3.7315635817908954e+00	2.2025699999999999e-02
3.7315656328164084e+00	2.2059100000000002e-02
3.7315676838419209e+00	2.2092600000000000e-02
3.7315697348674339e+00	2.2126300000000002e-02
3.7315717858929465e+00	2.2160099999999999e-02
3.7315738369184595e+00	2.2194100000000001e-02
3.7315758879439720e+00	2.2228299999999999e-02
3.7315779389694850e+00	2.2262700000000000e-02
3.7315799899949975e+00	2.2297200000000000e-02
3.7315820410205105e+00	2.2332000000000001e-02
3.7315840920460230e+00	2.2366899999999999e-02
3.7315861430715360e+00	2.2401999999999998e-02
3.7315881940970486e+00	2.2437300000000000e-02
3.7315902451225611e+00	2.2472800000000001e-02
3.7315922961480741e+00	2.2508400000000001e-02
3.7315943471735866e+00	2.2544300000000000e-02
3.7315963981990996e+00	2.2580400000000000e-02
3.7315984492246121e+00	2.2616600000000001e-02
3.7316005002501251e+00	2.2653099999999999e-02
3.7316025512756377e+00	2.2689700000000000e-02
3.7316046023011507e+00	2.2726600000000000e-02
3.7316066533266632e+00	2.2763599999999998e-02
3.7316087043521762e+00	2.2800899999999999e-02
3.7316107553776887e+00	2.2838399999999998e-02
3.7316128064032017e+00	2.2876100000000000e-02
3.7316148574287142e+00	2.2913900000000001e-02
3.7316169084542272e+00	2.2952100000000000e-02
3.7316189594797398e+00	2.2990400000000001e-02
3.7316210105052527e+00	2.3028900000000001e-02
3.7316230615307653e+00	2.3067700000000000e-02
3.7316251125562783e+00	2.3106700000000001e-02
3.7316271635817908e+00	2.3145900000000001e-02
3.7316292146073038e+00	2.3185399999999998e-02
3.7316312656328163e+00	2.3225099999999999e-02
3.7316333166583293e+00	2.3265000000000001e-02
3.7316353676838419e+00	2.3305099999999999e-02
3.7316374187093548e+00	2.3345500000000002e-02
3.7316394697348674e+00	2.3386100000000000e-02
3.7316415207603804e+00	2.3427000000000000e-02
3.7316435717858929e+00	2.3468099999999999e-02
3.7316456228114059e+00	2.3509499999999999e-02
3.7316476738369184e+00	2.3551099999999998e-02
3.7316497248624314e+00	2.3592999999999999e-02
3.7316517758879439e+00	2.3635199999999999e-02
3.7316538269134569e+00	2.3677600000000000e-02
3.7316558779389695e+00	2.3720200000000000e-02
3.7316579289644825e+00	2.3763200000000002e-02
3.7316599799899950e+00	2.3806399999999998e-02
3.7316620310155080e+00	2.3849800000000001e-02
3.7316640820410205e+00	2.3893600000000001e-02
3.7316661330665335e+00	2.3937600000000000e-02
3.7316681840920460e+00	2.3981900000000000e-02
3.7316702351175590e+00	2.4026499999999999e-02
3.7316722861430716e+00	2.4071400000000000e-02
3.7316743371685845e+00	2.4116599999999998e-02
3.7316763881940971e+00	2.4162099999999999e-02
3.7316784392196096e+00	2.4207900000000001e-02
3.7316804902451226e+00	2.4253899999999998e-02
3.7316825412706351e+00	2.4300300000000000e-02
3.7316845922961481e+00	2.4347000000000001e-02
3.7316866433216607e+00	2.4394099999999998e-02
3.7316886943471737e+00	2.4441399999999999e-02
3.7316907453726862e+00	2.4489000000000000e-02
3.7316927963981992e+00	2.4537000000000000e-02
3.7316948474237117e+00	2.4585300000000001e-02
3.7316968984492247e+00	2.4634000000000000e-02
3.7316989494747372e+00	2.4683000000000000e-02
3.7317010005002502e+00	2.4732299999999999e-02
3.7317030515257628e+00	2.4781999999999998e-02
3.7317051025512757e+00	2.4832000000000000e-02
3.7317071535767883e+00	2.4882399999999999e-02
3.7317092046023013e+00	2.4933199999999999e-02
3.7317112556278138e+00	2.4984300000000001e-02
3.7317133066533268e+00	2.5035800000000000e-02
3.7317153576788393e+00	2.5087600000000002e-02
3.7317174087043523e+00	2.5139900000000000e-02
3.7317194597298649e+00	2.5192500000000000e-02
3.7317215107553778e+00	2.5245500000000001e-02
3.7317235617808904e+00	2.5298899999999999e-02
3.7317256128064034e+00	2.5352800000000002e-02
3.7317276638319159e+00	2.5406999999999999e-02
3.7317297148574289e+00	2.5461600000000001e-02
3.7317317658829414e+00	2.5516700000000000e-02
3.7317338169084544e+00	2.5572200000000000e-02
3.7317358679339669e+00	2.5628100000000001e-02
3.7317379189594799e+00	2.5684400000000000e-02
3.7317399699849925e+00	2.5741199999999999e-02
3.7317420210105055e+00	2.5798399999999999e-02
3.7317440720360180e+00	2.5856100000000000e-02
3.7317461230615310e+00	2.5914300000000001e-02
3.7317481740870435e+00	2.5972900000000000e-02
3.7317502251125565e+00	2.6032000000000000e-02
3.7317522761380690e+00	2.6091600000000000e-02
3.7317543271635820e+00	2.6151600000000001e-02
3.7317563781890946e+00	2.6212200000000001e-02
3.7317584292146075e+00	2.6273200000000000e-02
3.7317604802401201e+00	2.6334799999999998e-02
3.7317625312656326e+00	2.6396900000000001e-02
3.7317645822911456e+00	2.6459500000000000e-02
3.7317666333166581e+00	2.6522600000000000e-02
3.7317686843421711e+00	2.6586300000000000e-02
3.7317707353676837e+00	2.6650600000000000e-02
3.7317727863931967e+00	2.6715400000000000e-02
3.7317748374187092e+00	2.6780700000000001e-02
3.7317768884442222e+00	2.6846700000000001e-02
3.7317789394697347e+00	2.6913200000000002e-02
3.7317809904952477e+00	2.6980299999999999e-02
3.7317830415207602e+00	2.7047999999999999e-02
3.7317850925462732e+00	2.7116399999999999e-02
3.7317871435717858e+00	2.7185299999999999e-02
3.7317891945972987e+00	2.7254899999999999e-02
3.7317912456228113e+00	2.7325200000000001e-02
3.7317932966483243e+00	2.7396000000000000e-02
3.7317953476738368e+00	2.7467599999999998e-02
3.7317973986993498e+00	2.7539800000000000e-02
3.7317994497248623e+00	2.7612700000000000e-02
3.7318015007503753e+00	2.7686400000000000e-02
3.7318035517758879e+00	2.7760699999999999e-02
3.7318056028014008e+00	2.7835700000000001e-02
3.7318076538269134e+00	2.7911499999999999e-02
3.7318097048524264e+00	2.7988099999999998e-02
3.7318117558779389e+00	2.8065300000000001e-02
3.7318138069034519e+00	2.8143399999999999e-02
3.7318158579289644e+00	2.8222299999999999e-02
3.7318179089544774e+00	2.8301900000000001e-02
3.7318199599799899e+00	2.8382399999999999e-02
3.7318220110055029e+00	2.8463700000000001e-02
3.7318240620310155e+00	2.8545899999999999e-02
3.7318261130565284e+00	2.8628899999999999e-02
3.7318281640820410e+00	2.8712800000000000e-02
3.7318302151075540e+00	2.8797500000000000e-02
3.7318322661330665e+00	2.8883200000000001e-02
3.7318343171585795e+00	2.8969900000000000e-02
3.7318363681840920e+00	2.9057400000000001e-02
3.7318384192096050e+00	2.9145899999999999e-02
3.7318404702351176e+00	2.9235500000000001e-02
3.7318425212606305e+00	2.9326000000000001e-02
3.7318445722861431e+00	2.9417499999999999e-02
3.7318466233116561e+00	2.9510100000000001e-02
3.7318486743371686e+00	2.9603700000000000e-02
3.7318507253626811e+00	2.9698400000000000e-02
3.7318527763881941e+00	2.9794200000000000e-02
3.7318548274137067e+00	2.9891100000000000e-02
3.7318568784392196e+00	2.9989200000000001e-02
3.7318589294647322e+00	3.0088500000000001e-02
3.7318609804902452e+00	3.0188900000000001e-02
3.7318630315157577e+00	3.0290600000000001e-02
3.7318650825412707e+00	3.0393500000000000e-02
3.7318671335667832e+00	3.0497699999999999e-02
3.7318691845922962e+00	3.0603100000000001e-02
3.7318712356178088e+00	3.0710000000000001e-02
3.7318732866433217e+00	3.0818100000000001e-02
3.7318753376688343e+00	3.0927699999999999e-02
3.7318773886943473e+00	3.1038600000000000e-02
3.7318794397198598e+00	3.1151000000000002e-02
3.7318814907453728e+00	3.1264899999999998e-02
3.7318835417708853e+00	3.1380300000000000e-02
3.7318855927963983e+00	3.1497299999999999e-02
3.7318876438219108e+00	3.1615799999999999e-02
3.7318896948474238e+00	3.1736000000000000e-02
3.7318917458729364e+00	3.1857799999999999e-02
3.7318937968984494e+00	3.1981299999999997e-02
3.7318958479239619e+00	3.2106500000000003e-02
3.7318978989494749e+00	3.2233499999999998e-02
3.7318999499749874e+00	3.2362299999999997e-02
3.7319020010005004e+00	3.2493000000000001e-02
3.7319040520260129e+00	3.2625599999999998e-02
3.7319061030515259e+00	3.2760200000000003e-02
3.7319081540770385e+00	3.2896700000000001e-02
3.7319102051025514e+00	3.3035299999999997e-02
3.7319122561280640e+00	3.3176100000000000e-02
3.7319143071535770e+00	3.3318899999999999e-02
3.7319163581790895e+00	3.3464000000000001e-02
3.7319184092046025e+00	3.3611400000000000e-02
3.7319204602301150e+00	3.3761100000000002e-02
3.7319225112556280e+00	3.3913199999999998e-02
3.7319245622811406e+00	3.4067699999999999e-02
3.7319266133066535e+00	3.4224800000000000e-02
3.7319286643321661e+00	3.4384499999999998e-02
3.7319307153576791e+00	3.4546800000000003e-02
3.7319327663831916e+00	3.4711899999999997e-02
3.7319348174087046e+00	3.4879800000000002e-02
3.7319368684342171e+00	3.5050600000000001e-02
3.7319389194597297e+00	3.5224400000000003e-02
3.7319409704852426e+00	3.5401200000000001e-02
3.7319430215107552e+00	3.5581200000000000e-02
3.7319450725362682e+00	3.5764499999999998e-02
3.7319471235617807e+00	3.5951100000000000e-02
3.7319491745872937e+00	3.6141100000000002e-02
3.7319512256128062e+00	3.6334699999999998e-02
3.7319532766383192e+00	3.6532000000000002e-02
3.7319553276638318e+00	3.6733000000000002e-02
3.7319573786893447e+00	3.6937900000000003e-02
3.7319594297148573e+00	3.7146800000000001e-02
3.7319614807403703e+00	3.7359900000000001e-02
3.7319635317658828e+00	3.7577300000000001e-02
3.7319655827913958e+00	3.7799100000000002e-02
3.7319676338169083e+00	3.8025400000000001e-02
3.7319696848424213e+00	3.8256499999999999e-02
3.7319717358679338e+00	3.8492400000000003e-02
3.7319737868934468e+00	3.8733400000000001e-02
3.7319758379189594e+00	3.8979600000000003e-02
3.7319778889444724e+00	3.9231299999999997e-02
3.7319799399699849e+00	3.9488500000000003e-02
3.7319819909954979e+00	3.9751500000000002e-02
3.7319840420210104e+00	4.0020500000000001e-02
3.7319860930465234e+00	4.0295800000000000e-02
3.7319881440720359e+00	4.0577599999999998e-02
3.7319901950975489e+00	4.0866000000000000e-02
3.7319922461230615e+00	4.1161400000000001e-02
3.7319942971485744e+00	4.1464000000000001e-02
3.7319963481740870e+00	4.1774199999999997e-02
3.7319983991996000e+00	4.2092200000000003e-02
3.7320004502251125e+00	4.2418299999999999e-02
3.7320025012506255e+00	4.2752900000000003e-02
3.7320045522761380e+00	4.3096299999999997e-02
3.7320066033016510e+00	4.3448899999999999e-02
3.7320086543271636e+00	4.3811000000000003e-02
3.7320107053526765e+00	4.4183199999999999e-02
3.7320127563781891e+00	4.4565800000000003e-02
3.7320148074037021e+00	4.4959199999999998e-02
3.7320168584292146e+00	4.5364099999999997e-02
3.7320189094547276e+00	4.5780800000000003e-02
3.7320209604802401e+00	4.6210000000000001e-02
3.7320230115057531e+00	4.6652199999999998e-02
3.7320250625312656e+00	4.7108100000000000e-02
3.7320271135567782e+00	4.7578299999999997e-02
3.7320291645822912e+00	4.8063500000000002e-02
3.7320312156078037e+00	4.8564499999999997e-02
3.7320332666333167e+00	4.9082099999999997e-02
3.7320353176588292e+00	4.9617099999999997e-02
3.7320373686843422e+00	5.0170500000000000e-02
3.7320394197098548e+00	5.0743200000000002e-02
3.7320414707353677e+00	5.1336199999999999e-02
3.7320435217608803e+00	5.1950799999999998e-02
3.7320455727863933e+00	5.2588200000000002e-02
3.7320476238119058e+00	5.3249499999999998e-02
3.7320496748374188e+00	5.3936300000000000e-02
3.7320517258629313e+00	5.4649999999999997e-02
3.7320537768884443e+00	5.5392200000000003e-02
3.7320558279139568e+00	5.6164800000000001e-02
3.7320578789394698e+00	5.6969699999999998e-02
3.7320599299649824e+00	5.7808800000000000e-02
3.7320619809904954e+00	5.8684600000000003e-02
3.7320640320160079e+00	5.9599300000000001e-02
3.7320660830415209e+00	6.0555600000000001e-02
3.7320681340670334e+00	6.1556500000000000e-02
3.7320701850925464e+00	6.2605200000000000e-02
3.7320722361180589e+00	6.3705100000000001e-02
3.7320742871435719e+00	6.4860000000000001e-02
3.7320763381690845e+00	6.6073999999999994e-02
3.7320783891945974e+00	6.7351999999999995e-02
3.7320804402201100e+00	6.8698800000000004e-02
3.7320824912456230e+00	7.0120199999999994e-02
3.7320845422711355e+00	7.1622300000000000e-02
3.7320865932966485e+00	7.3212299999999994e-02
3.7320886443221610e+00	7.4897699999999998e-02
3.7320906953476740e+00	7.6687199999999997e-02
3.7320927463731866e+00	7.8590599999999997e-02
3.7320947973986995e+00	8.0618700000000001e-02
3.7320968484242121e+00	8.2783800000000005e-02
3.7320988994497251e+00	8.5099800000000003e-02
3.7321009504752376e+00	8.7582499999999994e-02
3.7321030015007506e+00	9.0249800000000005e-02
3.7321050525262631e+00	9.3122300000000005e-02
3.7321071035517761e+00	9.6223400000000001e-02
3.7321091545772886e+00	9.9580299999999997e-02
3.7321112056028012e+00	1.0322500000000000e-01
3.7321132566283142e+00	1.0719200000000000e-01
3.7321153076538267e+00	1.1152700000000000e-01
3.7321173586793397e+00	1.1627800000000001e-01
3.7321194097048522e+00	1.2150400000000000e-01
3.7321214607303652e+00	1.2727700000000000e-01
3.7321235117558778e+00	1.3367999999999999e-01
3.7321255627813907e+00	1.4081299999999999e-01
3.7321276138069033e+00	1.4879999999999999e-01
3.7321296648324163e+00	1.5779000000000001e-01
3.7321317158579288e+00	1.6796500000000000e-01
3.7321337668834418e+00	1.7955199999999999e-01
3.7321358179089543e+00	1.9283500000000001e-01
3.7321378689344673e+00	2.0816799999999999e-01
3.7321399199599798e+00	2.2600300000000001e-01
3.7321419709854928e+00	2.4691399999999999e-01
3.7321440220110054e+00	2.7163900000000002e-01
3.7321460730365184e+00	3.0112800000000001e-01
3.7321481240620309e+00	3.3659899999999998e-01
3.7321501750875439e+00	3.7959999999999999e-01
3.7321522261130564e+00	4.3203999999999998e-01
3.7321542771385694e+00	4.9612200000000001e-01
3.7321563281640819e+00	5.7398000000000005e-01
3.7321583791895949e+00	6.6666000000000003e-01
3.7321604302151075e+00	7.7173899999999995e-01
3.7321624812406204e+00	8.7906200000000001e-01
3.7321645322661330e+00	9.6607799999999999e-01
3.7321665832916460e+00	9.9994000000000005e-01
3.7321686343171585e+00	9.5554300000000003e-01
3.7321706853426715e+00	8.3918300000000001e-01
3.7321727363681840e+00	6.8668600000000002e-01
3.7321747873936970e+00	5.3589900000000001e-01
3.7321768384192096e+00	4.0776000000000001e-01
3.7321788894447225e+00	3.0726100000000001e-01
3.7321809404702351e+00	2.3141600000000001e-01
3.7321829914957481e+00	1.7501700000000001e-01
3.7321850425212606e+00	1.3316000000000000e-01
3.7321870935467736e+00	1.0195200000000000e-01
3.7321891445722861e+00	7.8503400000000001e-02
3.7321911955977991e+00	6.0731000000000000e-02
3.7321932466233116e+00	4.7142400000000001e-02
3.7321952976488246e+00	3.6667600000000002e-02
3.7321973486743372e+00	2.8534400000000001e-02
3.7321993996998497e+00	2.2180399999999999e-02
3.7322014507253627e+00	1.7191900000000000e-02
3.7322035017508752e+00	1.3261200000000001e-02
3.7322055527763882e+00	1.0157200000000000e-02
3.7322076038019008e+00	7.7044399999999999e-03
3.7322096548274137e+00	5.7686800000000000e-03
3.7322117058529263e+00	4.2459700000000000e-03
3.7322137568784393e+00	3.0553400000000001e-03
3.7322158079039518e+00	2.1331100000000001e-03
3.7322178589294648e+00	1.4289000000000001e-03
3.7322199099549773e+00	9.0252699999999997e-04
3.7322219609804903e+00	5.2175099999999999e-04
3.7322240120060028e+00	2.6056000000000001e-04
3.7322260630315158e+00	9.7841400000000001e-05
3.7322281140570284e+00	1.6374800000000001e-05
3.7322301650825414e+00	2.0490100000000001e-06
3.7322322161080539e+00	4.3250100000000001e-05
3.7322342671335669e+00	1.3038200000000001e-04
3.7322363181590794e+00	2.5548500000000001e-04
3.7322383691845924e+00	4.1193900000000000e-04
3.7322404202101049e+00	5.9421799999999998e-04
3.7322424712356179e+00	7.9769599999999997e-04
3.7322445222611305e+00	1.0185000000000001e-03
3.7322465732866434e+00	1.2533600000000000e-03
3.7322486243121560e+00	1.4995300000000000e-03
3.7322506753376690e+00	1.7547100000000000e-03
3.7322527263631815e+00	2.0169200000000002e-03
3.7322547773886945e+00	2.2845299999999999e-03
3.7322568284142070e+00	2.5561400000000001e-03
3.7322588794397200e+00	2.8305499999999998e-03
3.7322609304652326e+00	3.1067800000000000e-03
3.7322629814907455e+00	3.3839800000000000e-03
3.7322650325162581e+00	3.6614299999999998e-03
3.7322670835417711e+00	3.9385399999999999e-03
3.7322691345672836e+00	4.2148000000000003e-03
3.7322711855927966e+00	4.4897799999999996e-03
3.7322732366183091e+00	4.7631300000000000e-03
3.7322752876438221e+00	5.0345600000000004e-03
3.7322773386693346e+00	5.3038299999999998e-03
3.7322793896948476e+00	5.5707300000000003e-03
3.7322814407203602e+00	5.8351100000000001e-03
3.7322834917458731e+00	6.0968300000000001e-03
3.7322855427713857e+00	6.3558099999999999e-03
3.7322875937968982e+00	6.6119500000000001e-03
3.7322896448224112e+00	6.8652100000000001e-03
3.7322916958479238e+00	7.1155400000000001e-03
3.7322937468734367e+00	7.3629200000000002e-03
3.7322957978989493e+00	7.6073499999999997e-03
3.7322978489244623e+00	7.8488099999999995e-03
3.7322998999499748e+00	8.0873300000000002e-03
3.7323019509754878e+00	8.3229099999999993e-03
3.7323040020010003e+00	8.5555900000000001e-03
3.7323060530265133e+00	8.7853900000000006e-03
3.7323081040520258e+00	9.0123500000000006e-03
3.7323101550775388e+00	9.2364999999999999e-03
3.7323122061030514e+00	9.4579000000000000e-03
3.7323142571285643e+00	9.6765800000000006e-03
3.7323163081540769e+00	9.8925799999999998e-03
3.7323183591795899e+00	1.0106000000000000e-02
3.7323204102051024e+00	1.0316799999999999e-02
3.7323224612306154e+00	1.0525100000000001e-02
3.7323245122561279e+00	1.0730900000000000e-02
3.7323265632816409e+00	1.0934299999999999e-02
3.7323286143071535e+00	1.1135400000000000e-02
3.7323306653326664e+00	1.1334100000000000e-02
3.7323327163581790e+00	1.1530600000000000e-02
3.7323347673836920e+00	1.1724900000000000e-02
3.7323368184092045e+00	1.1917000000000001e-02
3.7323388694347175e+00	1.2107000000000000e-02
3.7323409204602300e+00	1.2295000000000000e-02
3.7323429714857430e+00	1.2480900000000000e-02
3.7323450225112556e+00	1.2664900000000000e-02
3.7323470735367685e+00	1.2847000000000001e-02
3.7323491245622811e+00	1.3027300000000000e-02
3.7323511755877941e+00	1.3205700000000001e-02
3.7323532266133066e+00	1.3382399999999999e-02
3.7323552776388196e+00	1.3557400000000001e-02
3.7323573286643321e+00	1.3730600000000001e-02
3.7323593796898451e+00	1.3902299999999999e-02
3.7323614307153576e+00	1.4072400000000001e-02
3.7323634817408706e+00	1.4240900000000001e-02
3.7323655327663832e+00	1.4407900000000000e-02
3.7323675837918961e+00	1.4573500000000000e-02
3.7323696348174087e+00	1.4737600000000000e-02
3.7323716858429217e+00	1.4900300000000000e-02
3.7323737368684342e+00	1.5061800000000000e-02
3.7323757878939468e+00	1.5221800000000001e-02
3.7323778389194597e+00	1.5380700000000001e-02
3.7323798899449723e+00	1.5538300000000000e-02
3.7323819409704853e+00	1.5694600000000000e-02
3.7323839919959978e+00	1.5849900000000000e-02
3.7323860430215108e+00	1.6004000000000001e-02
3.7323880940470233e+00	1.6156899999999998e-02
3.7323901450725363e+00	1.6308799999999998e-02
3.7323921960980488e+00	1.6459700000000001e-02
3.7323942471235618e+00	1.6609599999999999e-02
3.7323962981490744e+00	1.6758499999999999e-02
3.7323983491745873e+00	1.6906399999999999e-02
3.7324004002000999e+00	1.7053400000000000e-02
3.7324024512256129e+00	1.7199599999999999e-02
3.7324045022511254e+00	1.7344800000000000e-02
3.7324065532766384e+00	1.7489200000000000e-02
3.7324086043021509e+00	1.7632900000000000e-02
3.7324106553276639e+00	1.7775699999999998e-02
3.7324127063531765e+00	1.7917800000000001e-02
3.7324147573786894e+00	1.8059100000000002e-02
3.7324168084042020e+00	1.8199699999999999e-02
3.7324188594297150e+00	1.8339600000000001e-02
3.7324209104552275e+00	1.8478899999999999e-02
3.7324229614807405e+00	1.8617499999999999e-02
3.7324250125062530e+00	1.8755600000000001e-02
3.7324270635317660e+00	1.8893000000000000e-02
3.7324291145572785e+00	1.9029799999999999e-02
3.7324311655827915e+00	1.9166099999999998e-02
3.7324332166083041e+00	1.9301800000000001e-02
3.7324352676338171e+00	1.9437099999999999e-02
3.7324373186593296e+00	1.9571800000000000e-02
3.7324393696848426e+00	1.9706100000000001e-02
3.7324414207103551e+00	1.9839900000000001e-02
3.7324434717358681e+00	1.9973299999999999e-02
3.7324455227613806e+00	2.0106300000000001e-02
3.7324475737868936e+00	2.0238900000000001e-02
3.7324496248124062e+00	2.0371100000000000e-02
3.7324516758379191e+00	2.0502900000000001e-02
3.7324537268634317e+00	2.0634400000000001e-02
3.7324557778889447e+00	2.0765499999999999e-02
3.7324578289144572e+00	2.0896399999999999e-02
3.7324598799399697e+00	2.1026900000000001e-02
3.7324619309654827e+00	2.1157200000000001e-02
3.7324639819909953e+00	2.1287299999999999e-02
3.7324660330165083e+00	2.1416999999999999e-02
3.7324680840420208e+00	2.1546599999999999e-02
3.7324701350675338e+00	2.1675900000000001e-02
3.7324721860930463e+00	2.1805100000000001e-02
3.7324742371185593e+00	2.1933999999999999e-02
3.7324762881440718e+00	2.2062800000000000e-02
3.7324783391695848e+00	2.2191400000000000e-02
3.7324803901950974e+00	2.2319900000000000e-02
3.7324824412206103e+00	2.2448300000000001e-02
3.7324844922461229e+00	2.2576599999999999e-02
3.7324865432716359e+00	2.2704700000000001e-02
3.7324885942971484e+00	2.2832800000000000e-02
3.7324906453226614e+00	2.2960800000000000e-02
3.7324926963481739e+00	2.3088800000000000e-02
3.7324947473736869e+00	2.3216700000000000e-02
3.7324967983991995e+00	2.3344600000000000e-02
3.7324988494247124e+00	2.3472500000000000e-02
3.7325009004502250e+00	2.3600400000000001e-02
3.7325029514757380e+00	2.3728200000000001e-02
3.7325050025012505e+00	2.3856200000000001e-02
3.7325070535267635e+00	2.3984100000000001e-02
3.7325091045522760e+00	2.4112100000000001e-02
3.7325111555777890e+00	2.4240200000000000e-02
3.7325132066033015e+00	2.4368299999999999e-02
3.7325152576288145e+00	2.4496500000000001e-02
3.7325173086543271e+00	2.4624900000000002e-02
3.7325193596798401e+00	2.4753299999999999e-02
3.7325214107053526e+00	2.4881899999999998e-02
3.7325234617308656e+00	2.5010600000000001e-02
3.7325255127563781e+00	2.5139399999999999e-02
3.7325275637818911e+00	2.5268400000000000e-02
3.7325296148074036e+00	2.5397599999999999e-02
3.7325316658329166e+00	2.5527000000000001e-02
3.7325337168584292e+00	2.5656499999999999e-02
3.7325357678839421e+00	2.5786300000000002e-02
3.7325378189094547e+00	2.5916300000000000e-02
3.7325398699349677e+00	2.6046500000000000e-02
3.7325419209604802e+00	2.6176999999999999e-02
3.7325439719859932e+00	2.6307700000000000e-02
3.7325460230115057e+00	2.6438699999999999e-02
3.7325480740370183e+00	2.6569900000000000e-02
3.7325501250625313e+00	2.6701500000000000e-02
3.7325521760880438e+00	2.6833300000000001e-02
3.7325542271135568e+00	2.6965500000000000e-02
3.7325562781390693e+00	2.7098000000000001e-02
3.7325583291645823e+00	2.7230799999999999e-02
3.7325603801900948e+00	2.7363999999999999e-02
3.7325624312156078e+00	2.7497500000000001e-02
3.7325644822411204e+00	2.7631400000000000e-02
3.7325665332666333e+00	2.7765700000000001e-02
3.7325685842921459e+00	2.7900399999999999e-02
3.7325706353176589e+00	2.8035399999999999e-02
3.7325726863431714e+00	2.8170899999999999e-02
3.7325747373686844e+00	2.8306899999999999e-02
3.7325767883941969e+00	2.8443199999999998e-02
3.7325788394197099e+00	2.8580000000000001e-02
3.7325808904452225e+00	2.8717300000000001e-02
3.7325829414707354e+00	2.8855100000000002e-02
3.7325849924962480e+00	2.8993300000000000e-02
3.7325870435217610e+00	2.9132100000000001e-02
3.7325890945472735e+00	2.9271300000000000e-02
3.7325911455727865e+00	2.9411099999999999e-02
3.7325931965982990e+00	2.9551399999999999e-02
3.7325952476238120e+00	2.9692300000000001e-02
3.7325972986493245e+00	2.9833700000000001e-02
3.7325993496748375e+00	2.9975700000000001e-02
3.7326014007003501e+00	3.0118200000000001e-02
3.7326034517258631e+00	3.0261400000000001e-02
3.7326055027513756e+00	3.0405200000000000e-02
3.7326075537768886e+00	3.0549600000000000e-02
3.7326096048024011e+00	3.0694599999999999e-02
3.7326116558279141e+00	3.0840300000000001e-02
3.7326137068534266e+00	3.0986600000000000e-02
3.7326157578789396e+00	3.1133600000000001e-02
3.7326178089044522e+00	3.1281299999999998e-02
3.7326198599299651e+00	3.1429699999999998e-02
3.7326219109554777e+00	3.1578799999999997e-02
3.7326239619809907e+00	3.1728600000000003e-02
3.7326260130065032e+00	3.1879200000000003e-02
3.7326280640320162e+00	3.2030500000000003e-02
3.7326301150575287e+00	3.2182599999999999e-02
3.7326321660830417e+00	3.2335400000000000e-02
3.7326342171085543e+00	3.2489100000000000e-02
3.7326362681340668e+00	3.2643499999999999e-02
3.7326383191595798e+00	3.2798800000000003e-02
3.7326403701850923e+00	3.2954900000000002e-02
3.7326424212106053e+00	3.3111799999999997e-02
3.7326444722361178e+00	3.3269600000000003e-02
3.7326465232616308e+00	3.3428300000000001e-02
3.7326485742871434e+00	3.3587899999999997e-02
3.7326506253126563e+00	3.3748399999999998e-02
3.7326526763381689e+00	3.3909799999999997e-02
3.7326547273636819e+00	3.4072199999999997e-02
3.7326567783891944e+00	3.4235500000000002e-02
3.7326588294147074e+00	3.4399699999999998e-02
3.7326608804402199e+00	3.4564999999999999e-02
3.7326629314657329e+00	3.4731199999999997e-02
3.7326649824912455e+00	3.4898499999999999e-02
3.7326670335167584e+00	3.5066800000000002e-02
3.7326690845422710e+00	3.5236200000000002e-02
3.7326711355677840e+00	3.5406600000000003e-02
3.7326731865932965e+00	3.5578100000000001e-02
3.7326752376188095e+00	3.5750700000000003e-02
3.7326772886443220e+00	3.5924400000000002e-02
3.7326793396698350e+00	3.6099199999999998e-02
3.7326813906953475e+00	3.6275200000000000e-02
3.7326834417208605e+00	3.6452400000000003e-02
3.7326854927463731e+00	3.6630799999999998e-02
3.7326875437718861e+00	3.6810299999999997e-02
3.7326895947973986e+00	3.6991099999999999e-02
3.7326916458229116e+00	3.7173200000000003e-02
3.7326936968484241e+00	3.7356500000000001e-02
3.7326957478739371e+00	3.7540999999999998e-02
3.7326977988994496e+00	3.7726900000000001e-02
3.7326998499249626e+00	3.7914099999999999e-02
3.7327019009504752e+00	3.8102700000000003e-02
3.7327039519759881e+00	3.8292600000000003e-02
3.7327060030015007e+00	3.8483900000000001e-02
3.7327080540270137e+00	3.8676599999999998e-02
3.7327101050525262e+00	3.8870700000000001e-02
3.7327121560780392e+00	3.9066299999999998e-02
3.7327142071035517e+00	3.9263399999999997e-02
3.7327162581290647e+00	3.9461900000000001e-02
3.7327183091545773e+00	3.9662000000000003e-02
3.7327203601800902e+00	3.9863599999999999e-02
3.7327224112056028e+00	4.0066800000000000e-02
3.7327244622311153e+00	4.0271500000000002e-02
3.7327265132566283e+00	4.0477899999999997e-02
3.7327285642821408e+00	4.0685899999999997e-02
3.7327306153076538e+00	4.0895500000000001e-02
3.7327326663331664e+00	4.1106900000000002e-02
3.7327347173586793e+00	4.1319900000000000e-02
3.7327367683841919e+00	4.1534700000000001e-02
3.7327388194097049e+00	4.1751299999999998e-02
3.7327408704352174e+00	4.1969600000000003e-02
3.7327429214607304e+00	4.2189800000000000e-02
3.7327449724862429e+00	4.2411799999999999e-02
3.7327470235117559e+00	4.2635699999999999e-02
3.7327490745372685e+00	4.2861499999999997e-02
3.7327511255627814e+00	4.3089200000000001e-02
3.7327531765882940e+00	4.3318900000000000e-02
3.7327552276138070e+00	4.3550600000000002e-02
3.7327572786393195e+00	4.3784299999999998e-02
3.7327593296648325e+00	4.4020100000000000e-02
3.7327613806903450e+00	4.4257999999999999e-02
3.7327634317158580e+00	4.4498000000000003e-02
3.7327654827413705e+00	4.4740099999999998e-02
3.7327675337668835e+00	4.4984400000000001e-02
3.7327695847923961e+00	4.5231000000000000e-02
3.7327716358179091e+00	4.5479800000000001e-02
3.7327736868434216e+00	4.5730800000000002e-02
3.7327757378689346e+00	4.5984299999999999e-02
3.7327777888944471e+00	4.6240000000000003e-02
3.7327798399199601e+00	4.6498200000000003e-02
3.7327818909454726e+00	4.6758899999999999e-02
3.7327839419709856e+00	4.7022000000000001e-02
3.7327859929964982e+00	4.7287599999999999e-02
3.7327880440220111e+00	4.7555800000000002e-02
3.7327900950475237e+00	4.7826599999999997e-02
3.7327921460730367e+00	4.8099999999999997e-02
3.7327941970985492e+00	4.8376099999999998e-02
3.7327962481240622e+00	4.8654999999999997e-02
3.7327982991495747e+00	4.8936599999999997e-02
3.7328003501750877e+00	4.9221000000000001e-02
3.7328024012006003e+00	4.9508299999999998e-02
3.7328044522261132e+00	4.9798500000000002e-02
3.7328065032516258e+00	5.0091700000000003e-02
3.7328085542771383e+00	5.0387899999999999e-02
3.7328106053026513e+00	5.0687099999999999e-02
3.7328126563281638e+00	5.0989399999999997e-02
3.7328147073536768e+00	5.1294899999999997e-02
3.7328167583791894e+00	5.1603599999999999e-02
3.7328188094047023e+00	5.1915599999999999e-02
3.7328208604302149e+00	5.2230899999999997e-02
3.7328229114557279e+00	5.2549499999999999e-02
3.7328249624812404e+00	5.2871599999999998e-02
3.7328270135067534e+00	5.3197200000000000e-02
3.7328290645322659e+00	5.3526400000000002e-02
3.7328311155577789e+00	5.3859100000000000e-02
3.7328331665832915e+00	5.4195599999999997e-02
3.7328352176088044e+00	5.4535699999999999e-02
3.7328372686343170e+00	5.4879699999999997e-02
3.7328393196598300e+00	5.5227499999999999e-02
3.7328413706853425e+00	5.5579299999999998e-02
3.7328434217108555e+00	5.5935100000000001e-02
3.7328454727363680e+00	5.6294900000000002e-02
3.7328475237618810e+00	5.6658899999999998e-02
3.7328495747873935e+00	5.7027099999999997e-02
3.7328516258129065e+00	5.7399600000000002e-02
3.7328536768384191e+00	5.7776500000000001e-02
3.7328557278639320e+00	5.8157800000000003e-02
3.7328577788894446e+00	5.8543600000000001e-02
3.7328598299149576e+00	5.8934100000000003e-02
3.7328618809404701e+00	5.9329199999999999e-02
3.7328639319659831e+00	5.9729200000000003e-02
3.7328659829914956e+00	6.0133899999999997e-02
3.7328680340170086e+00	6.0543699999999999e-02
3.7328700850425212e+00	6.0958499999999999e-02
3.7328721360680341e+00	6.1378400000000000e-02
3.7328741870935467e+00	6.1803600000000000e-02
3.7328762381190597e+00	6.2234100000000001e-02
3.7328782891445722e+00	6.2670000000000003e-02
3.7328803401700852e+00	6.3111500000000001e-02
3.7328823911955977e+00	6.3558600000000007e-02
3.7328844422211107e+00	6.4011499999999999e-02
3.7328864932466232e+00	6.4470200000000005e-02
3.7328885442721362e+00	6.4934900000000004e-02
3.7328905952976488e+00	6.5405599999999994e-02
3.7328926463231618e+00	6.5882599999999999e-02
3.7328946973486743e+00	6.6365900000000005e-02
3.7328967483741868e+00	6.6855700000000004e-02
3.7328987993996998e+00	6.7351999999999995e-02
3.7329008504252124e+00	6.7854999999999999e-02
3.7329029014507253e+00	6.8364900000000006e-02
3.7329049524762379e+00	6.8881700000000004e-02
3.7329070035017509e+00	6.9405700000000001e-02
3.7329090545272634e+00	6.9936899999999996e-02
3.7329111055527764e+00	7.0475499999999996e-02
3.7329131565782889e+00	7.1021600000000004e-02
3.7329152076038019e+00	7.1575500000000000e-02
3.7329172586293144e+00	7.2137300000000001e-02
3.7329193096548274e+00	7.2706999999999994e-02
3.7329213606803400e+00	7.3285000000000003e-02
3.7329234117058530e+00	7.3871300000000001e-02
3.7329254627313655e+00	7.4466199999999996e-02
3.7329275137568785e+00	7.5069800000000006e-02
3.7329295647823910e+00	7.5682299999999994e-02
3.7329316158079040e+00	7.6303899999999994e-02
3.7329336668334165e+00	7.6934699999999995e-02
3.7329357178589295e+00	7.7575099999999994e-02
3.7329377688844421e+00	7.8225199999999995e-02
3.7329398199099550e+00	7.8885200000000003e-02
3.7329418709354676e+00	7.9555299999999995e-02
3.7329439219609806e+00	8.0235699999999993e-02
3.7329459729864931e+00	8.0926799999999993e-02
3.7329480240120061e+00	8.1628599999999996e-02
3.7329500750375186e+00	8.2341499999999998e-02
3.7329521260630316e+00	8.3065700000000006e-02
3.7329541770885442e+00	8.3801500000000001e-02
3.7329562281140571e+00	8.4548999999999999e-02
3.7329582791395697e+00	8.5308700000000001e-02
3.7329603301650827e+00	8.6080699999999996e-02
3.7329623811905952e+00	8.6865399999999995e-02
3.7329644322161082e+00	8.7663000000000005e-02
3.7329664832416207e+00	8.8473899999999994e-02
3.7329685342671337e+00	8.9298400000000000e-02
3.7329705852926462e+00	9.0136700000000000e-02
3.7329726363181592e+00	9.0989299999999995e-02
3.7329746873436718e+00	9.1856400000000005e-02
3.7329767383691848e+00	9.2738399999999999e-02
3.7329787893946973e+00	9.3635700000000002e-02
3.7329808404202103e+00	9.4548599999999997e-02
3.7329828914457228e+00	9.5477500000000007e-02
3.7329849424712354e+00	9.6422900000000006e-02
3.7329869934967483e+00	9.7385100000000002e-02
3.7329890445222609e+00	9.8364499999999994e-02
3.7329910955477739e+00	9.9361599999999994e-02
3.7329931465732864e+00	1.0037699999999999e-01
3.7329951975987994e+00	1.0141100000000000e-01
3.7329972486243119e+00	1.0246400000000000e-01
3.7329992996498249e+00	1.0353600000000000e-01
3.7330013506753374e+00	1.0462900000000000e-01
3.7330034017008504e+00	1.0574200000000000e-01
3.7330054527263630e+00	1.0687600000000000e-01
3.7330075037518760e+00	1.0803200000000000e-01
3.7330095547773885e+00	1.0921000000000000e-01
3.7330116058029015e+00	1.1041100000000000e-01
3.7330136568284140e+00	1.1163500000000000e-01
3.7330157078539270e+00	1.1288400000000000e-01
3.7330177588794395e+00	1.1415699999999999e-01
3.7330198099049525e+00	1.1545600000000000e-01
3.7330218609304651e+00	1.1678100000000000e-01
3.7330239119559780e+00	1.1813300000000000e-01
3.7330259629814906e+00	1.1951199999999999e-01
3.7330280140070036e+00	1.2092000000000000e-01
3.7330300650325161e+00	1.2235699999999999e-01
3.7330321160580291e+00	1.2382400000000000e-01
3.7330341670835416e+00	1.2532199999999999e-01
3.7330362181090546e+00	1.2685199999999999e-01
3.7330382691345672e+00	1.2841400000000000e-01
3.7330403201600801e+00	1.3000999999999999e-01
3.7330423711855927e+00	1.3164100000000001e-01
3.7330444222111057e+00	1.3330700000000001e-01
3.7330464732366182e+00	1.3500999999999999e-01
3.7330485242621312e+00	1.3675100000000001e-01
3.7330505752876437e+00	1.3853099999999999e-01
3.7330526263131567e+00	1.4035200000000000e-01
3.7330546773386692e+00	1.4221300000000001e-01
3.7330567283641822e+00	1.4411800000000000e-01
3.7330587793896948e+00	1.4606600000000000e-01
3.7330608304152078e+00	1.4806000000000000e-01
3.7330628814407203e+00	1.5010000000000001e-01
3.7330649324662333e+00	1.5218899999999999e-01
3.7330669834917458e+00	1.5432799999999999e-01
3.7330690345172588e+00	1.5651799999999999e-01
3.7330710855427713e+00	1.5876100000000001e-01
3.7330731365682839e+00	1.6106000000000001e-01
3.7330751875937969e+00	1.6341400000000000e-01
3.7330772386193094e+00	1.6582800000000000e-01
3.7330792896448224e+00	1.6830100000000001e-01
3.7330813406703349e+00	1.7083799999999999e-01
3.7330833916958479e+00	1.7343800000000001e-01
3.7330854427213604e+00	1.7610600000000001e-01
3.7330874937468734e+00	1.7884200000000000e-01
3.7330895447723860e+00	1.8165000000000001e-01
3.7330915957978990e+00	1.8453200000000000e-01
3.7330936468234115e+00	1.8748999999999999e-01
3.7330956978489245e+00	1.9052700000000000e-01
3.7330977488744370e+00	1.9364600000000001e-01
3.7330997998999500e+00	1.9685000000000000e-01
3.7331018509254625e+00	2.0014199999999999e-01
3.7331039019509755e+00	2.0352400000000001e-01
3.7331059529764881e+00	2.0699999999999999e-01
3.7331080040020010e+00	2.1057400000000001e-01
3.7331100550275136e+00	2.1424900000000000e-01
3.7331121060530266e+00	2.1802900000000000e-01
3.7331141570785391e+00	2.2191700000000000e-01
3.7331162081040521e+00	2.2591800000000001e-01
3.7331182591295646e+00	2.3003599999999999e-01
3.7331203101550776e+00	2.3427400000000001e-01
3.7331223611805902e+00	2.3863799999999999e-01
3.7331244122061031e+00	2.4313299999999999e-01
3.7331264632316157e+00	2.4776200000000001e-01
3.7331285142571287e+00	2.5253199999999998e-01
3.7331305652826412e+00	2.5744699999999998e-01
3.7331326163081542e+00	2.6251300000000000e-01
3.7331346673336667e+00	2.6773700000000000e-01
3.7331367183591797e+00	2.7312199999999998e-01
3.7331387693846922e+00	2.7867700000000001e-01
3.7331408204102052e+00	2.8440700000000002e-01
3.7331428714357178e+00	2.9031899999999999e-01
3.7331449224612308e+00	2.9642000000000002e-01
3.7331469734867433e+00	3.0271700000000001e-01
3.7331490245122563e+00	3.0921799999999999e-01
3.7331510755377688e+00	3.1592999999999999e-01
3.7331531265632818e+00	3.2286100000000001e-01
3.7331551775887943e+00	3.3001900000000001e-01
3.7331572286143073e+00	3.3741300000000002e-01
3.7331592796398199e+00	3.4505200000000003e-01
3.7331613306653324e+00	3.5294399999999998e-01
3.7331633816908454e+00	3.6109799999999997e-01
3.7331654327163579e+00	3.6952400000000002e-01
3.7331674837418709e+00	3.7823099999999998e-01
3.7331695347673834e+00	3.8723000000000002e-01
3.7331715857928964e+00	3.9652799999999999e-01
3.7331736368184090e+00	4.0613800000000000e-01
3.7331756878439220e+00	4.1606700000000002e-01
3.7331777388694345e+00	4.2632700000000001e-01
3.7331797898949475e+00	4.3692599999999998e-01
3.7331818409204600e+00	4.4787399999999999e-01
3.7331838919459730e+00	4.5917999999999998e-01
3.7331859429714855e+00	4.7085300000000002e-01
3.7331879939969985e+00	4.8290100000000002e-01
3.7331900450225111e+00	4.9533199999999999e-01
3.7331920960480240e+00	5.0815100000000002e-01
3.7331941470735366e+00	5.2136499999999997e-01
3.7331961980990496e+00	5.3497600000000001e-01
3.7331982491245621e+00	5.4898899999999995e-01
3.7332003001500751e+00	5.6340199999999996e-01
3.7332023511755876e+00	5.7821500000000003e-01
3.7332044022011006e+00	5.9342399999999995e-01
3.7332064532266132e+00	6.0902000000000001e-01
3.7332085042521261e+00	6.2499400000000005e-01
3.7332105552776387e+00	6.4133099999999998e-01
3.7332126063031517e+00	6.5801299999999996e-01
3.7332146573286642e+00	6.7501599999999995e-01
3.7332167083541772e+00	6.9230999999999998e-01
3.7332187593796897e+00	7.0986199999999999e-01
3.7332208104052027e+00	7.2762899999999997e-01
3.7332228614307152e+00	7.4556400000000000e-01
3.7332249124562282e+00	7.6361000000000001e-01
3.7332269634817408e+00	7.8170499999999998e-01
3.7332290145072538e+00	7.9977600000000004e-01
3.7332310655327663e+00	8.1774199999999997e-01
3.7332331165582793e+00	8.3551500000000001e-01
3.7332351675837918e+00	8.5299700000000001e-01
3.7332372186093048e+00	8.7008200000000002e-01
3.7332392696348173e+00	8.8665600000000000e-01
3.7332413206603303e+00	9.0259999999999996e-01
3.7332433716858429e+00	9.1778800000000005e-01
3.7332454227113554e+00	9.3208800000000003e-01
3.7332474737368684e+00	9.4536799999999999e-01
3.7332495247623809e+00	9.5749600000000001e-01
3.7332515757878939e+00	9.6833800000000003e-01
3.7332536268134064e+00	9.7777000000000003e-01
3.7332556778389194e+00	9.8567099999999996e-01
3.7332577288644320e+00	9.9193200000000004e-01
3.7332597798899450e+00	9.9645799999999995e-01
3.7332618309154575e+00	9.9916600000000000e-01
3.7332638819409705e+00	9.9999600000000000e-01
3.7332659329664830e+00	9.9890299999999999e-01
3.7332679839919960e+00	9.9586799999999998e-01
3.7332700350175085e+00	9.9089099999999997e-01
3.7332720860430215e+00	9.8399700000000001e-01
3.7332741370685341e+00	9.7523099999999996e-01
3.7332761880940470e+00	9.6466200000000002e-01
3.7332782391195596e+00	9.5237700000000003e-01
3.7332802901450726e+00	9.3848200000000004e-01
3.7332823411705851e+00	9.2309600000000003e-01
3.7332843921960981e+00	9.0635100000000002e-01
3.7332864432216106e+00	8.8838899999999998e-01
3.7332884942471236e+00	8.6935799999999996e-01
3.7332905452726362e+00	8.4940599999999999e-01
3.7332925962981491e+00	8.2868600000000003e-01
3.7332946473236617e+00	8.0734399999999995e-01
3.7332966983491747e+00	7.8552400000000000e-01
3.7332987493746872e+00	7.6336300000000001e-01
3.7333008004002002e+00	7.4098900000000001e-01
3.7333028514257127e+00	7.1852099999999997e-01
3.7333049024512257e+00	6.9606900000000005e-01
3.7333069534767382e+00	6.7373099999999997e-01
3.7333090045022512e+00	6.5159500000000004e-01
3.7333110555277638e+00	6.2973900000000005e-01
3.7333131065532768e+00	6.0822900000000002e-01
3.7333151575787893e+00	5.8712299999999995e-01
3.7333172086043023e+00	5.6646799999999997e-01
3.7333192596298148e+00	5.4630400000000001e-01
3.7333213106553278e+00	5.2666299999999999e-01
3.7333233616808403e+00	5.0756699999999999e-01
3.7333254127063533e+00	4.8903500000000000e-01
3.7333274637318659e+00	4.7107900000000003e-01
3.7333295147573788e+00	4.5370400000000000e-01
3.7333315657828914e+00	4.3691500000000000e-01
3.7333336168084039e+00	4.2070900000000000e-01
3.7333356678339169e+00	4.0508100000000002e-01
3.7333377188594294e+00	3.9002399999999998e-01
3.7333397698849424e+00	3.7552900000000000e-01
3.7333418209104550e+00	3.6158299999999999e-01
3.7333438719359680e+00	3.4817500000000001e-01
3.7333459229614805e+00	3.3528900000000000e-01
3.7333479739869935e+00	3.2290999999999997e-01
3.7333500250125060e+00	3.1102299999999999e-01
3.7333520760380190e+00	2.9961199999999999e-01
3.7333541270635315e+00	2.8866100000000000e-01
3.7333561780890445e+00	2.7815200000000001e-01
3.7333582291145571e+00	2.6806999999999997e-01
3.7333602801400700e+00	2.5839699999999999e-01
3.7333623311655826e+00	2.4911900000000001e-01
3.7333643821910956e+00	2.4021899999999999e-01
3.7333664332166081e+00	2.3168200000000000e-01
3.7333684842421211e+00	2.2349200000000000e-01
3.7333705352676336e+00	2.1563599999999999e-01
3.7333725862931466e+00	2.0809900000000001e-01
3.7333746373186592e+00	2.0086699999999999e-01
3.7333766883441721e+00	1.9392799999999999e-01
3.7333787393696847e+00	1.8726799999999999e-01
3.7333807903951977e+00	1.8087500000000001e-01
3.7333828414207102e+00	1.7473800000000000e-01
3.7333848924462232e+00	1.6884600000000000e-01
3.7333869434717357e+00	1.6318700000000000e-01
3.7333889944972487e+00	1.5775100000000000e-01
3.7333910455227612e+00	1.5252900000000000e-01
3.7333930965482742e+00	1.4751100000000000e-01
3.7333951475737868e+00	1.4268800000000001e-01
3.7333971985992997e+00	1.3805100000000001e-01
3.7333992496248123e+00	1.3359199999999999e-01
3.7334013006503253e+00	1.2930400000000000e-01
3.7334033516758378e+00	1.2517900000000001e-01
3.7334054027013508e+00	1.2121000000000000e-01
3.7334074537268633e+00	1.1738999999999999e-01
3.7334095047523763e+00	1.1371299999999999e-01
3.7334115557778889e+00	1.1017100000000001e-01
3.7334136068034018e+00	1.0676099999999999e-01
3.7334156578289144e+00	1.0347500000000000e-01
3.7334177088544274e+00	1.0030900000000000e-01
3.7334197598799399e+00	9.7257899999999994e-02
3.7334218109054524e+00	9.4316200000000003e-02
3.7334238619309654e+00	9.1479500000000005e-02
3.7334259129564780e+00	8.8743600000000006e-02
3.7334279639819909e+00	8.6104100000000003e-02
3.7334300150075035e+00	8.3557199999999998e-02
3.7334320660330165e+00	8.1098900000000002e-02
3.7334341170585290e+00	7.8725600000000007e-02
3.7334361680840420e+00	7.6434000000000002e-02
3.7334382191095545e+00	7.4220599999999998e-02
3.7334402701350675e+00	7.2082400000000005e-02
3.7334423211605801e+00	7.0016200000000001e-02
3.7334443721860930e+00	6.8019300000000005e-02
3.7334464232116056e+00	6.6088900000000006e-02
3.7334484742371186e+00	6.4222399999999999e-02
3.7334505252626311e+00	6.2417199999999999e-02
3.7334525762881441e+00	6.0671000000000003e-02
3.7334546273136566e+00	5.8981600000000002e-02
3.7334566783391696e+00	5.7346599999999998e-02
3.7334587293646821e+00	5.5764099999999997e-02
3.7334607803901951e+00	5.4232099999999998e-02
3.7334628314157077e+00	5.2748600000000000e-02
3.7334648824412207e+00	5.1311900000000001e-02
3.7334669334667332e+00	4.9920100000000002e-02
3.7334689844922462e+00	4.8571599999999999e-02
3.7334710355177587e+00	4.7264899999999999e-02
3.7334730865432717e+00	4.5998400000000002e-02
3.7334751375687842e+00	4.4770600000000001e-02
3.7334771885942972e+00	4.3580099999999997e-02
3.7334792396198098e+00	4.2425600000000001e-02
3.7334812906453227e+00	4.1305900000000000e-02
3.7334833416708353e+00	4.0219600000000001e-02
3.7334853926963483e+00	3.9165499999999999e-02
3.7334874437218608e+00	3.8142700000000002e-02
3.7334894947473738e+00	3.7149900000000000e-02
3.7334915457728863e+00	3.6186099999999999e-02
3.7334935967983993e+00	3.5250400000000001e-02
3.7334956478239119e+00	3.4341700000000003e-02
3.7334976988494248e+00	3.3459200000000001e-02
3.7334997498749374e+00	3.2601999999999999e-02
3.7335018009004504e+00	3.1769100000000002e-02
3.7335038519259629e+00	3.0959799999999999e-02
3.7335059029514759e+00	3.0173400000000000e-02
3.7335079539769884e+00	2.9409000000000001e-02
3.7335100050025010e+00	2.8665900000000001e-02
3.7335120560280139e+00	2.7943500000000000e-02
3.7335141070535265e+00	2.7241000000000001e-02
3.7335161580790395e+00	2.6557899999999999e-02
3.7335182091045520e+00	2.5893400000000000e-02
3.7335202601300650e+00	2.5246999999999999e-02
3.7335223111555775e+00	2.4618200000000000e-02
3.7335243621810905e+00	2.4006300000000001e-02
3.7335264132066031e+00	2.3410899999999998e-02
3.7335284642321160e+00	2.2831400000000002e-02
3.7335305152576286e+00	2.2267300000000000e-02
3.7335325662831416e+00	2.1718200000000000e-02
3.7335346173086541e+00	2.1183600000000000e-02
3.7335366683341671e+00	2.0663000000000001e-02
3.7335387193596796e+00	2.0156000000000000e-02
3.7335407703851926e+00	1.9662300000000001e-02
3.7335428214107051e+00	1.9181299999999998e-02
3.7335448724362181e+00	1.8712800000000002e-02
3.7335469234617307e+00	1.8256399999999999e-02
3.7335489744872437e+00	1.7811600000000000e-02
3.7335510255127562e+00	1.7378200000000000e-02
3.7335530765382692e+00	1.6955899999999999e-02
3.7335551275637817e+00	1.6544199999999998e-02
3.7335571785892947e+00	1.6143000000000001e-02
3.7335592296148072e+00	1.5751800000000000e-02
3.7335612806403202e+00	1.5370500000000000e-02
3.7335633316658328e+00	1.4998600000000001e-02
3.7335653826913457e+00	1.4636100000000001e-02
3.7335674337168583e+00	1.4282500000000000e-02
3.7335694847423713e+00	1.3937600000000000e-02
3.7335715357678838e+00	1.3601300000000000e-02
3.7335735867933968e+00	1.3273200000000001e-02
3.7335756378189093e+00	1.2953100000000000e-02
3.7335776888444223e+00	1.2640900000000000e-02
3.7335797398699349e+00	1.2336200000000000e-02
3.7335817908954478e+00	1.2038999999999999e-02
3.7335838419209604e+00	1.1748900000000000e-02
3.7335858929464734e+00	1.1465800000000000e-02
3.7335879439719859e+00	1.1189500000000000e-02
3.7335899949974989e+00	1.0919900000000000e-02
3.7335920460230114e+00	1.0656600000000000e-02
3.7335940970485240e+00	1.0399700000000000e-02
3.7335961480740369e+00	1.0148900000000001e-02
3.7335981990995495e+00	9.9039799999999997e-03
3.7336002501250625e+00	9.6648900000000006e-03
3.7336023011505750e+00	9.4314299999999993e-03
3.7336043521760880e+00	9.2034700000000001e-03
3.7336064032016005e+00	8.9808600000000002e-03
3.7336084542271135e+00	8.7634600000000007e-03
3.7336105052526261e+00	8.5511500000000004e-03
3.7336125562781390e+00	8.3437800000000003e-03
3.7336146073036516e+00	8.1412499999999992e-03
3.7336166583291646e+00	7.9434099999999997e-03
3.7336187093546771e+00	7.7501599999999999e-03
3.7336207603801901e+00	7.5613800000000004e-03
3.7336228114057026e+00	7.3769600000000001e-03
3.7336248624312156e+00	7.1967799999999998e-03
3.7336269134567281e+00	7.0207600000000000e-03
3.7336289644822411e+00	6.8487699999999997e-03
3.7336310155077537e+00	6.6807300000000002e-03
3.7336330665332667e+00	6.5165300000000004e-03
3.7336351175587792e+00	6.3560900000000000e-03
3.7336371685842922e+00	6.1993100000000004e-03
3.7336392196098047e+00	6.0461000000000004e-03
3.7336412706353177e+00	5.8963799999999997e-03
3.7336433216608302e+00	5.7500700000000004e-03
3.7336453726863432e+00	5.6070699999999996e-03
3.7336474237118558e+00	5.4673200000000003e-03
3.7336494747373687e+00	5.3307399999999996e-03
3.7336515257628813e+00	5.1972499999999996e-03
3.7336535767883943e+00	5.0667799999999999e-03
3.7336556278139068e+00	4.9392500000000001e-03
3.7336576788394198e+00	4.8146100000000004e-03
3.7336597298649323e+00	4.6927799999999997e-03
3.7336617808904453e+00	4.5736900000000000e-03
3.7336638319159579e+00	4.4572900000000000e-03
3.7336658829414708e+00	4.3435200000000000e-03
3.7336679339669834e+00	4.2322999999999996e-03
3.7336699849924964e+00	4.1235899999999999e-03
3.7336720360180089e+00	4.0173199999999996e-03
3.7336740870435219e+00	3.9134499999999997e-03
3.7336761380690344e+00	3.8119100000000000e-03
3.7336781890945474e+00	3.7126600000000000e-03
3.7336802401200599e+00	3.6156399999999998e-03
3.7336822911455725e+00	3.5208000000000001e-03
3.7336843421710855e+00	3.4280999999999999e-03
3.7336863931965980e+00	3.3374899999999998e-03
3.7336884442221110e+00	3.2489200000000002e-03
3.7336904952476235e+00	3.1623400000000000e-03
3.7336925462731365e+00	3.0777100000000000e-03
3.7336945972986491e+00	2.9949999999999998e-03
3.7336966483241620e+00	2.9141499999999999e-03
3.7336986993496746e+00	2.8351299999999999e-03
3.7337007503751876e+00	2.7579000000000002e-03
3.7337028014007001e+00	2.6824100000000001e-03
3.7337048524262131e+00	2.6086400000000002e-03
3.7337069034517256e+00	2.5365299999999999e-03
3.7337089544772386e+00	2.4660699999999999e-03
3.7337110055027511e+00	2.3972099999999999e-03
3.7337130565282641e+00	2.3299200000000001e-03
3.7337151075537767e+00	2.2641699999999998e-03
3.7337171585792897e+00	2.1999200000000002e-03
3.7337192096048022e+00	2.1371400000000000e-03
3.7337212606303152e+00	2.0758000000000000e-03
3.7337233116558277e+00	2.0158699999999999e-03
3.7337253626813407e+00	1.9573199999999998e-03
3.7337274137068532e+00	1.9001199999999999e-03
3.7337294647323662e+00	1.8442500000000000e-03
3.7337315157578788e+00	1.7896699999999999e-03
3.7337335667833917e+00	1.7363700000000001e-03
3.7337356178089043e+00	1.6842999999999999e-03
3.7337376688344173e+00	1.6334600000000000e-03
3.7337397198599298e+00	1.5838000000000000e-03
3.7337417708854428e+00	1.5353200000000000e-03
3.7337438219109553e+00	1.4879699999999999e-03
3.7337458729364683e+00	1.4417500000000001e-03
3.7337479239619809e+00	1.3966300000000001e-03
3.7337499749874938e+00	1.3525900000000001e-03
3.7337520260130064e+00	1.3096000000000000e-03
3.7337540770385194e+00	1.2676400000000000e-03
3.7337561280640319e+00	1.2266899999999999e-03
3.7337581790895449e+00	1.1867399999999999e-03
3.7337602301150574e+00	1.1477499999999999e-03
3.7337622811405704e+00	1.1097300000000000e-03
3.7337643321660829e+00	1.0726300000000000e-03
3.7337663831915959e+00	1.0364500000000000e-03
3.7337684342171085e+00	1.0011700000000000e-03
3.7337704852426210e+00	9.6676399999999995e-04
3.7337725362681340e+00	9.3322299999999995e-04
3.7337745872936465e+00	9.0052700000000003e-04
3.7337766383191595e+00	8.6865900000000003e-04
3.7337786893446721e+00	8.3760400000000004e-04
3.7337807403701850e+00	8.0734500000000000e-04
3.7337827913956976e+00	7.7786800000000003e-04
3.7337848424212106e+00	7.4915599999999995e-04
3.7337868934467231e+00	7.2119500000000000e-04
3.7337889444722361e+00	6.9397000000000003e-04
3.7337909954977486e+00	6.6746799999999995e-04
3.7337930465232616e+00	6.4167300000000005e-04
3.7337950975487741e+00	6.1657400000000005e-04
3.7337971485742871e+00	5.9215500000000003e-04
3.7337991995997997e+00	5.6840500000000002e-04
3.7338012506253127e+00	5.4531100000000004e-04
3.7338033016508252e+00	5.2285899999999998e-04
3.7338053526763382e+00	5.0103799999999998e-04
3.7338074037018507e+00	4.7983599999999998e-04
3.7338094547273637e+00	4.5923999999999997e-04
3.7338115057528762e+00	4.3923999999999998e-04
3.7338135567783892e+00	4.1982500000000003e-04
3.7338156078039018e+00	4.0098199999999998e-04
3.7338176588294147e+00	3.8270200000000001e-04
3.7338197098549273e+00	3.6497400000000001e-04
3.7338217608804403e+00	3.4778700000000001e-04
3.7338238119059528e+00	3.3113100000000003e-04
3.7338258629314658e+00	3.1499700000000002e-04
3.7338279139569783e+00	2.9937500000000000e-04
3.7338299649824913e+00	2.8425400000000001e-04
3.7338320160080039e+00	2.6962699999999999e-04
3.7338340670335168e+00	2.5548299999999998e-04
3.7338361180590294e+00	2.4181400000000000e-04
3.7338381690845424e+00	2.2860999999999999e-04
3.7338402201100549e+00	2.1586399999999999e-04
3.7338422711355679e+00	2.0356700000000001e-04
3.7338443221610804e+00	1.9170999999999999e-04
3.7338463731865934e+00	1.8028500000000000e-04
3.7338484242121059e+00	1.6928500000000000e-04
3.7338504752376189e+00	1.5870200000000001e-04
3.7338525262631315e+00	1.4852800000000001e-04
3.7338545772886444e+00	1.3875500000000001e-04
3.7338566283141570e+00	1.2937699999999999e-04
3.7338586793396695e+00	1.2038499999999999e-04
3.7338607303651825e+00	1.1177400000000000e-04
3.7338627813906951e+00	1.0353500000000000e-04
3.7338648324162080e+00	9.5663199999999996e-05
3.7338668834417206e+00	8.8150699999999996e-05
3.7338689344672336e+00	8.0991199999999998e-05
3.7338709854927461e+00	7.4178399999999994e-05
3.7338730365182591e+00	6.7706000000000005e-05
3.7338750875437716e+00	6.1567800000000004e-05
3.7338771385692846e+00	5.5757899999999997e-05
3.7338791895947971e+00	5.0270199999999999e-05
3.7338812406203101e+00	4.5099100000000003e-05
3.7338832916458227e+00	4.0238699999999998e-05
3.7338853426713356e+00	3.5683499999999998e-05
3.7338873936968482e+00	3.1427999999999998e-05
3.7338894447223612e+00	2.7466799999999999e-05
3.7338914957478737e+00	2.3794700000000001e-05
3.7338935467733867e+00	2.0406400000000002e-05
3.7338955977988992e+00	1.7296900000000000e-05
3.7338976488244122e+00	1.4461200000000000e-05
3.7338996998499248e+00	1.1894400000000001e-05
3.7339017508754377e+00	9.5916899999999993e-06
3.7339038019009503e+00	7.5483199999999999e-06
3.7339058529264633e+00	5.7596900000000002e-06
3.7339079039519758e+00	4.2212600000000003e-06
3.7339099549774888e+00	2.9285600000000000e-06
3.7339120060030013e+00	1.8772199999999999e-06
3.7339140570285143e+00	1.0629400000000001e-06
3.7339161080540269e+00	4.8149900000000004e-07
3.7339181590795398e+00	1.2876400000000000e-07
3.7339202101050524e+00	6.6438199999999995e-10
3.7339222611305654e+00	9.3208800000000000e-08
3.7339243121560779e+00	4.0247799999999999e-07
3.7339263631815909e+00	9.2462400000000003e-07
3.7339284142071034e+00	1.6558699999999999e-06
3.7339304652326164e+00	2.5925000000000002e-06
3.7339325162581289e+00	3.7308800000000000e-06
3.7339345672836419e+00	5.0674199999999997e-06
3.7339366183091545e+00	6.5986099999999997e-06
3.7339386693346674e+00	8.3210099999999995e-06
3.7339407203601800e+00	1.0231200000000000e-05
3.7339427713856925e+00	1.2325900000000000e-05
3.7339448224112055e+00	1.4601800000000000e-05
3.7339468734367181e+00	1.7055700000000000e-05
3.7339489244622310e+00	1.9684500000000001e-05
3.7339509754877436e+00	2.2484999999999999e-05
3.7339530265132566e+00	2.5454200000000001e-05
3.7339550775387691e+00	2.8589100000000000e-05
3.7339571285642821e+00	3.1886800000000001e-05
3.7339591795897946e+00	3.5344400000000000e-05
3.7339612306153076e+00	3.8959099999999998e-05
3.7339632816408201e+00	4.2728000000000002e-05
3.7339653326663331e+00	4.6648399999999999e-05
3.7339673836918457e+00	5.0717699999999997e-05
3.7339694347173586e+00	5.4933199999999998e-05
3.7339714857428712e+00	5.9292300000000002e-05
3.7339735367683842e+00	6.3792499999999996e-05
3.7339755877938967e+00	6.8431199999999996e-05
3.7339776388194097e+00	7.3205899999999996e-05
3.7339796898449222e+00	7.8114299999999998e-05
3.7339817408704352e+00	8.3153999999999997e-05
3.7339837918959478e+00	8.8322699999999994e-05
3.7339858429214607e+00	9.3617900000000004e-05
3.7339878939469733e+00	9.9037599999999995e-05
3.7339899449724863e+00	1.0457900000000000e-04
3.7339919959979988e+00	1.1024100000000000e-04
3.7339940470235118e+00	1.1602100000000001e-04
3.7339960980490243e+00	1.2191600000000000e-04
3.7339981490745373e+00	1.2792500000000001e-04
3.7340002001000498e+00	1.3404600000000000e-04
3.7340022511255628e+00	1.4027600000000000e-04
3.7340043021510754e+00	1.4661399999999999e-04
3.7340063531765884e+00	1.5305700000000001e-04
3.7340084042021009e+00	1.5960400000000001e-04
3.7340104552276139e+00	1.6625300000000000e-04
3.7340125062531264e+00	1.7300300000000000e-04
3.7340145572786394e+00	1.7985000000000001e-04
3.7340166083041519e+00	1.8679400000000000e-04
3.7340186593296649e+00	1.9383300000000000e-04
3.7340207103551775e+00	2.0096500000000000e-04
3.7340227613806904e+00	2.0818799999999999e-04
3.7340248124062030e+00	2.1550100000000000e-04
3.7340268634317160e+00	2.2290100000000001e-04
3.7340289144572285e+00	2.3038799999999999e-04
3.7340309654827410e+00	2.3796000000000001e-04
3.7340330165082540e+00	2.4561599999999999e-04
3.7340350675337666e+00	2.5335300000000000e-04
3.7340371185592796e+00	2.6117000000000002e-04
3.7340391695847921e+00	2.6906599999999999e-04
3.7340412206103051e+00	2.7703899999999997e-04
3.7340432716358176e+00	2.8508800000000002e-04
3.7340453226613306e+00	2.9321200000000000e-04
3.7340473736868431e+00	3.0140899999999999e-04
3.7340494247123561e+00	3.0967700000000001e-04
3.7340514757378687e+00	3.1801600000000001e-04
3.7340535267633816e+00	3.2642400000000002e-04
3.7340555777888942e+00	3.3489899999999999e-04
3.7340576288144072e+00	3.4344099999999999e-04
3.7340596798399197e+00	3.5204799999999999e-04
3.7340617308654327e+00	3.6071999999999998e-04
3.7340637818909452e+00	3.6945400000000002e-04
3.7340658329164582e+00	3.7824899999999999e-04
3.7340678839419708e+00	3.8710500000000000e-04
3.7340699349674837e+00	3.9602000000000002e-04
3.7340719859929963e+00	4.0499399999999999e-04
3.7340740370185093e+00	4.1402399999999998e-04
3.7340760880440218e+00	4.2310999999999998e-04
3.7340781390695348e+00	4.3225099999999998e-04
3.7340801900950473e+00	4.4144600000000002e-04
3.7340822411205603e+00	4.5069300000000000e-04
3.7340842921460728e+00	4.5999200000000000e-04
3.7340863431715858e+00	4.6934199999999998e-04
3.7340883941970984e+00	4.7874099999999998e-04
3.7340904452226114e+00	4.8818899999999998e-04
3.7340924962481239e+00	4.9768499999999999e-04
3.7340945472736369e+00	5.0722699999999996e-04
3.7340965982991494e+00	5.1681500000000000e-04
3.7340986493246624e+00	5.2644800000000000e-04
3.7341007003501749e+00	5.3612500000000003e-04
3.7341027513756879e+00	5.4584499999999999e-04
3.7341048024012005e+00	5.5560699999999995e-04
3.7341068534267134e+00	5.6541100000000004e-04
3.7341089044522260e+00	5.7525499999999999e-04
3.7341109554777390e+00	5.8513800000000002e-04
3.7341130065032515e+00	5.9506100000000003e-04
3.7341150575287645e+00	6.0502099999999997e-04
3.7341171085542770e+00	6.1501899999999996e-04
3.7341191595797896e+00	6.2505299999999998e-04
3.7341212106053026e+00	6.3512200000000001e-04
3.7341232616308151e+00	6.4522699999999995e-04
3.7341253126563281e+00	6.5536499999999998e-04
3.7341273636818406e+00	6.6553700000000001e-04
3.7341294147073536e+00	6.7574200000000001e-04
3.7341314657328661e+00	6.8597799999999996e-04
3.7341335167583791e+00	6.9624599999999997e-04
3.7341355677838917e+00	7.0654500000000005e-04
3.7341376188094046e+00	7.1687300000000003e-04
3.7341396698349172e+00	7.2723000000000004e-04
3.7341417208604302e+00	7.3761599999999997e-04
3.7341437718859427e+00	7.4803000000000001e-04
3.7341458229114557e+00	7.5847100000000004e-04
3.7341478739369682e+00	7.6893800000000004e-04
3.7341499249624812e+00	7.7943200000000004e-04
3.7341519759879938e+00	7.8995100000000000e-04
3.7341540270135067e+00	8.0049500000000003e-04
3.7341560780390193e+00	8.1106300000000000e-04
3.7341581290645323e+00	8.2165400000000000e-04
3.7341601800900448e+00	8.3226899999999996e-04
3.7341622311155578e+00	8.4290600000000004e-04
3.7341642821410703e+00	8.5356500000000003e-04
3.7341663331665833e+00	8.6424500000000003e-04
3.7341683841920958e+00	8.7494600000000004e-04
3.7341704352176088e+00	8.8566700000000003e-04
3.7341724862431214e+00	8.9640900000000003e-04
3.7341745372686344e+00	9.0716899999999999e-04
3.7341765882941469e+00	9.1794800000000003e-04
3.7341786393196599e+00	9.2874600000000004e-04
3.7341806903451724e+00	9.3956100000000000e-04
3.7341827413706854e+00	9.5039300000000001e-04
3.7341847923961979e+00	9.6124199999999996e-04
3.7341868434217109e+00	9.7210799999999996e-04
3.7341888944472235e+00	9.8298900000000008e-04
3.7341909454727364e+00	9.9388600000000003e-04
3.7341929964982490e+00	1.0047999999999999e-03
3.7341950475237620e+00	1.0157199999999999e-03
3.7341970985492745e+00	1.0266600000000000e-03
3.7341991495747875e+00	1.0376199999999999e-03
3.7342012006003000e+00	1.0485900000000001e-03
3.7342032516258130e+00	1.0595699999999999e-03
3.7342053026513256e+00	1.0705599999999999e-03
3.7342073536768381e+00	1.0815600000000001e-03
3.7342094047023511e+00	1.0925799999999999e-03
3.7342114557278636e+00	1.1036100000000001e-03
3.7342135067533766e+00	1.1146500000000000e-03
3.7342155577788891e+00	1.1256899999999999e-03
3.7342176088044021e+00	1.1367500000000000e-03
3.7342196598299147e+00	1.1478199999999999e-03
3.7342217108554276e+00	1.1589000000000000e-03
3.7342237618809402e+00	1.1699900000000001e-03
3.7342258129064532e+00	1.1810799999999999e-03
3.7342278639319657e+00	1.1921900000000001e-03
3.7342299149574787e+00	1.2033000000000000e-03
3.7342319659829912e+00	1.2144199999999999e-03
3.7342340170085042e+00	1.2255499999999999e-03
3.7342360680340168e+00	1.2366800000000000e-03
3.7342381190595297e+00	1.2478200000000000e-03
3.7342401700850423e+00	1.2589700000000001e-03
3.7342422211105553e+00	1.2701200000000000e-03
3.7342442721360678e+00	1.2812800000000001e-03
3.7342463231615808e+00	1.2924499999999999e-03
3.7342483741870933e+00	1.3036199999999999e-03
3.7342504252126063e+00	1.3147899999999999e-03
3.7342524762381188e+00	1.3259700000000001e-03
3.7342545272636318e+00	1.3371600000000000e-03
3.7342565782891444e+00	1.3483499999999999e-03
3.7342586293146574e+00	1.3595400000000000e-03
3.7342606803401699e+00	1.3707299999999999e-03
3.7342627313656829e+00	1.3819300000000000e-03
3.7342647823911954e+00	1.3931300000000000e-03
3.7342668334167084e+00	1.4043400000000000e-03
3.7342688844422209e+00	1.4155400000000001e-03
3.7342709354677339e+00	1.4267500000000001e-03
3.7342729864932465e+00	1.4379600000000001e-03
3.7342750375187594e+00	1.4491800000000000e-03
3.7342770885442720e+00	1.4603900000000000e-03
3.7342791395697850e+00	1.4716099999999999e-03
3.7342811905952975e+00	1.4828300000000001e-03
3.7342832416208105e+00	1.4940400000000001e-03
3.7342852926463230e+00	1.5052600000000000e-03
3.7342873436718360e+00	1.5164800000000000e-03
3.7342893946973486e+00	1.5277000000000001e-03
3.7342914457228611e+00	1.5389200000000000e-03
3.7342934967483741e+00	1.5501400000000000e-03
3.7342955477738866e+00	1.5613599999999999e-03
3.7342975987993996e+00	1.5725800000000001e-03
3.7342996498249121e+00	1.5837900000000001e-03
3.7343017008504251e+00	1.5950100000000000e-03
3.7343037518759377e+00	1.6062200000000000e-03
3.7343058029014506e+00	1.6174399999999999e-03
3.7343078539269632e+00	1.6286499999999999e-03
3.7343099049524762e+00	1.6398599999999999e-03
3.7343119559779887e+00	1.6510699999999999e-03
3.7343140070035017e+00	1.6622700000000000e-03
3.7343160580290142e+00	1.6734800000000000e-03
3.7343181090545272e+00	1.6846800000000000e-03
3.7343201600800398e+00	1.6958800000000001e-03
3.7343222111055527e+00	1.7070700000000000e-03
3.7343242621310653e+00	1.7182700000000000e-03
3.7343263131565783e+00	1.7294599999999999e-03
3.7343283641820908e+00	1.7406399999999999e-03
3.7343304152076038e+00	1.7518300000000000e-03
3.7343324662331163e+00	1.7630100000000000e-03
3.7343345172586293e+00	1.7741800000000000e-03
3.7343365682841418e+00	1.7853599999999999e-03
3.7343386193096548e+00	1.7965200000000000e-03
3.7343406703351674e+00	1.8076900000000000e-03
3.7343427213606804e+00	1.8188499999999999e-03
3.7343447723861929e+00	1.8300000000000000e-03
3.7343468234117059e+00	1.8411499999999999e-03
3.7343488744372184e+00	1.8523000000000001e-03
3.7343509254627314e+00	1.8634400000000001e-03
3.7343529764882439e+00	1.8745800000000000e-03
3.7343550275137569e+00	1.8857100000000001e-03
3.7343570785392695e+00	1.8968399999999999e-03
3.7343591295647824e+00	1.9079600000000000e-03
3.7343611805902950e+00	1.9190699999999999e-03
3.7343632316158080e+00	1.9301800000000001e-03
3.7343652826413205e+00	1.9412800000000001e-03
3.7343673336668335e+00	1.9523800000000001e-03
3.7343693846923460e+00	1.9634700000000001e-03
3.7343714357178590e+00	1.9745600000000002e-03
3.7343734867433716e+00	1.9856399999999999e-03
3.7343755377688845e+00	1.9967100000000001e-03
3.7343775887943971e+00	2.0077799999999998e-03
3.7343796398199096e+00	2.0188400000000000e-03
3.7343816908454226e+00	2.0298999999999998e-03
3.7343837418709351e+00	2.0409400000000002e-03
3.7343857928964481e+00	2.0519800000000001e-03
3.7343878439219607e+00	2.0630200000000000e-03
3.7343898949474736e+00	2.0740500000000000e-03
3.7343919459729862e+00	2.0850700000000001e-03
3.7343939969984992e+00	2.0960800000000002e-03
3.7343960480240117e+00	2.1070799999999999e-03
3.7343980990495247e+00	2.1180800000000000e-03
3.7344001500750372e+00	2.1290699999999998e-03
3.7344022011005502e+00	2.1400600000000001e-03
3.7344042521260628e+00	2.1510300000000000e-03
3.7344063031515757e+00	2.1619999999999999e-03
3.7344083541770883e+00	2.1729599999999998e-03
3.7344104052026013e+00	2.1839099999999998e-03
3.7344124562281138e+00	2.1948599999999999e-03
3.7344145072536268e+00	2.2057900000000000e-03
3.7344165582791393e+00	2.2167200000000001e-03
3.7344186093046523e+00	2.2276399999999999e-03
3.7344206603301648e+00	2.2385500000000002e-03
3.7344227113556778e+00	2.2494600000000000e-03
3.7344247623811904e+00	2.2603499999999999e-03
3.7344268134067033e+00	2.2712399999999999e-03
3.7344288644322159e+00	2.2821199999999999e-03
3.7344309154577289e+00	2.2929900000000000e-03
3.7344329664832414e+00	2.3038500000000001e-03
3.7344350175087544e+00	2.3146999999999998e-03
3.7344370685342669e+00	2.3255400000000001e-03
3.7344391195597799e+00	2.3363799999999999e-03
3.7344411705852925e+00	2.3472100000000002e-03
3.7344432216108054e+00	2.3580200000000002e-03
3.7344452726363180e+00	2.3688300000000002e-03
3.7344473236618310e+00	2.3796300000000002e-03
3.7344493746873435e+00	2.3904199999999999e-03
3.7344514257128565e+00	2.4012000000000000e-03
3.7344534767383690e+00	2.4119699999999998e-03
3.7344555277638820e+00	2.4227400000000000e-03
3.7344575787893945e+00	2.4334900000000000e-03
3.7344596298149075e+00	2.4442299999999999e-03
3.7344616808404201e+00	2.4549699999999999e-03
3.7344637318659331e+00	2.4656900000000000e-03
3.7344657828914456e+00	2.4764100000000001e-03
3.7344678339169581e+00	2.4871099999999998e-03
3.7344698849424711e+00	2.4978100000000000e-03
3.7344719359679837e+00	2.5084899999999999e-03
3.7344739869934966e+00	2.5191699999999998e-03
3.7344760380190092e+00	2.5298400000000002e-03
3.7344780890445222e+00	2.5404999999999998e-03
3.7344801400700347e+00	2.5511399999999999e-03
3.7344821910955477e+00	2.5617800000000000e-03
3.7344842421210602e+00	2.5724099999999998e-03
3.7344862931465732e+00	2.5830200000000001e-03
3.7344883441720857e+00	2.5936300000000000e-03
3.7344903951975987e+00	2.6042299999999999e-03
3.7344924462231113e+00	2.6148199999999999e-03
3.7344944972486243e+00	2.6253900000000000e-03
3.7344965482741368e+00	2.6359600000000001e-03
3.7344985992996498e+00	2.6465199999999999e-03
3.7345006503251623e+00	2.6570700000000001e-03
3.7345027013506753e+00	2.6676000000000000e-03
3.7345047523761878e+00	2.6781299999999999e-03
3.7345068034017008e+00	2.6886499999999999e-03
3.7345088544272134e+00	2.6991500000000000e-03
3.7345109054527263e+00	2.7096500000000001e-03
3.7345129564782389e+00	2.7201299999999999e-03
3.7345150075037519e+00	2.7306100000000001e-03
3.7345170585292644e+00	2.7410700000000000e-03
3.7345191095547774e+00	2.7515199999999999e-03
3.7345211605802899e+00	2.7619699999999999e-03
3.7345232116058029e+00	2.7724000000000000e-03
3.7345252626313155e+00	2.7828200000000001e-03
3.7345273136568284e+00	2.7932299999999998e-03
3.7345293646823410e+00	2.8036300000000001e-03
3.7345314157078540e+00	2.8140200000000000e-03
3.7345334667333665e+00	2.8243999999999999e-03
3.7345355177588795e+00	2.8347699999999999e-03
3.7345375687843920e+00	2.8451300000000000e-03
3.7345396198099050e+00	2.8554800000000001e-03
3.7345416708354175e+00	2.8658199999999998e-03
3.7345437218609305e+00	2.8761400000000001e-03
3.7345457728864431e+00	2.8864600000000000e-03
3.7345478239119561e+00	2.8967600000000000e-03
3.7345498749374686e+00	2.9070599999999999e-03
3.7345519259629816e+00	2.9173400000000000e-03
3.7345539769884941e+00	2.9276100000000002e-03
3.7345560280140067e+00	2.9378700000000000e-03
3.7345580790395196e+00	2.9481199999999998e-03
3.7345601300650322e+00	2.9583600000000002e-03
3.7345621810905452e+00	2.9685900000000001e-03
3.7345642321160577e+00	2.9788100000000001e-03
3.7345662831415707e+00	2.9890199999999998e-03
3.7345683341670832e+00	2.9992100000000000e-03
3.7345703851925962e+00	3.0094000000000002e-03
3.7345724362181087e+00	3.0195700000000001e-03
3.7345744872436217e+00	3.0297400000000000e-03
3.7345765382691343e+00	3.0398900000000000e-03
3.7345785892946473e+00	3.0500300000000000e-03
3.7345806403201598e+00	3.0601600000000001e-03
3.7345826913456728e+00	3.0702799999999999e-03
3.7345847423711853e+00	3.0803900000000001e-03
3.7345867933966983e+00	3.0904800000000000e-03
3.7345888444222108e+00	3.1005700000000000e-03
3.7345908954477238e+00	3.1106500000000000e-03
3.7345929464732364e+00	3.1207100000000001e-03
3.7345949974987493e+00	3.1307599999999998e-03
3.7345970485242619e+00	3.1408100000000000e-03
3.7345990995497749e+00	3.1508399999999998e-03
3.7346011505752874e+00	3.1608600000000001e-03
3.7346032016008004e+00	3.1708600000000002e-03
3.7346052526263129e+00	3.1808600000000002e-03
3.7346073036518259e+00	3.1908499999999998e-03
3.7346093546773385e+00	3.2008200000000001e-03
3.7346114057028514e+00	3.2107899999999998e-03
3.7346134567283640e+00	3.2207400000000001e-03
3.7346155077538770e+00	3.2306800000000001e-03
3.7346175587793895e+00	3.2406200000000000e-03
3.7346196098049025e+00	3.2505400000000001e-03
3.7346216608304150e+00	3.2604399999999999e-03
3.7346237118559280e+00	3.2703400000000001e-03
3.7346257628814405e+00	3.2802299999999999e-03
3.7346278139069535e+00	3.2900999999999998e-03
3.7346298649324661e+00	3.2999700000000002e-03
3.7346319159579791e+00	3.3098200000000002e-03
3.7346339669834916e+00	3.3196599999999999e-03
3.7346360180090046e+00	3.3294900000000001e-03
3.7346380690345171e+00	3.3393099999999998e-03
3.7346401200600301e+00	3.3491200000000001e-03
3.7346421710855426e+00	3.3589200000000000e-03
3.7346442221110552e+00	3.3687100000000000e-03
3.7346462731365682e+00	3.3784800000000001e-03
3.7346483241620807e+00	3.3882500000000002e-03
3.7346503751875937e+00	3.3980000000000000e-03
3.7346524262131062e+00	3.4077399999999998e-03
3.7346544772386192e+00	3.4174700000000001e-03
3.7346565282641317e+00	3.4271900000000001e-03
3.7346585792896447e+00	3.4369000000000001e-03
3.7346606303151573e+00	3.4466000000000002e-03
3.7346626813406703e+00	3.4562799999999999e-03
3.7346647323661828e+00	3.4659600000000001e-03
3.7346667833916958e+00	3.4756200000000000e-03
3.7346688344172083e+00	3.4852799999999999e-03
3.7346708854427213e+00	3.4949199999999999e-03
3.7346729364682338e+00	3.5045499999999999e-03
3.7346749874937468e+00	3.5141700000000001e-03
3.7346770385192594e+00	3.5237799999999998e-03
3.7346790895447723e+00	3.5333800000000000e-03
3.7346811405702849e+00	3.5429599999999999e-03
3.7346831915957979e+00	3.5525399999999999e-03
3.7346852426213104e+00	3.5620999999999999e-03
3.7346872936468234e+00	3.5716599999999999e-03
3.7346893446723359e+00	3.5812000000000001e-03
3.7346913956978489e+00	3.5907299999999999e-03
3.7346934467233615e+00	3.6002500000000002e-03
3.7346954977488744e+00	3.6097600000000001e-03
3.7346975487743870e+00	3.6192600000000000e-03
3.7346995997999000e+00	3.6287500000000000e-03
3.7347016508254125e+00	3.6382200000000002e-03
3.7347037018509255e+00	3.6476899999999999e-03
3.7347057528764380e+00	3.6571400000000001e-03
3.7347078039019510e+00	3.6665900000000000e-03
3.7347098549274635e+00	3.6760199999999999e-03
3.7347119059529765e+00	3.6854399999999999e-03
3.7347139569784891e+00	3.6948500000000000e-03
3.7347160080040021e+00	3.7042500000000001e-03
3.7347180590295146e+00	3.7136399999999998e-03
3.7347201100550276e+00	3.7230200000000001e-03
3.7347221610805401e+00	3.7323800000000000e-03
3.7347242121060531e+00	3.7417399999999999e-03
3.7347262631315656e+00	3.7510800000000000e-03
3.7347283141570782e+00	3.7604200000000000e-03
3.7347303651825912e+00	3.7697400000000002e-03
3.7347324162081037e+00	3.7790499999999999e-03
3.7347344672336167e+00	3.7883499999999998e-03
3.7347365182591292e+00	3.7976400000000001e-03
3.7347385692846422e+00	3.8069200000000001e-03
3.7347406203101547e+00	3.8161900000000001e-03
3.7347426713356677e+00	3.8254500000000002e-03
3.7347447223611803e+00	3.8346999999999999e-03
3.7347467733866933e+00	3.8439300000000002e-03
3.7347488244122058e+00	3.8531600000000000e-03
3.7347508754377188e+00	3.8623700000000000e-03
3.7347529264632313e+00	3.8715799999999999e-03
3.7347549774887443e+00	3.8807700000000000e-03
3.7347570285142568e+00	3.8899500000000001e-03
3.7347590795397698e+00	3.8991299999999998e-03
3.7347611305652824e+00	3.9082900000000000e-03
3.7347631815907953e+00	3.9174400000000003e-03
3.7347652326163079e+00	3.9265799999999998e-03
3.7347672836418209e+00	3.9357100000000002e-03
3.7347693346673334e+00	3.9448199999999999e-03
3.7347713856928464e+00	3.9539299999999996e-03
3.7347734367183589e+00	3.9630300000000002e-03
3.7347754877438719e+00	3.9721100000000001e-03
3.7347775387693845e+00	3.9811899999999999e-03
3.7347795897948974e+00	3.9902599999999998e-03
3.7347816408204100e+00	3.9993099999999998e-03
3.7347836918459230e+00	4.0083499999999999e-03
3.7347857428714355e+00	4.0173900000000000e-03
3.7347877938969485e+00	4.0264100000000002e-03
3.7347898449224610e+00	4.0354199999999996e-03
3.7347918959479740e+00	4.0444200000000000e-03
3.7347939469734865e+00	4.0534100000000003e-03
3.7347959979989995e+00	4.0623899999999999e-03
3.7347980490245121e+00	4.0713600000000004e-03
3.7348001000500251e+00	4.0803200000000001e-03
3.7348021510755376e+00	4.0892699999999999e-03
3.7348042021010506e+00	4.0982099999999997e-03
3.7348062531265631e+00	4.1071399999999996e-03
3.7348083041520761e+00	4.1160600000000004e-03
3.7348103551775886e+00	4.1249600000000004e-03
3.7348124062031016e+00	4.1338599999999996e-03
3.7348144572286142e+00	4.1427499999999997e-03
3.7348165082541267e+00	4.1516200000000000e-03
3.7348185592796397e+00	4.1604900000000002e-03
3.7348206103051522e+00	4.1693499999999996e-03
3.7348226613306652e+00	4.1781900000000000e-03
3.7348247123561777e+00	4.1870199999999996e-03
3.7348267633816907e+00	4.1958500000000001e-03
3.7348288144072033e+00	4.2046599999999998e-03
3.7348308654327163e+00	4.2134700000000004e-03
3.7348329164582288e+00	4.2222600000000002e-03
3.7348349674837418e+00	4.2310400000000001e-03
3.7348370185092543e+00	4.2398200000000000e-03
3.7348390695347673e+00	4.2485800000000001e-03
3.7348411205602798e+00	4.2573300000000001e-03
3.7348431715857928e+00	4.2660700000000003e-03
3.7348452226113054e+00	4.2748100000000004e-03
3.7348472736368183e+00	4.2835299999999998e-03
3.7348493246623309e+00	4.2922400000000001e-03
3.7348513756878439e+00	4.3009399999999996e-03
3.7348534267133564e+00	4.3096300000000001e-03
3.7348554777388694e+00	4.3183199999999996e-03
3.7348575287643819e+00	4.3269900000000002e-03
3.7348595797898949e+00	4.3356499999999999e-03
3.7348616308154075e+00	4.3442999999999997e-03
3.7348636818409204e+00	4.3529399999999996e-03
3.7348657328664330e+00	4.3615700000000004e-03
3.7348677838919460e+00	4.3701900000000004e-03
3.7348698349174585e+00	4.3788000000000004e-03
3.7348718859429715e+00	4.3873999999999996e-03
3.7348739369684840e+00	4.3959999999999997e-03
3.7348759879939970e+00	4.4045800000000000e-03
3.7348780390195095e+00	4.4131500000000002e-03
3.7348800900450225e+00	4.4217099999999997e-03
3.7348821410705351e+00	4.4302600000000001e-03
3.7348841920960481e+00	4.4387999999999997e-03
3.7348862431215606e+00	4.4473300000000002e-03
3.7348882941470736e+00	4.4558599999999999e-03
3.7348903451725861e+00	4.4643699999999996e-03
3.7348923961980991e+00	4.4728700000000003e-03
3.7348944472236116e+00	4.4813600000000002e-03
3.7348964982491246e+00	4.4898400000000002e-03
3.7348985492746372e+00	4.4983200000000001e-03
3.7349006003001501e+00	4.5067800000000002e-03
3.7349026513256627e+00	4.5152300000000003e-03
3.7349047023511752e+00	4.5236800000000004e-03
3.7349067533766882e+00	4.5321099999999998e-03
3.7349088044022007e+00	4.5405300000000001e-03
3.7349108554277137e+00	4.5489500000000004e-03
3.7349129064532263e+00	4.5573499999999999e-03
3.7349149574787393e+00	4.5657500000000004e-03
3.7349170085042518e+00	4.5741300000000000e-03
3.7349190595297648e+00	4.5825099999999997e-03
3.7349211105552773e+00	4.5908800000000003e-03
3.7349231615807903e+00	4.5992300000000002e-03
3.7349252126063028e+00	4.6075800000000000e-03
3.7349272636318158e+00	4.6159199999999999e-03
3.7349293146573284e+00	4.6242399999999999e-03
3.7349313656828413e+00	4.6325600000000000e-03
3.7349334167083539e+00	4.6408700000000001e-03
3.7349354677338669e+00	4.6491700000000002e-03
3.7349375187593794e+00	4.6574600000000004e-03
3.7349395697848924e+00	4.6657399999999998e-03
3.7349416208104049e+00	4.6740100000000001e-03
3.7349436718359179e+00	4.6822699999999997e-03
3.7349457228614305e+00	4.6905200000000001e-03
3.7349477738869434e+00	4.6987699999999997e-03
3.7349498249124560e+00	4.7070000000000002e-03
3.7349518759379690e+00	4.7152200000000000e-03
3.7349539269634815e+00	4.7234399999999998e-03
3.7349559779889945e+00	4.7316399999999996e-03
3.7349580290145070e+00	4.7398400000000004e-03
3.7349600800400200e+00	4.7480200000000004e-03
3.7349621310655325e+00	4.7562000000000004e-03
3.7349641820910455e+00	4.7643700000000004e-03
3.7349662331165581e+00	4.7725299999999997e-03
3.7349682841420710e+00	4.7806799999999998e-03
3.7349703351675836e+00	4.7888200000000001e-03
3.7349723861930966e+00	4.7969500000000003e-03
3.7349744372186091e+00	4.8050699999999998e-03
3.7349764882441221e+00	4.8131800000000002e-03
3.7349785392696346e+00	4.8212799999999998e-03
3.7349805902951476e+00	4.8293800000000003e-03
3.7349826413206602e+00	4.8374600000000000e-03
3.7349846923461731e+00	4.8455399999999997e-03
3.7349867433716857e+00	4.8536100000000004e-03
3.7349887943971987e+00	4.8616600000000003e-03
3.7349908454227112e+00	4.8697100000000002e-03
3.7349928964482237e+00	4.8777500000000001e-03
3.7349949474737367e+00	4.8857800000000002e-03
3.7349969984992493e+00	4.8938000000000002e-03
3.7349990495247622e+00	4.9018200000000003e-03
3.7350011005502748e+00	4.9098199999999996e-03
3.7350031515757878e+00	4.9178099999999999e-03
3.7350052026013003e+00	4.9258000000000001e-03
3.7350072536268133e+00	4.9337799999999996e-03
3.7350093046523258e+00	4.9417400000000000e-03
3.7350113556778388e+00	4.9496999999999996e-03
3.7350134067033514e+00	4.9576500000000001e-03
3.7350154577288643e+00	4.9655899999999998e-03
3.7350175087543769e+00	4.9735300000000003e-03
3.7350195597798899e+00	4.9814500000000001e-03
3.7350216108054024e+00	4.9893600000000000e-03
3.7350236618309154e+00	4.9972699999999998e-03
3.7350257128564279e+00	5.0051699999999998e-03
3.7350277638819409e+00	5.0130499999999998e-03
3.7350298149074534e+00	5.0209299999999998e-03
3.7350318659329664e+00	5.0287999999999999e-03
3.7350339169584790e+00	5.0366600000000001e-03
3.7350359679839920e+00	5.0445200000000003e-03
3.7350380190095045e+00	5.0523599999999997e-03
3.7350400700350175e+00	5.0601999999999999e-03
3.7350421210605300e+00	5.0680300000000003e-03
3.7350441720860430e+00	5.0758399999999999e-03
3.7350462231115555e+00	5.0836500000000003e-03
3.7350482741370685e+00	5.0914500000000000e-03
3.7350503251625811e+00	5.0992499999999996e-03
3.7350523761880940e+00	5.1070300000000002e-03
3.7350544272136066e+00	5.1148100000000000e-03
3.7350564782391196e+00	5.1225699999999999e-03
3.7350585292646321e+00	5.1303299999999998e-03
3.7350605802901451e+00	5.1380799999999997e-03
3.7350626313156576e+00	5.1458199999999997e-03
3.7350646823411706e+00	5.1535499999999998e-03
3.7350667333666832e+00	5.1612799999999999e-03
3.7350687843921961e+00	5.1689900000000000e-03
3.7350708354177087e+00	5.1767000000000002e-03
3.7350728864432217e+00	5.1843999999999996e-03
3.7350749374687342e+00	5.1920899999999999e-03
3.7350769884942467e+00	5.1997700000000003e-03
3.7350790395197597e+00	5.2074499999999998e-03
3.7350810905452723e+00	5.2151100000000002e-03
3.7350831415707852e+00	5.2227699999999998e-03
3.7350851925962978e+00	5.2304200000000004e-03
3.7350872436218108e+00	5.2380600000000001e-03
3.7350892946473233e+00	5.2456899999999999e-03
3.7350913456728363e+00	5.2533099999999998e-03
3.7350933966983488e+00	5.2609299999999996e-03
3.7350954477238618e+00	5.2685400000000004e-03
3.7350974987493744e+00	5.2761300000000004e-03
3.7350995497748873e+00	5.2837300000000004e-03
3.7351016008003999e+00	5.2913099999999996e-03
3.7351036518259129e+00	5.2988799999999997e-03
3.7351057028514254e+00	5.3064499999999999e-03
3.7351077538769384e+00	5.3140100000000001e-03
3.7351098049024509e+00	5.3215600000000004e-03
3.7351118559279639e+00	5.3290999999999998e-03
3.7351139069534764e+00	5.3366300000000002e-03
3.7351159579789894e+00	5.3441599999999997e-03
3.7351180090045020e+00	5.3516700000000002e-03
3.7351200600300150e+00	5.3591799999999998e-03
3.7351221110555275e+00	5.3666800000000004e-03
3.7351241620810405e+00	5.3741800000000001e-03
3.7351262131065530e+00	5.3816599999999999e-03
3.7351282641320660e+00	5.3891399999999997e-03
3.7351303151575785e+00	5.3966099999999996e-03
3.7351323661830915e+00	5.4040700000000004e-03
3.7351344172086041e+00	5.4115200000000004e-03
3.7351364682341170e+00	5.4189700000000004e-03
3.7351385192596296e+00	5.4263999999999996e-03
3.7351405702851426e+00	5.4338299999999997e-03
3.7351426213106551e+00	5.4412599999999998e-03
3.7351446723361681e+00	5.4486700000000001e-03
3.7351467233616806e+00	5.4560700000000004e-03
3.7351487743871936e+00	5.4634699999999998e-03
3.7351508254127062e+00	5.4708600000000001e-03
3.7351528764382191e+00	5.4782399999999997e-03
3.7351549274637317e+00	5.4856200000000001e-03
3.7351569784892447e+00	5.4929899999999997e-03
3.7351590295147572e+00	5.5003400000000003e-03
3.7351610805402702e+00	5.5076900000000000e-03
3.7351631315657827e+00	5.5150399999999997e-03
3.7351651825912953e+00	5.5223700000000004e-03
3.7351672336168082e+00	5.5297000000000002e-03
3.7351692846423208e+00	5.5370200000000001e-03
3.7351713356678338e+00	5.5443300000000001e-03
3.7351733866933463e+00	5.5516400000000000e-03
3.7351754377188593e+00	5.5589400000000001e-03
3.7351774887443718e+00	5.5662200000000002e-03
3.7351795397698848e+00	5.5735100000000003e-03
3.7351815907953974e+00	5.5807799999999996e-03
3.7351836418209103e+00	5.5880499999999998e-03
3.7351856928464229e+00	5.5953100000000000e-03
3.7351877438719359e+00	5.6025600000000004e-03
3.7351897948974484e+00	5.6097999999999999e-03
3.7351918459229614e+00	5.6170400000000002e-03
3.7351938969484739e+00	5.6242599999999998e-03
3.7351959479739869e+00	5.6314900000000003e-03
3.7351979989994994e+00	5.6387000000000000e-03
3.7352000500250124e+00	5.6459099999999996e-03
3.7352021010505250e+00	5.6531000000000003e-03
3.7352041520760380e+00	5.6603000000000001e-03
3.7352062031015505e+00	5.6674799999999999e-03
3.7352082541270635e+00	5.6746599999999998e-03
3.7352103051525760e+00	5.6818199999999998e-03
3.7352123561780890e+00	5.6889899999999997e-03
3.7352144072036015e+00	5.6961399999999997e-03
3.7352164582291145e+00	5.7032899999999997e-03
3.7352185092546271e+00	5.7104299999999998e-03
3.7352205602801400e+00	5.7175600000000000e-03
3.7352226113056526e+00	5.7246800000000002e-03
3.7352246623311656e+00	5.7317999999999996e-03
3.7352267133566781e+00	5.7389099999999998e-03
3.7352287643821911e+00	5.7460100000000002e-03
3.7352308154077036e+00	5.7531099999999996e-03
3.7352328664332166e+00	5.7602000000000000e-03
3.7352349174587292e+00	5.7672799999999996e-03
3.7352369684842421e+00	5.7743500000000001e-03
3.7352390195097547e+00	5.7814199999999998e-03
3.7352410705352677e+00	5.7884800000000004e-03
3.7352431215607802e+00	5.7955300000000001e-03
3.7352451725862932e+00	5.8025700000000000e-03
3.7352472236118057e+00	5.8096099999999998e-03
3.7352492746373187e+00	5.8166399999999997e-03
3.7352513256628312e+00	5.8236599999999996e-03
3.7352533766883438e+00	5.8306800000000004e-03
3.7352554277138568e+00	5.8376900000000004e-03
3.7352574787393693e+00	5.8446899999999996e-03
3.7352595297648823e+00	5.8516899999999997e-03
3.7352615807903948e+00	5.8586699999999999e-03
3.7352636318159078e+00	5.8656600000000000e-03
3.7352656828414204e+00	5.8726300000000002e-03
3.7352677338669333e+00	5.8795999999999996e-03
3.7352697848924459e+00	5.8865599999999999e-03
3.7352718359179589e+00	5.8935100000000002e-03
3.7352738869434714e+00	5.9004499999999998e-03
3.7352759379689844e+00	5.9073900000000002e-03
3.7352779889944969e+00	5.9143299999999998e-03
3.7352800400200099e+00	5.9212500000000003e-03
3.7352820910455224e+00	5.9281700000000000e-03
3.7352841420710354e+00	5.9350799999999997e-03
3.7352861930965480e+00	5.9419800000000004e-03
3.7352882441220610e+00	5.9488800000000001e-03
3.7352902951475735e+00	5.9557700000000000e-03
3.7352923461730865e+00	5.9626599999999998e-03
3.7352943971985990e+00	5.9695299999999998e-03
3.7352964482241120e+00	5.9763999999999998e-03
3.7352984992496245e+00	5.9832699999999997e-03
3.7353005502751375e+00	5.9901199999999998e-03
3.7353026013006501e+00	5.9969699999999999e-03
3.7353046523261630e+00	6.0038100000000000e-03
3.7353067033516756e+00	6.0106500000000002e-03
3.7353087543771886e+00	6.0174800000000004e-03
3.7353108054027011e+00	6.0242999999999998e-03
3.7353128564282141e+00	6.0311200000000001e-03
3.7353149074537266e+00	6.0379300000000004e-03
3.7353169584792396e+00	6.0447299999999999e-03
3.7353190095047522e+00	6.0515200000000003e-03
3.7353210605302651e+00	6.0583099999999999e-03
3.7353231115557777e+00	6.0650900000000004e-03
3.7353251625812907e+00	6.0718700000000000e-03
3.7353272136068032e+00	6.0786399999999997e-03
3.7353292646323162e+00	6.0854000000000004e-03
3.7353313156578287e+00	6.0921600000000001e-03
3.7353333666833417e+00	6.0989099999999999e-03
3.7353354177088542e+00	6.1056499999999998e-03
3.7353374687343672e+00	6.1123799999999997e-03
3.7353395197598798e+00	6.1191099999999997e-03
3.7353415707853923e+00	6.1258399999999996e-03
3.7353436218109053e+00	6.1325499999999996e-03
3.7353456728364178e+00	6.1392599999999997e-03
3.7353477238619308e+00	6.1459699999999997e-03
3.7353497748874434e+00	6.1526599999999999e-03
3.7353518259129563e+00	6.1593500000000001e-03
3.7353538769384689e+00	6.1660400000000002e-03
3.7353559279639819e+00	6.1727099999999997e-03
3.7353579789894944e+00	6.1793899999999999e-03
3.7353600300150074e+00	6.1860500000000002e-03
3.7353620810405199e+00	6.1927099999999997e-03
3.7353641320660329e+00	6.1993600000000001e-03
3.7353661830915454e+00	6.2059999999999997e-03
3.7353682341170584e+00	6.2126400000000002e-03
3.7353702851425710e+00	6.2192799999999998e-03
3.7353723361680840e+00	6.2259000000000004e-03
3.7353743871935965e+00	6.2325200000000001e-03
3.7353764382191095e+00	6.2391399999999998e-03
3.7353784892446220e+00	6.2457399999999996e-03
3.7353805402701350e+00	6.2523400000000003e-03
3.7353825912956475e+00	6.2589400000000002e-03
3.7353846423211605e+00	6.2655300000000001e-03
3.7353866933466731e+00	6.2721100000000000e-03
3.7353887443721860e+00	6.2786800000000000e-03
3.7353907953976986e+00	6.2852500000000000e-03
3.7353928464232116e+00	6.2918200000000001e-03
3.7353948974487241e+00	6.2983700000000002e-03
3.7353969484742371e+00	6.3049200000000003e-03
3.7353989994997496e+00	6.3114699999999996e-03
3.7354010505252626e+00	6.3180099999999998e-03
3.7354031015507752e+00	6.3245400000000000e-03
3.7354051525762881e+00	6.3310700000000003e-03
3.7354072036018007e+00	6.3375899999999997e-03
3.7354092546273137e+00	6.3441000000000001e-03
3.7354113056528262e+00	6.3506099999999996e-03
3.7354133566783392e+00	6.3571100000000000e-03
3.7354154077038517e+00	6.3635999999999996e-03
3.7354174587293647e+00	6.3700900000000001e-03
3.7354195097548772e+00	6.3765799999999997e-03
3.7354215607803902e+00	6.3830500000000004e-03
3.7354236118059028e+00	6.3895200000000001e-03
3.7354256628314157e+00	6.3959899999999998e-03
3.7354277138569283e+00	6.4024499999999996e-03
3.7354297648824408e+00	6.4089000000000004e-03
3.7354318159079538e+00	6.4153500000000002e-03
3.7354338669334664e+00	6.4217900000000001e-03
3.7354359179589793e+00	6.4282200000000001e-03
3.7354379689844919e+00	6.4346500000000001e-03
3.7354400200100049e+00	6.4410800000000001e-03
3.7354420710355174e+00	6.4474900000000002e-03
3.7354441220610304e+00	6.4539000000000003e-03
3.7354461730865429e+00	6.4603100000000004e-03
3.7354482241120559e+00	6.4667099999999996e-03
3.7354502751375684e+00	6.4730999999999999e-03
3.7354523261630814e+00	6.4794900000000001e-03
3.7354543771885940e+00	6.4858700000000004e-03
3.7354564282141069e+00	6.4922499999999998e-03
3.7354584792396195e+00	6.4986200000000001e-03
3.7354605302651325e+00	6.5049799999999996e-03
3.7354625812906450e+00	6.5113400000000000e-03
3.7354646323161580e+00	6.5176899999999996e-03
3.7354666833416705e+00	6.5240400000000000e-03
3.7354687343671835e+00	6.5303799999999997e-03
3.7354707853926961e+00	6.5367200000000002e-03
3.7354728364182090e+00	6.5430400000000000e-03
3.7354748874437216e+00	6.5493699999999997e-03
3.7354769384692346e+00	6.5556900000000003e-03
3.7354789894947471e+00	6.5620000000000001e-03
3.7354810405202601e+00	6.5683000000000000e-03
3.7354830915457726e+00	6.5745999999999999e-03
3.7354851425712856e+00	6.5808999999999998e-03
3.7354871935967981e+00	6.5871899999999997e-03
3.7354892446223111e+00	6.5934699999999997e-03
3.7354912956478237e+00	6.5997499999999997e-03
3.7354933466733367e+00	6.6060199999999998e-03
3.7354953976988492e+00	6.6122899999999998e-03
3.7354974487243622e+00	6.6185500000000000e-03
3.7354994997498747e+00	6.6248000000000001e-03
3.7355015507753877e+00	6.6310500000000003e-03
3.7355036018009002e+00	6.6372999999999996e-03
3.7355056528264132e+00	6.6435299999999999e-03
3.7355077038519258e+00	6.6497700000000002e-03
3.7355097548774387e+00	6.6559899999999996e-03
3.7355118059029513e+00	6.6622199999999999e-03
3.7355138569284638e+00	6.6684300000000004e-03
3.7355159079539768e+00	6.6746399999999999e-03
3.7355179589794894e+00	6.6808500000000003e-03
3.7355200100050023e+00	6.6870499999999999e-03
3.7355220610305149e+00	6.6932399999999996e-03
3.7355241120560279e+00	6.6994300000000001e-03
3.7355261630815404e+00	6.7056099999999999e-03
3.7355282141070534e+00	6.7117899999999996e-03
3.7355302651325659e+00	6.7179600000000003e-03
3.7355323161580789e+00	6.7241300000000000e-03
3.7355343671835914e+00	6.7302899999999999e-03
3.7355364182091044e+00	6.7364399999999998e-03
3.7355384692346170e+00	6.7425899999999997e-03
3.7355405202601299e+00	6.7487399999999996e-03
3.7355425712856425e+00	6.7548800000000004e-03
3.7355446223111555e+00	6.7610099999999996e-03
3.7355466733366680e+00	6.7671399999999996e-03
3.7355487243621810e+00	6.7732599999999997e-03
3.7355507753876935e+00	6.7793799999999998e-03
3.7355528264132065e+00	6.7854899999999999e-03
3.7355548774387191e+00	6.7916000000000001e-03
3.7355569284642320e+00	6.7977000000000003e-03
3.7355589794897446e+00	6.8037999999999996e-03
3.7355610305152576e+00	6.8098899999999999e-03
3.7355630815407701e+00	6.8159700000000002e-03
3.7355651325662831e+00	6.8220499999999996e-03
3.7355671835917956e+00	6.8281300000000000e-03
3.7355692346173086e+00	6.8342000000000003e-03
3.7355712856428211e+00	6.8402599999999999e-03
3.7355733366683341e+00	6.8463200000000004e-03
3.7355753876938467e+00	6.8523799999999999e-03
3.7355774387193597e+00	6.8584199999999996e-03
3.7355794897448722e+00	6.8644700000000001e-03
3.7355815407703852e+00	6.8705099999999998e-03
3.7355835917958977e+00	6.8765400000000004e-03
3.7355856428214107e+00	6.8825700000000002e-03
3.7355876938469232e+00	6.8885900000000000e-03
3.7355897448724362e+00	6.8946099999999998e-03
3.7355917958979488e+00	6.9006199999999997e-03
3.7355938469234617e+00	6.9066300000000004e-03
3.7355958979489743e+00	6.9126300000000003e-03
3.7355979489744873e+00	6.9186300000000003e-03
3.7355999999999998e+00	6.9246200000000003e-03
