3.0000000000000000e+00	1.1125699999999999e-01
3.0020020020020022e+00	8.1907900000000006e-02
3.0040040040040039e+00	5.6018699999999998e-02
3.0060060060060061e+00	3.4596399999999999e-02
3.0080080080080078e+00	1.8296099999999999e-02
3.0100100100100100e+00	7.3283599999999999e-03
3.0120120120120122e+00	1.4508699999999999e-03
3.0140140140140139e+00	4.0788899999999998e-05
3.0160160160160161e+00	2.2226500000000001e-03
3.0180180180180178e+00	7.0123099999999999e-03
3.0200200200200200e+00	1.3443399999999999e-02
3.0220220220220222e+00	2.0657300000000000e-02
3.0240240240240239e+00	2.7951400000000001e-02
3.0260260260260261e+00	3.4794600000000002e-02
3.0280280280280278e+00	4.0817699999999998e-02
3.0300300300300300e+00	4.5791600000000002e-02
3.0320320320320322e+00	4.9600600000000002e-02
3.0340340340340339e+00	5.2215800000000000e-02
3.0360360360360361e+00	5.3671000000000003e-02
3.0380380380380378e+00	5.4043599999999997e-02
3.0400400400400400e+00	5.3438800000000002e-02
3.0420420420420422e+00	5.1977900000000000e-02
3.0440440440440439e+00	4.9789699999999999e-02
3.0460460460460461e+00	4.7004100000000000e-02
3.0480480480480479e+00	4.3747800000000003e-02
3.0500500500500500e+00	4.0141499999999997e-02
3.0520520520520522e+00	3.6298200000000003e-02
3.0540540540540539e+00	3.2321799999999998e-02
3.0560560560560561e+00	2.8306999999999999e-02
3.0580580580580579e+00	2.4338900000000000e-02
3.0600600600600600e+00	2.0493700000000000e-02
3.0620620620620622e+00	1.6838599999999999e-02
3.0640640640640640e+00	1.3432700000000001e-02
3.0660660660660661e+00	1.0327500000000000e-02
3.0680680680680679e+00	7.5673600000000004e-03
3.0700700700700700e+00	5.1904200000000003e-03
3.0720720720720722e+00	3.2287800000000001e-03
3.0740740740740740e+00	1.7032200000000001e-03
3.0760760760760761e+00	6.6943600000000003e-04
3.0780780780780779e+00	9.9264099999999997e-05
3.0800800800800801e+00	3.5826099999999999e-05
3.0820820820820822e+00	4.8677300000000002e-04
3.0840840840840840e+00	1.4626100000000000e-03
3.0860860860860861e+00	2.9715399999999999e-03
3.0880880880880879e+00	5.0199399999999996e-03
3.0900900900900901e+00	7.6126400000000004e-03
3.0920920920920922e+00	1.0753100000000000e-02
3.0940940940940940e+00	1.4443800000000000e-02
3.0960960960960962e+00	1.8685899999999998e-02
3.0980980980980979e+00	2.3480200000000000e-02
3.1001001001001001e+00	2.8826399999999999e-02
3.1021021021021022e+00	3.4723499999999997e-02
3.1041041041041040e+00	4.1169999999999998e-02
3.1061061061061062e+00	4.8163699999999997e-02
3.1081081081081079e+00	5.5701800000000003e-02
3.1101101101101101e+00	6.3780699999999996e-02
3.1121121121121122e+00	7.2396000000000002e-02
3.1141141141141140e+00	8.1542699999999996e-02
3.1161161161161162e+00	9.1214600000000007e-02
3.1181181181181179e+00	1.0140399999999999e-01
3.1201201201201201e+00	1.1210199999999999e-01
3.1221221221221223e+00	1.2329500000000000e-01
3.1241241241241240e+00	1.3496100000000000e-01
3.1261261261261262e+00	1.4704000000000000e-01
3.1281281281281279e+00	1.5889500000000001e-01
3.1301301301301301e+00	1.7372000000000001e-01
3.1321321321321323e+00	1.8694300000000000e-01
3.1341341341341340e+00	2.0086300000000001e-01
3.1361361361361362e+00	2.1524399999999999e-01
3.1381381381381379e+00	2.3003399999999999e-01
3.1401401401401401e+00	2.4520400000000001e-01
3.1421421421421423e+00	2.6072699999999999e-01
3.1441441441441440e+00	2.7657900000000002e-01
3.1461461461461462e+00	2.9273199999999999e-01
3.1481481481481479e+00	3.0915900000000002e-01
3.1501501501501501e+00	3.2583099999999998e-01
3.1521521521521523e+00	3.4271699999999999e-01
3.1541541541541540e+00	3.5978700000000002e-01
3.1561561561561562e+00	3.7700699999999998e-01
3.1581581581581579e+00	3.9434399999999997e-01
3.1601601601601601e+00	4.1176499999999999e-01
3.1621621621621623e+00	4.2923299999999998e-01
3.1641641641641640e+00	4.4671499999999997e-01
3.1661661661661662e+00	4.6417300000000000e-01
3.1681681681681679e+00	4.8157400000000000e-01
3.1701701701701701e+00	4.9888100000000002e-01
3.1721721721721723e+00	5.1605999999999996e-01
3.1741741741741740e+00	5.3307700000000002e-01
3.1761761761761762e+00	5.4989900000000003e-01
3.1781781781781784e+00	5.6649400000000005e-01
3.1801801801801801e+00	5.8283200000000002e-01
3.1821821821821823e+00	5.9888300000000005e-01
3.1841841841841840e+00	6.1462099999999997e-01
3.1861861861861862e+00	6.3002100000000005e-01
3.1881881881881884e+00	6.4505800000000002e-01
3.1901901901901901e+00	6.5971299999999999e-01
3.1921921921921923e+00	6.7396500000000004e-01
3.1941941941941940e+00	6.8779900000000005e-01
3.1961961961961962e+00	7.0120000000000005e-01
3.1981981981981984e+00	7.1415499999999998e-01
3.2002002002002001e+00	7.2665500000000005e-01
3.2022022022022023e+00	7.3869300000000004e-01
3.2042042042042040e+00	7.5026199999999998e-01
3.2062062062062062e+00	7.6136000000000004e-01
3.2082082082082084e+00	7.7198400000000000e-01
3.2102102102102101e+00	7.8213600000000005e-01
3.2122122122122123e+00	7.9181599999999996e-01
3.2142142142142140e+00	8.0102899999999999e-01
3.2162162162162162e+00	8.0977900000000003e-01
3.2182182182182184e+00	8.1807399999999997e-01
3.2202202202202201e+00	8.2591899999999996e-01
3.2222222222222223e+00	8.3332399999999995e-01
3.2242242242242241e+00	8.4029799999999999e-01
3.2262262262262262e+00	8.4684999999999999e-01
3.2282282282282284e+00	8.5299000000000003e-01
3.2302302302302301e+00	8.5872999999999999e-01
3.2322322322322323e+00	8.6407999999999996e-01
3.2342342342342341e+00	8.6905200000000005e-01
3.2362362362362362e+00	8.7365499999999996e-01
3.2382382382382384e+00	8.7790199999999996e-01
3.2402402402402402e+00	8.8180199999999997e-01
3.2422422422422423e+00	8.8536599999999999e-01
3.2442442442442441e+00	8.8860399999999995e-01
3.2462462462462462e+00	8.9152500000000001e-01
3.2482482482482484e+00	8.9413699999999996e-01
3.2502502502502502e+00	8.9644999999999997e-01
3.2522522522522523e+00	8.9847100000000002e-01
3.2542542542542541e+00	9.0020500000000003e-01
3.2562562562562563e+00	9.0166100000000005e-01
3.2582582582582584e+00	9.0284200000000003e-01
3.2602602602602602e+00	9.0375200000000000e-01
3.2622622622622623e+00	9.0439700000000001e-01
3.2642642642642641e+00	9.0477799999999997e-01
3.2662662662662663e+00	9.0489699999999995e-01
3.2682682682682684e+00	9.0475600000000000e-01
3.2702702702702702e+00	9.0435299999999996e-01
3.2722722722722724e+00	9.0368999999999999e-01
3.2742742742742741e+00	9.0276400000000001e-01
3.2762762762762763e+00	9.0157399999999999e-01
3.2782782782782784e+00	9.0011500000000000e-01
3.2802802802802802e+00	8.9838600000000002e-01
3.2822822822822824e+00	8.9637999999999995e-01
3.2842842842842841e+00	8.9409400000000006e-01
3.2862862862862863e+00	8.9152200000000004e-01
3.2882882882882885e+00	8.8865799999999995e-01
3.2902902902902902e+00	8.8549699999999998e-01
3.2922922922922924e+00	8.8202999999999998e-01
3.2942942942942941e+00	8.7825200000000003e-01
3.2962962962962963e+00	8.7415500000000002e-01
3.2982982982982985e+00	8.6973400000000001e-01
3.3003003003003002e+00	8.6497999999999997e-01
3.3023023023023024e+00	8.5988699999999996e-01
3.3043043043043046e+00	8.5444900000000001e-01
3.3063063063063063e+00	8.4865999999999997e-01
3.3083083083083085e+00	8.4251500000000001e-01
3.3103103103103102e+00	8.3600799999999997e-01
3.3123123123123124e+00	8.2913700000000001e-01
3.3143143143143146e+00	8.2189800000000002e-01
3.3163163163163163e+00	8.1428999999999996e-01
3.3183183183183185e+00	8.0631100000000000e-01
3.3203203203203202e+00	7.9796199999999995e-01
3.3223223223223224e+00	7.8924499999999997e-01
3.3243243243243246e+00	7.8016399999999997e-01
3.3263263263263263e+00	7.7072200000000002e-01
3.3283283283283285e+00	7.6092700000000002e-01
3.3303303303303302e+00	7.5078699999999998e-01
3.3323323323323324e+00	7.4031000000000002e-01
3.3343343343343346e+00	7.2950800000000005e-01
3.3363363363363363e+00	7.1839399999999998e-01
3.3383383383383385e+00	7.0698200000000000e-01
3.3403403403403402e+00	6.9528900000000005e-01
3.3423423423423424e+00	6.8332999999999999e-01
3.3443443443443446e+00	6.7112499999999997e-01
3.3463463463463463e+00	6.5869400000000000e-01
3.3483483483483485e+00	6.4605699999999999e-01
3.3503503503503502e+00	6.3323700000000005e-01
3.3523523523523524e+00	6.2025600000000003e-01
3.3543543543543546e+00	6.0713700000000004e-01
3.3563563563563563e+00	5.9390500000000002e-01
3.3583583583583585e+00	5.8058299999999996e-01
3.3603603603603602e+00	5.6719600000000003e-01
3.3623623623623624e+00	5.5376800000000004e-01
3.3643643643643646e+00	5.4032400000000003e-01
3.3663663663663663e+00	5.2688500000000005e-01
3.3683683683683685e+00	5.1347699999999996e-01
3.3703703703703702e+00	5.0012100000000004e-01
3.3723723723723724e+00	4.8683900000000002e-01
3.3743743743743746e+00	4.7365200000000002e-01
3.3763763763763763e+00	4.6057999999999999e-01
3.3783783783783785e+00	4.4764199999999998e-01
3.3803803803803802e+00	4.3485400000000002e-01
3.3823823823823824e+00	4.2223400000000000e-01
3.3843843843843846e+00	4.0979599999999999e-01
3.3863863863863863e+00	3.9755400000000002e-01
3.3883883883883885e+00	3.8552100000000000e-01
3.3903903903903903e+00	3.7370799999999998e-01
3.3923923923923924e+00	3.6212499999999997e-01
3.3943943943943946e+00	3.5077999999999998e-01
3.3963963963963963e+00	3.3968100000000001e-01
3.3983983983983985e+00	3.2883299999999999e-01
3.4004004004004003e+00	3.1824300000000000e-01
3.4024024024024024e+00	3.0791400000000002e-01
3.4044044044044046e+00	2.9784800000000000e-01
3.4064064064064064e+00	2.8804800000000003e-01
3.4084084084084085e+00	2.7851500000000001e-01
3.4104104104104103e+00	2.6924900000000002e-01
3.4124124124124124e+00	2.6024999999999998e-01
3.4144144144144146e+00	2.5151600000000002e-01
3.4164164164164164e+00	2.4304500000000001e-01
3.4184184184184185e+00	2.3483499999999999e-01
3.4204204204204203e+00	2.2688200000000000e-01
3.4224224224224224e+00	2.1918399999999999e-01
3.4244244244244246e+00	2.1173700000000001e-01
3.4264264264264264e+00	2.0453499999999999e-01
3.4284284284284285e+00	1.9757500000000000e-01
3.4304304304304303e+00	1.9085299999999999e-01
3.4324324324324325e+00	1.8436300000000000e-01
3.4344344344344346e+00	1.7809900000000001e-01
3.4364364364364364e+00	1.7205799999999999e-01
3.4384384384384385e+00	1.6623299999999999e-01
3.4404404404404403e+00	1.6062100000000001e-01
3.4424424424424425e+00	1.5521399999999999e-01
3.4444444444444446e+00	1.5000900000000000e-01
3.4464464464464464e+00	1.4500099999999999e-01
3.4484484484484486e+00	1.4018400000000000e-01
3.4504504504504503e+00	1.3555400000000001e-01
3.4524524524524525e+00	1.3110600000000000e-01
3.4544544544544546e+00	1.2683700000000001e-01
3.4564564564564564e+00	1.2274300000000000e-01
3.4584584584584586e+00	1.1882000000000000e-01
3.4604604604604603e+00	1.1506600000000000e-01
3.4624624624624625e+00	1.1147899999999999e-01
3.4644644644644647e+00	1.0805700000000000e-01
3.4664664664664664e+00	1.0480100000000001e-01
3.4684684684684686e+00	1.0171100000000000e-01
3.4704704704704703e+00	9.8791400000000001e-02
3.4724724724724725e+00	9.6046599999999996e-02
3.4744744744744747e+00	9.3486100000000003e-02
3.4764764764764764e+00	9.1123599999999999e-02
3.4784784784784786e+00	8.8980100000000006e-02
3.4804804804804803e+00	8.7087499999999998e-02
3.4824824824824825e+00	8.5495299999999996e-02
3.4844844844844847e+00	8.4281999999999996e-02
3.4864864864864864e+00	8.3578299999999994e-02
3.4884884884884886e+00	8.3616099999999999e-02
3.4904904904904903e+00	8.4843600000000005e-02
3.4924924924924925e+00	8.8247199999999998e-02
3.4944944944944947e+00	9.6476500000000007e-02
3.4964964964964964e+00	1.1969800000000000e-01
3.4984984984984986e+00	2.5188899999999997e-01
3.5005005005005003e+00	2.6716400000000001e-02
3.5025025025025025e+00	1.2099600000000000e-02
3.5045045045045047e+00	2.4405900000000001e-02
3.5065065065065064e+00	2.9989700000000001e-02
3.5085085085085086e+00	3.2689799999999998e-02
3.5105105105105103e+00	3.3974400000000002e-02
3.5125125125125125e+00	3.4479799999999998e-02
3.5145145145145147e+00	3.4521900000000001e-02
3.5165165165165164e+00	3.4273800000000000e-02
3.5185185185185186e+00	3.3837800000000001e-02
3.5205205205205203e+00	3.3278299999999997e-02
3.5225225225225225e+00	3.2641099999999999e-02
3.5245245245245247e+00	3.1913400000000001e-02
3.5265265265265264e+00	3.1195199999999999e-02
3.5285285285285286e+00	3.0443999999999999e-02
3.5305305305305303e+00	2.9680800000000000e-02
3.5325325325325325e+00	2.8913899999999999e-02
3.5345345345345347e+00	2.8148900000000001e-02
3.5365365365365364e+00	2.7389799999999999e-02
3.5385385385385386e+00	2.6639800000000002e-02
3.5405405405405403e+00	2.5901100000000000e-02
3.5425425425425425e+00	2.5175199999999998e-02
3.5445445445445447e+00	2.4463400000000000e-02
3.5465465465465464e+00	2.3766499999999999e-02
3.5485485485485486e+00	2.3085100000000001e-02
3.5505505505505504e+00	2.2419399999999999e-02
3.5525525525525525e+00	2.1769699999999999e-02
3.5545545545545547e+00	2.1135899999999999e-02
3.5565565565565564e+00	2.0518200000000000e-02
3.5585585585585586e+00	1.9916199999999998e-02
3.5605605605605604e+00	1.9329800000000001e-02
3.5625625625625625e+00	1.8758799999999999e-02
3.5645645645645647e+00	1.8202900000000001e-02
3.5665665665665665e+00	1.7661600000000000e-02
3.5685685685685686e+00	1.7134799999999999e-02
3.5705705705705704e+00	1.6622000000000001e-02
3.5725725725725725e+00	1.6122899999999999e-02
3.5745745745745747e+00	1.5637100000000001e-02
3.5765765765765765e+00	1.5164199999999999e-02
3.5785785785785786e+00	1.4703800000000000e-02
3.5805805805805804e+00	1.4255400000000000e-02
3.5825825825825826e+00	1.3818700000000000e-02
3.5845845845845847e+00	1.3392400000000000e-02
3.5865865865865865e+00	1.2982199999999999e-02
3.5885885885885886e+00	1.2577500000000000e-02
3.5905905905905904e+00	1.2184000000000000e-02
3.5925925925925926e+00	1.1800700000000001e-02
3.5945945945945947e+00	1.1426900000000000e-02
3.5965965965965965e+00	1.1062400000000000e-02
3.5985985985985987e+00	1.0706800000000001e-02
3.6006006006006004e+00	1.0359699999999999e-02
3.6026026026026026e+00	1.0020800000000000e-02
3.6046046046046047e+00	9.6898200000000000e-03
3.6066066066066065e+00	9.3664300000000002e-03
3.6086086086086087e+00	9.0503100000000006e-03
3.6106106106106104e+00	8.7411699999999995e-03
3.6126126126126126e+00	8.4387200000000002e-03
3.6146146146146148e+00	8.1426599999999995e-03
3.6166166166166165e+00	7.8527300000000005e-03
3.6186186186186187e+00	7.5686399999999997e-03
3.6206206206206204e+00	7.2901199999999998e-03
3.6226226226226226e+00	7.0169300000000002e-03
3.6246246246246248e+00	6.7488000000000001e-03
3.6266266266266265e+00	6.4854900000000000e-03
3.6286286286286287e+00	6.2267499999999996e-03
3.6306306306306304e+00	5.9723500000000004e-03
3.6326326326326326e+00	5.7220600000000002e-03
3.6346346346346348e+00	5.4756600000000002e-03
3.6366366366366365e+00	5.2329400000000002e-03
3.6386386386386387e+00	4.9936900000000003e-03
3.6406406406406404e+00	4.7577299999999999e-03
3.6426426426426426e+00	4.5248600000000003e-03
3.6446446446446448e+00	4.2949199999999998e-03
3.6466466466466465e+00	4.0677500000000002e-03
3.6486486486486487e+00	3.8432100000000001e-03
3.6506506506506504e+00	3.6211899999999998e-03
3.6526526526526526e+00	3.4015999999999998e-03
3.6546546546546548e+00	3.1844000000000000e-03
3.6566566566566565e+00	2.9695799999999999e-03
3.6586586586586587e+00	2.7572700000000000e-03
3.6606606606606604e+00	2.5478599999999999e-03
3.6626626626626626e+00	2.3429599999999998e-03
3.6646646646646648e+00	2.1728799999999999e-03
3.6666666666666665e+00	1.9148500000000001e-03
3.6686686686686687e+00	1.7214500000000000e-03
3.6706706706706704e+00	1.5269299999999999e-03
3.6726726726726726e+00	1.3355999999999999e-03
3.6746746746746748e+00	1.1488799999999999e-03
3.6766766766766765e+00	9.6796299999999996e-04
3.6786786786786787e+00	7.9420399999999996e-04
3.6806806806806804e+00	6.2842200000000001e-04
3.6826826826826826e+00	4.7681699999999999e-04
3.6846846846846848e+00	3.3689300000000000e-04
3.6866866866866865e+00	2.1457400000000001e-04
3.6886886886886887e+00	1.1415100000000000e-04
3.6906906906906904e+00	4.1305199999999999e-05
3.6926926926926926e+00	3.3709900000000001e-06
3.6946946946946948e+00	9.8373699999999996e-06
3.6966966966966965e+00	7.3061300000000005e-05
3.6986986986986987e+00	2.0926199999999999e-04
3.7007007007007005e+00	4.3993100000000001e-04
3.7027027027027026e+00	7.9385999999999996e-04
3.7047047047047048e+00	1.3101300000000001e-03
3.7067067067067065e+00	2.0425600000000001e-03
3.7087087087087087e+00	3.0666600000000001e-03
3.7107107107107105e+00	4.4905099999999996e-03
3.7127127127127126e+00	6.4726699999999998e-03
3.7147147147147148e+00	9.2527300000000007e-03
3.7167167167167166e+00	1.3205700000000001e-02
3.7187187187187187e+00	1.8944099999999998e-02
3.7207207207207205e+00	2.7523200000000001e-02
3.7227227227227226e+00	4.0884299999999998e-02
3.7247247247247248e+00	6.2909099999999996e-02
3.7267267267267266e+00	1.0222400000000000e-01
3.7287287287287287e+00	1.8065700000000001e-01
3.7307307307307305e+00	3.6037700000000000e-01
3.7327327327327327e+00	7.7282700000000004e-01
3.7347347347347348e+00	9.2772600000000005e-01
3.7367367367367370e+00	4.1340399999999999e-01
3.7387387387387387e+00	1.5874099999999999e-01
3.7407407407407405e+00	6.3321699999999995e-02
3.7427427427427427e+00	2.3315300000000001e-02
3.7447447447447448e+00	5.9152199999999997e-03
3.7467467467467470e+00	1.5889400000000000e-04
3.7487487487487487e+00	2.1376799999999999e-03
3.7507507507507505e+00	1.0583900000000000e-02
3.7527527527527527e+00	2.5285499999999999e-02
3.7547547547547548e+00	4.6317999999999998e-02
3.7567567567567570e+00	7.3505299999999996e-02
3.7587587587587588e+00	1.0596899999999999e-01
3.7607607607607605e+00	1.4183100000000001e-01
3.7627627627627627e+00	1.7821899999999999e-01
3.7647647647647648e+00	2.1165400000000001e-01
3.7667667667667670e+00	2.3872900000000000e-01
3.7687687687687688e+00	2.5680799999999998e-01
3.7707707707707705e+00	2.6449299999999998e-01
3.7727727727727727e+00	2.6176199999999999e-01
3.7747747747747749e+00	2.4980800000000000e-01
3.7767767767767770e+00	2.3069200000000001e-01
3.7787787787787788e+00	2.0690200000000000e-01
3.7807807807807805e+00	1.8090899999999999e-01
3.7827827827827827e+00	1.5482000000000001e-01
3.7847847847847849e+00	1.3018199999999999e-01
3.7867867867867870e+00	1.0794600000000000e-01
3.7887887887887888e+00	8.8551900000000003e-02
3.7907907907907905e+00	7.2062699999999993e-02
3.7927927927927927e+00	5.8303899999999999e-02
3.7947947947947949e+00	4.6977900000000003e-02
3.7967967967967970e+00	3.7748700000000003e-02
3.7987987987987988e+00	3.0248799999999999e-02
3.8008008008008005e+00	2.4210900000000000e-02
3.8028028028028027e+00	1.9348600000000001e-02
3.8048048048048049e+00	1.5439000000000000e-02
3.8068068068068071e+00	1.2297100000000000e-02
3.8088088088088088e+00	9.7720900000000006e-03
3.8108108108108110e+00	7.7507499999999998e-03
3.8128128128128127e+00	6.1143800000000000e-03
3.8148148148148149e+00	4.8038200000000003e-03
3.8168168168168171e+00	3.7514699999999998e-03
3.8188188188188188e+00	2.9073500000000000e-03
3.8208208208208210e+00	2.2315799999999999e-03
3.8228228228228227e+00	1.6922199999999999e-03
3.8248248248248249e+00	1.2636500000000001e-03
3.8268268268268271e+00	9.2522999999999998e-04
3.8288288288288288e+00	6.6034100000000005e-04
3.8308308308308310e+00	4.5553599999999998e-04
3.8328328328328327e+00	2.9991900000000000e-04
3.8348348348348349e+00	1.8463799999999999e-04
3.8368368368368371e+00	1.0248599999999999e-04
3.8388388388388388e+00	4.7582100000000000e-05
3.8408408408408410e+00	1.5116700000000000e-05
3.8428428428428427e+00	1.1508500000000000e-06
3.8448448448448449e+00	2.4534900000000000e-06
3.8468468468468471e+00	1.6370699999999999e-05
3.8488488488488488e+00	4.0720999999999999e-05
3.8508508508508510e+00	7.3710300000000005e-05
3.8528528528528527e+00	1.1386300000000000e-04
3.8548548548548549e+00	1.5996800000000000e-04
3.8568568568568571e+00	2.1102999999999999e-04
3.8588588588588588e+00	2.6623499999999997e-04
3.8608608608608610e+00	3.2492200000000000e-04
3.8628628628628627e+00	3.8655500000000001e-04
3.8648648648648649e+00	4.5071500000000002e-04
3.8668668668668671e+00	5.1709000000000000e-04
3.8688688688688688e+00	5.8553000000000001e-04
3.8708708708708710e+00	6.5657800000000000e-04
3.8728728728728727e+00	7.1476000000000005e-04
3.8748748748748749e+00	7.9615999999999997e-04
3.8768768768768771e+00	8.7073599999999999e-04
3.8788788788788788e+00	9.4605999999999998e-04
3.8808808808808810e+00	1.0224500000000001e-03
3.8828828828828827e+00	1.0999899999999999e-03
3.8848848848848849e+00	1.1787200000000001e-03
3.8868868868868871e+00	1.2586900000000000e-03
3.8888888888888888e+00	1.3399499999999999e-03
3.8908908908908910e+00	1.4225700000000000e-03
3.8928928928928928e+00	1.5065800000000000e-03
3.8948948948948949e+00	1.5920400000000001e-03
3.8968968968968971e+00	1.6789299999999999e-03
3.8988988988988988e+00	1.7670699999999999e-03
3.9009009009009010e+00	1.8557300000000001e-03
3.9029029029029028e+00	1.9409900000000001e-03
3.9049049049049049e+00	1.8606300000000001e-03
3.9069069069069071e+00	2.1762399999999999e-03
3.9089089089089089e+00	2.2658900000000000e-03
3.9109109109109110e+00	2.3665900000000000e-03
3.9129129129129128e+00	2.4852600000000000e-03
3.9149149149149149e+00	2.5811200000000001e-03
3.9169169169169171e+00	2.6946600000000002e-03
3.9189189189189189e+00	2.8120799999999998e-03
3.9209209209209210e+00	2.9336399999999999e-03
3.9229229229229228e+00	3.0595900000000001e-03
3.9249249249249250e+00	3.1902100000000002e-03
3.9269269269269271e+00	3.3257999999999999e-03
3.9289289289289289e+00	3.4666900000000001e-03
3.9309309309309310e+00	3.6132400000000002e-03
3.9329329329329328e+00	3.7658100000000001e-03
3.9349349349349350e+00	3.9248199999999999e-03
3.9369369369369371e+00	4.0907100000000000e-03
3.9389389389389389e+00	4.2639300000000000e-03
3.9409409409409411e+00	4.4449900000000002e-03
3.9429429429429428e+00	4.6344200000000002e-03
3.9449449449449450e+00	4.8328099999999999e-03
3.9469469469469471e+00	5.0407700000000000e-03
3.9489489489489489e+00	5.2589799999999999e-03
3.9509509509509511e+00	5.4881499999999998e-03
3.9529529529529528e+00	5.7290500000000003e-03
3.9549549549549550e+00	5.9825399999999997e-03
3.9569569569569571e+00	6.2495099999999998e-03
3.9589589589589589e+00	6.5309599999999997e-03
3.9609609609609611e+00	6.8279300000000003e-03
3.9629629629629628e+00	7.1415999999999997e-03
3.9649649649649650e+00	7.4732200000000000e-03
3.9669669669669672e+00	7.8241600000000001e-03
3.9689689689689689e+00	8.1959000000000008e-03
3.9709709709709711e+00	8.5900799999999999e-03
3.9729729729729728e+00	9.0084799999999993e-03
3.9749749749749750e+00	9.4530399999999994e-03
3.9769769769769772e+00	9.9258899999999997e-03
3.9789789789789789e+00	1.0429400000000000e-02
3.9809809809809811e+00	1.0966099999999999e-02
3.9829829829829828e+00	1.1538900000000000e-02
3.9849849849849850e+00	1.2150800000000000e-02
3.9869869869869872e+00	1.2805400000000000e-02
3.9889889889889889e+00	1.3506499999999999e-02
3.9909909909909911e+00	1.4258300000000000e-02
3.9929929929929928e+00	1.5065500000000001e-02
3.9949949949949950e+00	1.5933500000000000e-02
3.9969969969969972e+00	1.6868000000000001e-02
3.9989989989989989e+00	1.7875599999999998e-02
4.0010010010010006e+00	1.8963600000000001e-02
4.0030030030030028e+00	2.0140300000000000e-02
4.0050050050050050e+00	2.1414900000000001e-02
4.0070070070070072e+00	2.2797800000000000e-02
4.0090090090090094e+00	2.4300599999999999e-02
4.0110110110110107e+00	2.5936500000000001e-02
4.0130130130130128e+00	2.7719700000000000e-02
4.0150150150150150e+00	2.9665600000000000e-02
4.0170170170170172e+00	3.1785200000000000e-02
4.0190190190190194e+00	3.4008999999999998e-02
4.0210210210210207e+00	3.6905399999999998e-02
4.0230230230230228e+00	3.9675700000000001e-02
4.0250250250250250e+00	4.2809600000000003e-02
4.0270270270270272e+00	4.6294099999999998e-02
4.0290290290290294e+00	5.0168699999999997e-02
4.0310310310310307e+00	5.4485100000000002e-02
4.0330330330330328e+00	5.9304700000000002e-02
4.0350350350350350e+00	6.4699099999999996e-02
4.0370370370370372e+00	7.0751599999999998e-02
4.0390390390390394e+00	7.7558199999999994e-02
4.0410410410410407e+00	8.5229700000000005e-02
4.0430430430430429e+00	9.3892100000000006e-02
4.0450450450450450e+00	1.0368800000000000e-01
4.0470470470470472e+00	1.1477500000000000e-01
4.0490490490490494e+00	1.2732399999999999e-01
4.0510510510510507e+00	1.4151200000000000e-01
4.0530530530530529e+00	1.5750900000000001e-01
4.0550550550550550e+00	1.7546100000000001e-01
4.0570570570570572e+00	1.9545499999999999e-01
4.0590590590590594e+00	2.1747300000000000e-01
4.0610610610610607e+00	2.4133599999999999e-01
4.0630630630630629e+00	2.6662799999999998e-01
4.0650650650650650e+00	2.9262500000000002e-01
4.0670670670670672e+00	3.1824200000000002e-01
4.0690690690690694e+00	3.4204000000000001e-01
4.0710710710710707e+00	3.6230899999999999e-01
4.0730730730730729e+00	3.7726900000000002e-01
4.0750750750750750e+00	3.8536300000000001e-01
4.0770770770770772e+00	3.8559800000000000e-01
4.0790790790790794e+00	3.7785299999999999e-01
4.0810810810810807e+00	3.6303299999999999e-01
4.0830830830830829e+00	3.4297899999999998e-01
4.0850850850850851e+00	3.2011000000000001e-01
4.0870870870870872e+00	2.9691299999999998e-01
4.0890890890890894e+00	2.7548499999999998e-01
4.0910910910910907e+00	2.5728099999999998e-01
4.0930930930930929e+00	2.4310799999999999e-01
4.0950950950950951e+00	2.3327200000000001e-01
4.0970970970970972e+00	2.2776900000000000e-01
4.0990990990990994e+00	2.2645100000000001e-01
4.1011011011011007e+00	2.2914000000000001e-01
4.1031031031031029e+00	2.3569200000000001e-01
4.1051051051051051e+00	2.4602299999999999e-01
4.1071071071071072e+00	2.6012000000000002e-01
4.1091091091091094e+00	2.7803400000000000e-01
4.1111111111111107e+00	2.9986299999999999e-01
4.1131131131131129e+00	3.2573800000000003e-01
4.1151151151151151e+00	3.5578900000000002e-01
4.1171171171171173e+00	3.9012100000000000e-01
4.1191191191191194e+00	4.2876399999999998e-01
4.1211211211211207e+00	4.7163300000000002e-01
4.1231231231231229e+00	5.1846700000000001e-01
4.1251251251251251e+00	5.6877699999999998e-01
4.1271271271271273e+00	6.2180000000000002e-01
4.1291291291291294e+00	6.7646899999999999e-01
4.1311311311311307e+00	7.3141999999999996e-01
4.1331331331331329e+00	7.8504900000000000e-01
4.1351351351351351e+00	8.3561700000000005e-01
4.1371371371371373e+00	8.8139900000000004e-01
4.1391391391391394e+00	9.2086400000000002e-01
4.1411411411411407e+00	9.5282999999999995e-01
4.1431431431431429e+00	9.7658699999999998e-01
4.1451451451451451e+00	9.9194499999999997e-01
4.1471471471471473e+00	9.9920100000000001e-01
4.1491491491491495e+00	9.9905600000000006e-01
4.1511511511511507e+00	9.9248800000000004e-01
4.1531531531531529e+00	9.8062099999999996e-01
4.1551551551551551e+00	9.6460999999999997e-01
4.1571571571571573e+00	9.4555000000000000e-01
4.1591591591591595e+00	9.2442100000000005e-01
4.1611611611611607e+00	9.0205999999999997e-01
4.1631631631631629e+00	8.7915399999999999e-01
4.1651651651651651e+00	8.5624299999999998e-01
4.1671671671671673e+00	8.3374000000000004e-01
4.1691691691691695e+00	8.1194999999999995e-01
4.1711711711711708e+00	7.9108500000000004e-01
4.1731731731731729e+00	7.7128799999999997e-01
4.1751751751751751e+00	7.5264600000000004e-01
4.1771771771771773e+00	7.3520399999999997e-01
4.1791791791791795e+00	7.1897299999999997e-01
4.1811811811811808e+00	7.0394500000000004e-01
4.1831831831831829e+00	6.9009399999999999e-01
4.1851851851851851e+00	6.7738399999999999e-01
4.1871871871871873e+00	6.6577100000000000e-01
4.1891891891891895e+00	6.5520699999999998e-01
4.1911911911911908e+00	6.4563999999999999e-01
4.1931931931931929e+00	6.3701600000000003e-01
4.1951951951951951e+00	6.2926800000000005e-01
4.1971971971971973e+00	6.2225600000000003e-01
4.1991991991991995e+00	5.9588500000000000e-01
4.2012012012012008e+00	6.1177000000000004e-01
4.2032032032032030e+00	6.0706800000000005e-01
4.2052052052052051e+00	6.0319100000000003e-01
4.2072072072072073e+00	6.0000600000000004e-01
4.2092092092092095e+00	5.9746100000000002e-01
4.2112112112112108e+00	5.9552300000000002e-01
4.2132132132132130e+00	5.9420099999999998e-01
4.2152152152152151e+00	5.9251799999999999e-01
4.2172172172172173e+00	5.9275100000000003e-01
4.2192192192192195e+00	5.9291600000000000e-01
4.2212212212212208e+00	5.9350599999999998e-01
4.2232232232232230e+00	5.9451699999999996e-01
4.2252252252252251e+00	5.9592900000000004e-01
4.2272272272272273e+00	5.9772000000000003e-01
4.2292292292292295e+00	5.9986799999999996e-01
4.2312312312312308e+00	6.0235000000000005e-01
4.2332332332332330e+00	6.0514199999999996e-01
4.2352352352352352e+00	6.0821899999999995e-01
4.2372372372372373e+00	6.1155000000000004e-01
4.2392392392392395e+00	6.1508200000000002e-01
4.2412412412412408e+00	6.1862499999999998e-01
4.2432432432432430e+00	6.2628399999999995e-01
4.2452452452452452e+00	6.2790500000000005e-01
4.2472472472472473e+00	6.3212900000000005e-01
4.2492492492492495e+00	6.3666999999999996e-01
4.2512512512512508e+00	6.4286200000000004e-01
4.2532532532532530e+00	6.4538300000000004e-01
4.2552552552552552e+00	6.5026499999999998e-01
4.2572572572572573e+00	6.5506200000000003e-01
4.2592592592592595e+00	6.5983099999999995e-01
4.2612612612612608e+00	6.6455699999999995e-01
4.2632632632632630e+00	6.6921699999999995e-01
4.2652652652652652e+00	6.7378000000000005e-01
4.2672672672672673e+00	6.7821900000000002e-01
4.2692692692692695e+00	6.8250100000000002e-01
4.2712712712712708e+00	6.8659499999999996e-01
4.2732732732732730e+00	6.9047099999999995e-01
4.2752752752752752e+00	6.9409699999999996e-01
4.2772772772772774e+00	6.9743999999999995e-01
4.2792792792792795e+00	7.0046799999999998e-01
4.2812812812812808e+00	7.0315000000000005e-01
4.2832832832832830e+00	7.0545400000000003e-01
4.2852852852852852e+00	7.0735000000000003e-01
4.2872872872872874e+00	7.0880600000000005e-01
4.2892892892892895e+00	7.0979300000000001e-01
4.2912912912912908e+00	7.1028300000000000e-01
4.2932932932932930e+00	7.1025000000000005e-01
4.2952952952952952e+00	7.0967000000000002e-01
4.2972972972972974e+00	7.0852199999999999e-01
4.2992992992992995e+00	7.0678900000000000e-01
4.3013013013013008e+00	7.0446100000000000e-01
4.3033033033033030e+00	7.0153299999999996e-01
4.3053053053053052e+00	6.9801000000000002e-01
4.3073073073073074e+00	6.9391099999999994e-01
4.3093093093093096e+00	6.8926699999999996e-01
4.3113113113113108e+00	6.8413199999999996e-01
4.3133133133133130e+00	6.7858300000000005e-01
4.3153153153153152e+00	6.7273200000000000e-01
4.3173173173173174e+00	6.6673300000000002e-01
4.3193193193193196e+00	6.6079699999999997e-01
4.3213213213213209e+00	6.5520599999999996e-01
4.3233233233233230e+00	6.5034300000000000e-01
4.3253253253253252e+00	6.4672499999999999e-01
4.3273273273273274e+00	6.4506100000000000e-01
4.3293293293293296e+00	6.4632999999999996e-01
4.3313313313313309e+00	6.5191600000000005e-01
4.3333333333333330e+00	6.6381699999999999e-01
4.3353353353353352e+00	6.8496699999999999e-01
4.3373373373373374e+00	7.1968299999999996e-01
4.3393393393393396e+00	7.7395099999999994e-01
4.3413413413413409e+00	8.5342399999999996e-01
4.3433433433433430e+00	9.5295200000000002e-01
4.3453453453453452e+00	9.9658500000000005e-01
4.3473473473473474e+00	8.0990700000000004e-01
4.3493493493493496e+00	4.3779000000000001e-01
4.3513513513513509e+00	1.7899100000000001e-01
4.3533533533533531e+00	6.6274399999999997e-02
4.3553553553553552e+00	2.3657600000000001e-02
4.3573573573573574e+00	8.1250699999999999e-03
4.3593593593593596e+00	2.6367399999999998e-03
4.3613613613613609e+00	8.0717500000000004e-04
4.3633633633633631e+00	2.5315599999999999e-04
4.3653653653653652e+00	1.1020500000000001e-04
4.3673673673673674e+00	1.0033900000000000e-04
4.3693693693693696e+00	1.6987000000000000e-04
4.3713713713713709e+00	3.4456800000000001e-04
4.3733733733733731e+00	6.7141399999999995e-04
4.3753753753753752e+00	1.1960600000000001e-03
4.3773773773773774e+00	1.9553100000000000e-03
4.3793793793793796e+00	2.9758499999999999e-03
4.3813813813813809e+00	4.2755099999999997e-03
4.3833833833833831e+00	5.8653100000000003e-03
4.3853853853853852e+00	7.7516199999999999e-03
4.3873873873873874e+00	9.9382199999999993e-03
4.3893893893893896e+00	1.2428099999999999e-02
4.3913913913913909e+00	1.5224800000000000e-02
4.3933933933933931e+00	1.8334199999999998e-02
4.3953953953953953e+00	2.1765500000000000e-02
4.3973973973973974e+00	2.5532200000000001e-02
4.3993993993993996e+00	2.9654000000000000e-02
4.4014014014014009e+00	3.4157399999999997e-02
4.4034034034034031e+00	3.9077899999999999e-02
4.4054054054054053e+00	4.4461700000000000e-02
4.4074074074074074e+00	5.0367799999999997e-02
4.4094094094094096e+00	5.6871800000000000e-02
4.4114114114114109e+00	6.4069399999999999e-02
4.4134134134134131e+00	7.2082300000000002e-02
4.4154154154154153e+00	8.1065100000000001e-02
4.4174174174174174e+00	9.1215500000000005e-02
4.4194194194194196e+00	1.0278800000000000e-01
4.4214214214214209e+00	1.1611200000000001e-01
4.4234234234234231e+00	1.3161900000000001e-01
4.4254254254254253e+00	1.4988099999999999e-01
4.4274274274274275e+00	1.7165700000000000e-01
4.4294294294294296e+00	1.9797500000000001e-01
4.4314314314314309e+00	2.3022500000000001e-01
4.4334334334334331e+00	2.7029799999999998e-01
4.4354354354354353e+00	3.2073499999999999e-01
4.4374374374374375e+00	3.8485399999999997e-01
4.4394394394394396e+00	4.6662300000000001e-01
4.4414414414414409e+00	5.6981599999999999e-01
4.4434434434434431e+00	6.9674899999999995e-01
4.4454454454454453e+00	8.2766399999999996e-01
4.4474474474474475e+00	9.4654799999999994e-01
4.4494494494494496e+00	9.9980599999999997e-01
4.4514514514514509e+00	9.5574599999999998e-01
4.4534534534534531e+00	8.3244300000000004e-01
4.4554554554554553e+00	6.8095200000000000e-01
4.4574574574574575e+00	5.4329200000000000e-01
4.4594594594594597e+00	4.2974200000000001e-01
4.4614614614614609e+00	3.4682700000000000e-01
4.4634634634634631e+00	2.8716900000000001e-01
4.4654654654654653e+00	2.4551999999999999e-01
4.4674674674674675e+00	2.1780099999999999e-01
4.4694694694694697e+00	2.0331399999999999e-01
4.4714714714714709e+00	1.8958800000000001e-01
4.4734734734734740e+00	1.8971700000000000e-01
4.4754754754754753e+00	1.9633100000000001e-01
4.4774774774774775e+00	2.0958199999999999e-01
4.4794794794794797e+00	2.2896800000000000e-01
4.4814814814814810e+00	2.5321700000000003e-01
4.4834834834834840e+00	2.7985300000000002e-01
4.4854854854854853e+00	3.0505300000000002e-01
4.4874874874874875e+00	3.2411499999999999e-01
4.4894894894894897e+00	3.3229199999999998e-01
4.4914914914914910e+00	3.3862199999999998e-01
4.4934934934934940e+00	3.1367600000000001e-01
4.4954954954954953e+00	2.8487699999999999e-01
4.4974974974974975e+00	2.4926699999999999e-01
4.4994994994994997e+00	2.1097399999999999e-01
4.5015015015015010e+00	1.7369599999999999e-01
4.5035035035035040e+00	1.3993600000000000e-01
4.5055055055055053e+00	1.1091400000000000e-01
4.5075075075075075e+00	8.6868600000000004e-02
4.5095095095095097e+00	6.7443699999999995e-02
4.5115115115115110e+00	5.2010099999999997e-02
4.5135135135135140e+00	3.9876500000000002e-02
4.5155155155155153e+00	3.0398900000000000e-02
4.5175175175175175e+00	2.3025199999999999e-02
4.5195195195195197e+00	1.7303499999999999e-02
4.5215215215215210e+00	1.2874000000000000e-02
4.5235235235235240e+00	9.4546100000000004e-03
4.5255255255255253e+00	6.8258399999999997e-03
4.5275275275275275e+00	4.8175900000000001e-03
4.5295295295295297e+00	3.2978500000000002e-03
4.5315315315315310e+00	2.1641500000000001e-03
4.5335335335335341e+00	1.3365800000000000e-03
4.5355355355355353e+00	7.5251900000000000e-04
4.5375375375375375e+00	3.6268800000000001e-04
4.5395395395395397e+00	1.2803599999999999e-04
4.5415415415415410e+00	1.7438900000000000e-05
4.5435435435435441e+00	5.9162999999999996e-06
4.5455455455455454e+00	7.3271399999999998e-05
4.5475475475475475e+00	2.0304500000000000e-04
4.5495495495495497e+00	3.8170499999999998e-04
4.5515515515515510e+00	5.9801899999999998e-04
4.5535535535535541e+00	8.4256499999999998e-04
4.5555555555555554e+00	1.1073400000000001e-03
4.5575575575575575e+00	1.3854600000000000e-03
4.5595595595595597e+00	1.6709200000000000e-03
4.5615615615615610e+00	1.9583800000000000e-03
4.5635635635635641e+00	2.2430400000000000e-03
4.5655655655655654e+00	2.5204899999999998e-03
4.5675675675675675e+00	2.7866100000000001e-03
4.5695695695695697e+00	3.0375200000000002e-03
4.5715715715715710e+00	3.2694500000000001e-03
4.5735735735735741e+00	3.4787500000000001e-03
4.5755755755755754e+00	3.6618300000000000e-03
4.5775775775775776e+00	3.8151100000000000e-03
4.5795795795795797e+00	3.9350200000000000e-03
4.5815815815815810e+00	4.0180199999999998e-03
4.5835835835835841e+00	4.0605499999999996e-03
4.5855855855855854e+00	4.0590699999999997e-03
4.5875875875875876e+00	4.0101299999999998e-03
4.5895895895895897e+00	3.9103999999999996e-03
4.5915915915915910e+00	3.7567899999999999e-03
4.5935935935935941e+00	3.5466000000000000e-03
4.5955955955955954e+00	3.2778199999999999e-03
4.5975975975975976e+00	2.9495400000000001e-03
4.5995995995995997e+00	2.5626999999999998e-03
4.6016016016016010e+00	2.1214400000000000e-03
4.6036036036036041e+00	1.6350700000000000e-03
4.6056056056056054e+00	1.1228500000000001e-03
4.6076076076076076e+00	6.2147000000000005e-04
4.6096096096096097e+00	2.0133600000000001e-04
4.6116116116116119e+00	2.7039399999999998e-07
4.6136136136136141e+00	2.9922299999999999e-04
4.6156156156156154e+00	1.7066600000000000e-03
4.6176176176176176e+00	5.6571599999999996e-03
4.6196196196196198e+00	1.5958500000000000e-02
4.6216216216216219e+00	4.4561700000000003e-02
4.6236236236236241e+00	1.3873099999999999e-01
4.6256256256256254e+00	5.1584200000000002e-01
4.6276276276276276e+00	9.7194899999999995e-01
4.6296296296296298e+00	4.7465700000000000e-01
4.6316316316316319e+00	2.4544800000000000e-01
4.6336336336336341e+00	1.5654199999999999e-01
4.6356356356356354e+00	1.1407800000000000e-01
4.6376376376376376e+00	9.0477900000000000e-02
4.6396396396396398e+00	7.5910199999999997e-02
4.6416416416416419e+00	6.6357700000000006e-02
4.6436436436436441e+00	5.9801300000000002e-02
4.6456456456456454e+00	5.5190000000000003e-02
4.6476476476476476e+00	5.1920000000000001e-02
4.6496496496496498e+00	4.9623599999999997e-02
4.6516516516516520e+00	4.8066299999999999e-02
4.6536536536536541e+00	4.7092700000000001e-02
4.6556556556556554e+00	4.6597000000000000e-02
4.6576576576576576e+00	4.6505299999999999e-02
4.6596596596596598e+00	4.6765599999999997e-02
4.6616616616616620e+00	4.7340599999999997e-02
4.6636636636636641e+00	4.8203500000000003e-02
4.6656656656656654e+00	4.9335100000000000e-02
4.6676676676676676e+00	5.0721200000000001e-02
4.6696696696696698e+00	5.2349500000000000e-02
4.6716716716716720e+00	5.4200100000000001e-02
4.6736736736736741e+00	5.6170900000000003e-02
4.6756756756756754e+00	5.9807899999999997e-02
4.6776776776776776e+00	6.1708199999999998e-02
4.6796796796796798e+00	6.4536800000000005e-02
4.6816816816816820e+00	6.7686399999999994e-02
4.6836836836836842e+00	7.1132299999999996e-02
4.6856856856856854e+00	7.4878899999999998e-02
4.6876876876876876e+00	7.8938400000000006e-02
4.6896896896896898e+00	8.3326499999999998e-02
4.6916916916916920e+00	8.8061700000000007e-02
4.6936936936936942e+00	9.3165100000000001e-02
4.6956956956956954e+00	9.8660100000000001e-02
4.6976976976976976e+00	1.0457300000000000e-01
4.6996996996996998e+00	1.1093100000000000e-01
4.7017017017017020e+00	1.1776600000000000e-01
4.7037037037037042e+00	1.2511100000000000e-01
4.7057057057057055e+00	1.3300300000000001e-01
4.7077077077077076e+00	1.4147799999999999e-01
4.7097097097097098e+00	1.5057899999999999e-01
4.7117117117117120e+00	1.6034799999999999e-01
4.7137137137137142e+00	1.7082900000000001e-01
4.7157157157157155e+00	1.8206900000000001e-01
4.7177177177177176e+00	1.9411300000000001e-01
4.7197197197197198e+00	2.0700800000000000e-01
4.7217217217217220e+00	2.2079699999999999e-01
4.7237237237237242e+00	2.3552100000000001e-01
4.7257257257257255e+00	2.5121300000000002e-01
4.7277277277277276e+00	2.6789900000000000e-01
4.7297297297297298e+00	2.8559099999999998e-01
4.7317317317317320e+00	3.0428500000000003e-01
4.7337337337337342e+00	3.2395600000000002e-01
4.7357357357357355e+00	3.4455100000000000e-01
4.7377377377377377e+00	3.6598100000000000e-01
4.7397397397397398e+00	3.8812000000000002e-01
4.7417417417417420e+00	4.1079100000000002e-01
4.7437437437437442e+00	4.3376300000000001e-01
4.7457457457457455e+00	4.5674300000000001e-01
4.7477477477477477e+00	4.7937099999999999e-01
4.7497497497497498e+00	5.0121400000000005e-01
4.7517517517517520e+00	5.2176500000000003e-01
4.7537537537537542e+00	5.4043699999999995e-01
4.7557557557557555e+00	5.5656399999999995e-01
4.7577577577577577e+00	5.6940100000000005e-01
4.7597597597597598e+00	5.7814399999999999e-01
4.7617617617617620e+00	5.8212200000000003e-01
4.7637637637637642e+00	6.7181299999999999e-01
4.7657657657657655e+00	5.6616999999999995e-01
4.7677677677677677e+00	5.4747199999999996e-01
4.7697697697697699e+00	5.1782499999999998e-01
4.7717717717717720e+00	4.7925200000000001e-01
4.7737737737737742e+00	4.2729899999999998e-01
4.7757757757757755e+00	3.6591600000000002e-01
4.7777777777777777e+00	2.9791400000000001e-01
4.7797797797797799e+00	2.2828599999999999e-01
4.7817817817817820e+00	1.6294400000000001e-01
4.7837837837837842e+00	1.0709600000000000e-01
4.7857857857857855e+00	6.3835299999999998e-02
4.7877877877877877e+00	3.8074200000000002e-02
4.7897897897897899e+00	1.4218200000000000e-02
4.7917917917917920e+00	4.2270199999999997e-03
4.7937937937937942e+00	3.5638999999999999e-04
4.7957957957957955e+00	3.8287599999999998e-04
4.7977977977977977e+00	2.6131000000000001e-03
4.7997997997997999e+00	5.8807599999999996e-03
4.8018018018018020e+00	9.4404399999999996e-03
4.8038038038038042e+00	1.2849800000000000e-02
4.8058058058058055e+00	1.5870499999999999e-02
4.8078078078078077e+00	1.8394799999999999e-02
4.8098098098098099e+00	2.0394200000000001e-02
4.8118118118118121e+00	2.1886099999999999e-02
4.8138138138138142e+00	2.2912100000000001e-02
4.8158158158158155e+00	2.3524699999999999e-02
4.8178178178178177e+00	2.3779300000000000e-02
4.8198198198198199e+00	2.3729900000000002e-02
4.8218218218218221e+00	2.3426599999999999e-02
4.8238238238238242e+00	2.2914400000000001e-02
4.8258258258258255e+00	2.2233200000000002e-02
4.8278278278278277e+00	2.1417599999999998e-02
4.8298298298298299e+00	2.0497399999999999e-02
4.8318318318318321e+00	1.9498300000000000e-02
4.8338338338338342e+00	1.8442099999999999e-02
4.8358358358358355e+00	1.7347100000000001e-02
4.8378378378378377e+00	1.6229100000000000e-02
4.8398398398398399e+00	1.5101200000000000e-02
4.8418418418418421e+00	1.3974700000000000e-02
4.8438438438438443e+00	1.2858800000000000e-02
4.8458458458458455e+00	1.1761600000000001e-02
4.8478478478478477e+00	1.0690000000000000e-02
4.8498498498498499e+00	9.6497000000000006e-03
4.8518518518518521e+00	8.6458999999999998e-03
4.8538538538538543e+00	7.6833300000000004e-03
4.8558558558558556e+00	6.7669799999999997e-03
4.8578578578578577e+00	5.9051599999999996e-03
4.8598598598598599e+00	5.1595699999999996e-03
4.8618618618618621e+00	4.2160799999999997e-03
4.8638638638638643e+00	3.5400700000000002e-03
4.8658658658658656e+00	2.8915999999999998e-03
4.8678678678678677e+00	2.2979599999999999e-03
4.8698698698698699e+00	1.7643699999999999e-03
4.8718718718718721e+00	1.2892200000000000e-03
4.8738738738738743e+00	9.0798500000000004e-04
4.8758758758758756e+00	5.7100300000000005e-04
4.8778778778778777e+00	3.1145400000000002e-04
4.8798798798798799e+00	1.2829399999999999e-04
4.8818818818818821e+00	2.4203700000000000e-05
4.8838838838838843e+00	2.5104100000000000e-06
4.8858858858858856e+00	6.7894700000000006e-05
4.8878878878878878e+00	2.1311700000000000e-04
4.8898898898898899e+00	4.6200400000000002e-04
4.8918918918918921e+00	8.0323000000000005e-04
4.8938938938938943e+00	1.2517299999999999e-03
4.8958958958958956e+00	1.7381199999999999e-03
4.8978978978978978e+00	2.5153799999999998e-03
4.8998998998998999e+00	3.2921100000000000e-03
4.9019019019019021e+00	4.2043899999999997e-03
4.9039039039039043e+00	5.2515299999999999e-03
4.9059059059059056e+00	6.4396300000000000e-03
4.9079079079079078e+00	7.7761699999999998e-03
4.9099099099099099e+00	9.2694000000000006e-03
4.9119119119119121e+00	1.0928200000000001e-02
4.9139139139139143e+00	1.2762200000000000e-02
4.9159159159159156e+00	1.4781400000000000e-02
4.9179179179179178e+00	1.6996799999999999e-02
4.9199199199199199e+00	1.9419700000000002e-02
4.9219219219219221e+00	2.2062499999999999e-02
4.9239239239239243e+00	2.4937899999999999e-02
4.9259259259259256e+00	2.8059700000000000e-02
4.9279279279279278e+00	3.1442199999999997e-02
4.9299299299299300e+00	3.5100399999999997e-02
4.9319319319319321e+00	3.9050300000000003e-02
4.9339339339339343e+00	4.3308399999999997e-02
4.9359359359359356e+00	4.7892100000000000e-02
4.9379379379379378e+00	5.2819400000000002e-02
4.9399399399399400e+00	5.8109000000000001e-02
4.9419419419419421e+00	6.3780199999999995e-02
4.9439439439439443e+00	6.9852899999999996e-02
4.9459459459459456e+00	7.6347300000000007e-02
4.9479479479479478e+00	8.3284200000000003e-02
4.9499499499499500e+00	9.0684600000000004e-02
4.9519519519519521e+00	9.8569500000000004e-02
4.9539539539539543e+00	1.0696000000000000e-01
4.9559559559559556e+00	1.1587600000000001e-01
4.9579579579579578e+00	1.2533900000000001e-01
4.9599599599599600e+00	1.3536699999999999e-01
4.9619619619619622e+00	1.4597900000000000e-01
4.9639639639639643e+00	1.5719200000000000e-01
4.9659659659659656e+00	1.6902100000000000e-01
4.9679679679679678e+00	1.8147800000000000e-01
4.9699699699699700e+00	1.9457500000000000e-01
4.9719719719719722e+00	2.0831800000000000e-01
4.9739739739739743e+00	2.2271199999999999e-01
4.9759759759759756e+00	2.3775499999999999e-01
4.9779779779779778e+00	2.5344499999999998e-01
4.9799799799799800e+00	2.6977099999999998e-01
4.9819819819819822e+00	2.8671900000000000e-01
4.9839839839839843e+00	3.0426799999999998e-01
4.9859859859859856e+00	3.2239400000000001e-01
4.9879879879879878e+00	3.4106300000000001e-01
4.9899899899899900e+00	3.6023699999999997e-01
4.9919919919919922e+00	3.7987199999999999e-01
4.9939939939939944e+00	3.9991700000000002e-01
4.9959959959959956e+00	4.2031400000000002e-01
4.9979979979979978e+00	4.4100200000000001e-01
5.0000000000000000e+00	4.6191300000000002e-01
