3.7300000000000000e+00	1.2963899999999999e-03
3.7300100100100102e+00	1.2988500000000000e-03
3.7300200200200200e+00	1.3013100000000000e-03
3.7300300300300302e+00	1.3037800000000000e-03
3.7300400400400400e+00	1.3062499999999999e-03
3.7300500500500502e+00	1.3087200000000000e-03
3.7300600600600600e+00	1.3112000000000000e-03
3.7300700700700702e+00	1.3136900000000000e-03
3.7300800800800800e+00	1.3161700000000000e-03
3.7300900900900902e+00	1.3186700000000001e-03
3.7301001001001000e+00	1.3211600000000000e-03
3.7301101101101102e+00	1.3236599999999999e-03
3.7301201201201200e+00	1.3261700000000000e-03
3.7301301301301302e+00	1.3286699999999999e-03
3.7301401401401399e+00	1.3311900000000001e-03
3.7301501501501502e+00	1.3336999999999999e-03
3.7301601601601599e+00	1.3362300000000001e-03
3.7301701701701702e+00	1.3387500000000001e-03
3.7301801801801804e+00	1.3412800000000000e-03
3.7301901901901902e+00	1.3438199999999999e-03
3.7302002002002004e+00	1.3463500000000001e-03
3.7302102102102102e+00	1.3489000000000001e-03
3.7302202202202204e+00	1.3514499999999999e-03
3.7302302302302301e+00	1.3540000000000000e-03
3.7302402402402404e+00	1.3565500000000000e-03
3.7302502502502501e+00	1.3591100000000000e-03
3.7302602602602604e+00	1.3616800000000001e-03
3.7302702702702701e+00	1.3642500000000000e-03
3.7302802802802804e+00	1.3668199999999999e-03
3.7302902902902901e+00	1.3694000000000000e-03
3.7303003003003004e+00	1.3719900000000000e-03
3.7303103103103101e+00	1.3745800000000000e-03
3.7303203203203203e+00	1.3771700000000000e-03
3.7303303303303301e+00	1.3797700000000000e-03
3.7303403403403403e+00	1.3823700000000000e-03
3.7303503503503501e+00	1.3849800000000001e-03
3.7303603603603603e+00	1.3875900000000000e-03
3.7303703703703706e+00	1.3902000000000001e-03
3.7303803803803803e+00	1.3928300000000001e-03
3.7303903903903906e+00	1.3954499999999999e-03
3.7304004004004003e+00	1.3980799999999999e-03
3.7304104104104105e+00	1.4007200000000000e-03
3.7304204204204203e+00	1.4033600000000000e-03
3.7304304304304305e+00	1.4059999999999999e-03
3.7304404404404403e+00	1.4086599999999999e-03
3.7304504504504505e+00	1.4113100000000000e-03
3.7304604604604603e+00	1.4139700000000001e-03
3.7304704704704705e+00	1.4166400000000000e-03
3.7304804804804803e+00	1.4193100000000000e-03
3.7304904904904905e+00	1.4219800000000000e-03
3.7305005005005003e+00	1.4246700000000001e-03
3.7305105105105105e+00	1.4273500000000000e-03
3.7305205205205203e+00	1.4300400000000000e-03
3.7305305305305305e+00	1.4327400000000001e-03
3.7305405405405407e+00	1.4354400000000001e-03
3.7305505505505505e+00	1.4381500000000000e-03
3.7305605605605607e+00	1.4408600000000000e-03
3.7305705705705705e+00	1.4435800000000001e-03
3.7305805805805807e+00	1.4463000000000000e-03
3.7305905905905905e+00	1.4490300000000000e-03
3.7306006006006007e+00	1.4517700000000000e-03
3.7306106106106105e+00	1.4545000000000001e-03
3.7306206206206207e+00	1.4572500000000000e-03
3.7306306306306305e+00	1.4599999999999999e-03
3.7306406406406407e+00	1.4627600000000000e-03
3.7306506506506505e+00	1.4655200000000001e-03
3.7306606606606607e+00	1.4682899999999999e-03
3.7306706706706705e+00	1.4710599999999999e-03
3.7306806806806807e+00	1.4738399999999999e-03
3.7306906906906905e+00	1.4766200000000001e-03
3.7307007007007007e+00	1.4794100000000000e-03
3.7307107107107109e+00	1.4822100000000001e-03
3.7307207207207207e+00	1.4850099999999999e-03
3.7307307307307309e+00	1.4878199999999999e-03
3.7307407407407407e+00	1.4906299999999999e-03
3.7307507507507509e+00	1.4934499999999999e-03
3.7307607607607607e+00	1.4962800000000000e-03
3.7307707707707709e+00	1.4991099999999999e-03
3.7307807807807807e+00	1.5019499999999999e-03
3.7307907907907909e+00	1.5047900000000000e-03
3.7308008008008007e+00	1.5076400000000000e-03
3.7308108108108109e+00	1.5104900000000000e-03
3.7308208208208207e+00	1.5133600000000001e-03
3.7308308308308309e+00	1.5162299999999999e-03
3.7308408408408407e+00	1.5191000000000000e-03
3.7308508508508509e+00	1.5219800000000000e-03
3.7308608608608607e+00	1.5248700000000000e-03
3.7308708708708709e+00	1.5277600000000000e-03
3.7308808808808811e+00	1.5306600000000001e-03
3.7308908908908909e+00	1.5335699999999999e-03
3.7309009009009011e+00	1.5364800000000000e-03
3.7309109109109109e+00	1.5394000000000000e-03
3.7309209209209211e+00	1.5423300000000000e-03
3.7309309309309309e+00	1.5452599999999999e-03
3.7309409409409411e+00	1.5482000000000000e-03
3.7309509509509509e+00	1.5511500000000001e-03
3.7309609609609611e+00	1.5541000000000001e-03
3.7309709709709709e+00	1.5570600000000001e-03
3.7309809809809811e+00	1.5600300000000000e-03
3.7309909909909909e+00	1.5629999999999999e-03
3.7310010010010011e+00	1.5659800000000000e-03
3.7310110110110108e+00	1.5689700000000000e-03
3.7310210210210211e+00	1.5719700000000000e-03
3.7310310310310308e+00	1.5749700000000000e-03
3.7310410410410411e+00	1.5779800000000001e-03
3.7310510510510508e+00	1.5809900000000000e-03
3.7310610610610611e+00	1.5840200000000000e-03
3.7310710710710713e+00	1.5870500000000000e-03
3.7310810810810811e+00	1.5900899999999999e-03
3.7310910910910913e+00	1.5931299999999999e-03
3.7311011011011010e+00	1.5961800000000000e-03
3.7311111111111113e+00	1.5992400000000000e-03
3.7311211211211210e+00	1.6023100000000000e-03
3.7311311311311313e+00	1.6053899999999999e-03
3.7311411411411410e+00	1.6084700000000001e-03
3.7311511511511513e+00	1.6115599999999999e-03
3.7311611611611610e+00	1.6146600000000000e-03
3.7311711711711713e+00	1.6177699999999999e-03
3.7311811811811810e+00	1.6208800000000001e-03
3.7311911911911912e+00	1.6240000000000000e-03
3.7312012012012010e+00	1.6271400000000000e-03
3.7312112112112112e+00	1.6302700000000001e-03
3.7312212212212210e+00	1.6334200000000000e-03
3.7312312312312312e+00	1.6365700000000000e-03
3.7312412412412415e+00	1.6397400000000000e-03
3.7312512512512512e+00	1.6429100000000000e-03
3.7312612612612615e+00	1.6460900000000000e-03
3.7312712712712712e+00	1.6492799999999999e-03
3.7312812812812814e+00	1.6524700000000001e-03
3.7312912912912912e+00	1.6556800000000001e-03
3.7313013013013014e+00	1.6588900000000001e-03
3.7313113113113112e+00	1.6621100000000001e-03
3.7313213213213214e+00	1.6653400000000000e-03
3.7313313313313312e+00	1.6685800000000000e-03
3.7313413413413414e+00	1.6718300000000000e-03
3.7313513513513512e+00	1.6750900000000000e-03
3.7313613613613614e+00	1.6783499999999999e-03
3.7313713713713712e+00	1.6816299999999999e-03
3.7313813813813814e+00	1.6849100000000000e-03
3.7313913913913912e+00	1.6881999999999999e-03
3.7314014014014014e+00	1.6915100000000000e-03
3.7314114114114116e+00	1.6948200000000001e-03
3.7314214214214214e+00	1.6981399999999999e-03
3.7314314314314316e+00	1.7014700000000001e-03
3.7314414414414414e+00	1.7048100000000000e-03
3.7314514514514516e+00	1.7081600000000000e-03
3.7314614614614614e+00	1.7115200000000000e-03
3.7314714714714716e+00	1.7148800000000000e-03
3.7314814814814814e+00	1.7182600000000001e-03
3.7314914914914916e+00	1.7216499999999999e-03
3.7315015015015014e+00	1.7250500000000001e-03
3.7315115115115116e+00	1.7284600000000000e-03
3.7315215215215214e+00	1.7318800000000001e-03
3.7315315315315316e+00	1.7353000000000000e-03
3.7315415415415414e+00	1.7387399999999999e-03
3.7315515515515516e+00	1.7421900000000000e-03
3.7315615615615614e+00	1.7456500000000001e-03
3.7315715715715716e+00	1.7491200000000001e-03
3.7315815815815818e+00	1.7526000000000000e-03
3.7315915915915916e+00	1.7560900000000001e-03
3.7316016016016018e+00	1.7595899999999999e-03
3.7316116116116116e+00	1.7631100000000000e-03
3.7316216216216218e+00	1.7666299999999999e-03
3.7316316316316316e+00	1.7701600000000000e-03
3.7316416416416418e+00	1.7737100000000000e-03
3.7316516516516516e+00	1.7772700000000001e-03
3.7316616616616618e+00	1.7808300000000000e-03
3.7316716716716716e+00	1.7844099999999999e-03
3.7316816816816818e+00	1.7880000000000001e-03
3.7316916916916916e+00	1.7916099999999999e-03
3.7317017017017018e+00	1.7952199999999999e-03
3.7317117117117116e+00	1.7988500000000001e-03
3.7317217217217218e+00	1.8024800000000000e-03
3.7317317317317316e+00	1.8061300000000000e-03
3.7317417417417418e+00	1.8097899999999999e-03
3.7317517517517516e+00	1.8134700000000000e-03
3.7317617617617618e+00	1.8171500000000000e-03
3.7317717717717720e+00	1.8208499999999999e-03
3.7317817817817818e+00	1.8245600000000000e-03
3.7317917917917920e+00	1.8282800000000001e-03
3.7318018018018018e+00	1.8320200000000000e-03
3.7318118118118120e+00	1.8357700000000000e-03
3.7318218218218218e+00	1.8395300000000000e-03
3.7318318318318320e+00	1.8433000000000000e-03
3.7318418418418418e+00	1.8470900000000000e-03
3.7318518518518520e+00	1.8508900000000000e-03
3.7318618618618618e+00	1.8546999999999999e-03
3.7318718718718720e+00	1.8585299999999999e-03
3.7318818818818817e+00	1.8623699999999999e-03
3.7318918918918920e+00	1.8662300000000000e-03
3.7319019019019017e+00	1.8700900000000000e-03
3.7319119119119120e+00	1.8739799999999999e-03
3.7319219219219217e+00	1.8778700000000000e-03
3.7319319319319320e+00	1.8817800000000000e-03
3.7319419419419422e+00	1.8856999999999999e-03
3.7319519519519520e+00	1.8896399999999999e-03
3.7319619619619622e+00	1.8936000000000001e-03
3.7319719719719719e+00	1.8975600000000000e-03
3.7319819819819822e+00	1.9015499999999999e-03
3.7319919919919919e+00	1.9055400000000001e-03
3.7320020020020022e+00	1.9095600000000000e-03
3.7320120120120119e+00	1.9135800000000000e-03
3.7320220220220222e+00	1.9176300000000000e-03
3.7320320320320319e+00	1.9216800000000000e-03
3.7320420420420422e+00	1.9257600000000001e-03
3.7320520520520519e+00	1.9298500000000001e-03
3.7320620620620621e+00	1.9339500000000000e-03
3.7320720720720719e+00	1.9380700000000001e-03
3.7320820820820821e+00	1.9422100000000000e-03
3.7320920920920919e+00	1.9463600000000001e-03
3.7321021021021021e+00	1.9505300000000000e-03
3.7321121121121124e+00	1.9547200000000001e-03
3.7321221221221221e+00	1.9589199999999998e-03
3.7321321321321324e+00	1.9631399999999999e-03
3.7321421421421421e+00	1.9673799999999999e-03
3.7321521521521523e+00	1.9716400000000002e-03
3.7321621621621621e+00	1.9759100000000000e-03
3.7321721721721723e+00	1.9802000000000001e-03
3.7321821821821821e+00	1.9845100000000001e-03
3.7321921921921923e+00	1.9888300000000000e-03
3.7322022022022021e+00	1.9931800000000002e-03
3.7322122122122123e+00	1.9975399999999999e-03
3.7322222222222221e+00	2.0019199999999999e-03
3.7322322322322323e+00	2.0063199999999998e-03
3.7322422422422421e+00	2.0107300000000001e-03
3.7322522522522523e+00	2.0151700000000002e-03
3.7322622622622621e+00	2.0196300000000001e-03
3.7322722722722723e+00	2.0241000000000000e-03
3.7322822822822825e+00	2.0286000000000002e-03
3.7322922922922923e+00	2.0331099999999999e-03
3.7323023023023025e+00	2.0376499999999998e-03
3.7323123123123123e+00	2.0422000000000001e-03
3.7323223223223225e+00	2.0467800000000002e-03
3.7323323323323323e+00	2.0513699999999998e-03
3.7323423423423425e+00	2.0559900000000002e-03
3.7323523523523523e+00	2.0606200000000000e-03
3.7323623623623625e+00	2.0652800000000001e-03
3.7323723723723723e+00	2.0699600000000000e-03
3.7323823823823825e+00	2.0746599999999999e-03
3.7323923923923923e+00	2.0793900000000000e-03
3.7324024024024025e+00	2.0841300000000000e-03
3.7324124124124123e+00	2.0888999999999999e-03
3.7324224224224225e+00	2.0936900000000000e-03
3.7324324324324323e+00	2.0985000000000001e-03
3.7324424424424425e+00	2.1033400000000000e-03
3.7324524524524523e+00	2.1082000000000002e-03
3.7324624624624625e+00	2.1130799999999998e-03
3.7324724724724727e+00	2.1179900000000002e-03
3.7324824824824825e+00	2.1229199999999999e-03
3.7324924924924927e+00	2.1278700000000000e-03
3.7325025025025025e+00	2.1328499999999999e-03
3.7325125125125127e+00	2.1378600000000001e-03
3.7325225225225225e+00	2.1428900000000002e-03
3.7325325325325327e+00	2.1479400000000001e-03
3.7325425425425425e+00	2.1530199999999998e-03
3.7325525525525527e+00	2.1581299999999999e-03
3.7325625625625625e+00	2.1632600000000002e-03
3.7325725725725727e+00	2.1684199999999999e-03
3.7325825825825825e+00	2.1735999999999999e-03
3.7325925925925927e+00	2.1788200000000001e-03
3.7326026026026025e+00	2.1840599999999998e-03
3.7326126126126127e+00	2.1893199999999998e-03
3.7326226226226225e+00	2.1946200000000000e-03
3.7326326326326327e+00	2.1999400000000001e-03
3.7326426426426429e+00	2.2052999999999999e-03
3.7326526526526527e+00	2.2106800000000000e-03
3.7326626626626629e+00	2.2160900000000000e-03
3.7326726726726727e+00	2.2215300000000002e-03
3.7326826826826829e+00	2.2269999999999998e-03
3.7326926926926927e+00	2.2325000000000001e-03
3.7327027027027029e+00	2.2380299999999998e-03
3.7327127127127127e+00	2.2435900000000002e-03
3.7327227227227229e+00	2.2491899999999999e-03
3.7327327327327327e+00	2.2548099999999999e-03
3.7327427427427429e+00	2.2604700000000001e-03
3.7327527527527526e+00	2.2661600000000001e-03
3.7327627627627629e+00	2.2718800000000000e-03
3.7327727727727726e+00	2.2776400000000000e-03
3.7327827827827829e+00	2.2834299999999999e-03
3.7327927927927926e+00	2.2892600000000000e-03
3.7328028028028029e+00	2.2951099999999999e-03
3.7328128128128131e+00	2.3010100000000000e-03
3.7328228228228229e+00	2.3069399999999999e-03
3.7328328328328331e+00	2.3129000000000001e-03
3.7328428428428428e+00	2.3189000000000000e-03
3.7328528528528531e+00	2.3249400000000002e-03
3.7328628628628628e+00	2.3310200000000001e-03
3.7328728728728731e+00	2.3371300000000002e-03
3.7328828828828828e+00	2.3432800000000001e-03
3.7328928928928931e+00	2.3494700000000002e-03
3.7329029029029028e+00	2.3557000000000001e-03
3.7329129129129131e+00	2.3619700000000001e-03
3.7329229229229228e+00	2.3682700000000000e-03
3.7329329329329330e+00	2.3746200000000000e-03
3.7329429429429428e+00	2.3810099999999998e-03
3.7329529529529530e+00	2.3874399999999998e-03
3.7329629629629628e+00	2.3939199999999999e-03
3.7329729729729730e+00	2.4004299999999998e-03
3.7329829829829833e+00	2.4069899999999999e-03
3.7329929929929930e+00	2.4136000000000001e-03
3.7330030030030033e+00	2.4202400000000002e-03
3.7330130130130130e+00	2.4269399999999998e-03
3.7330230230230232e+00	2.4336800000000001e-03
3.7330330330330330e+00	2.4404600000000002e-03
3.7330430430430432e+00	2.4472900000000000e-03
3.7330530530530530e+00	2.4541699999999999e-03
3.7330630630630632e+00	2.4610999999999999e-03
3.7330730730730730e+00	2.4680800000000001e-03
3.7330830830830832e+00	2.4751000000000000e-03
3.7330930930930930e+00	2.4821800000000001e-03
3.7331031031031032e+00	2.4893099999999998e-03
3.7331131131131130e+00	2.4964800000000001e-03
3.7331231231231232e+00	2.5037200000000001e-03
3.7331331331331330e+00	2.5110000000000002e-03
3.7331431431431432e+00	2.5183400000000000e-03
3.7331531531531530e+00	2.5257299999999999e-03
3.7331631631631632e+00	2.5331799999999999e-03
3.7331731731731734e+00	2.5406800000000000e-03
3.7331831831831832e+00	2.5482399999999998e-03
3.7331931931931934e+00	2.5558600000000001e-03
3.7332032032032032e+00	2.5635400000000000e-03
3.7332132132132134e+00	2.5712800000000000e-03
3.7332232232232232e+00	2.5790800000000001e-03
3.7332332332332334e+00	2.5869399999999998e-03
3.7332432432432432e+00	2.5948600000000000e-03
3.7332532532532534e+00	2.6028399999999999e-03
3.7332632632632632e+00	2.6108899999999998e-03
3.7332732732732734e+00	2.6189999999999998e-03
3.7332832832832832e+00	2.6271799999999998e-03
3.7332932932932934e+00	2.6354299999999998e-03
3.7333033033033032e+00	2.6437499999999998e-03
3.7333133133133134e+00	2.6521299999999999e-03
3.7333233233233232e+00	2.6605900000000000e-03
3.7333333333333334e+00	2.6691100000000001e-03
3.7333433433433436e+00	2.6777099999999998e-03
3.7333533533533534e+00	2.6863799999999999e-03
3.7333633633633636e+00	2.6951300000000000e-03
3.7333733733733734e+00	2.7039500000000001e-03
3.7333833833833836e+00	2.7128500000000002e-03
3.7333933933933934e+00	2.7218300000000002e-03
3.7334034034034036e+00	2.7308900000000001e-03
3.7334134134134134e+00	2.7400300000000001e-03
3.7334234234234236e+00	2.7492500000000000e-03
3.7334334334334334e+00	2.7585600000000002e-03
3.7334434434434436e+00	2.7679499999999999e-03
3.7334534534534534e+00	2.7774300000000000e-03
3.7334634634634636e+00	2.7870000000000000e-03
3.7334734734734734e+00	2.7966499999999999e-03
3.7334834834834836e+00	2.8064000000000001e-03
3.7334934934934934e+00	2.8162399999999998e-03
3.7335035035035036e+00	2.8261699999999998e-03
3.7335135135135138e+00	2.8362000000000001e-03
3.7335235235235236e+00	2.8463300000000002e-03
3.7335335335335338e+00	2.8565600000000002e-03
3.7335435435435436e+00	2.8668800000000000e-03
3.7335535535535538e+00	2.8773100000000001e-03
3.7335635635635636e+00	2.8878500000000000e-03
3.7335735735735738e+00	2.8984900000000001e-03
3.7335835835835836e+00	2.9092400000000000e-03
3.7335935935935938e+00	2.9201000000000001e-03
3.7336036036036035e+00	2.9310800000000000e-03
3.7336136136136138e+00	2.9421700000000000e-03
3.7336236236236235e+00	2.9533699999999999e-03
3.7336336336336338e+00	2.9646999999999998e-03
3.7336436436436435e+00	2.9761399999999999e-03
3.7336536536536538e+00	2.9877100000000002e-03
3.7336636636636635e+00	2.9994100000000001e-03
3.7336736736736738e+00	3.0112300000000002e-03
3.7336836836836835e+00	3.0231799999999999e-03
3.7336936936936937e+00	3.0352700000000001e-03
3.7337037037037040e+00	3.0474899999999999e-03
3.7337137137137137e+00	3.0598600000000002e-03
3.7337237237237240e+00	3.0723600000000001e-03
3.7337337337337337e+00	3.0850100000000000e-03
3.7337437437437440e+00	3.0977999999999999e-03
3.7337537537537537e+00	3.1107499999999998e-03
3.7337637637637640e+00	3.1238500000000001e-03
3.7337737737737737e+00	3.1370999999999999e-03
3.7337837837837839e+00	3.1505200000000000e-03
3.7337937937937937e+00	3.1640900000000000e-03
3.7338038038038039e+00	3.1778399999999999e-03
3.7338138138138137e+00	3.1917500000000001e-03
3.7338238238238239e+00	3.2058400000000002e-03
3.7338338338338337e+00	3.2201000000000000e-03
3.7338438438438439e+00	3.2345500000000001e-03
3.7338538538538537e+00	3.2491800000000000e-03
3.7338638638638639e+00	3.2640000000000000e-03
3.7338738738738741e+00	3.2790200000000001e-03
3.7338838838838839e+00	3.2942300000000000e-03
3.7338938938938941e+00	3.3096499999999999e-03
3.7339039039039039e+00	3.3252700000000000e-03
3.7339139139139141e+00	3.3411000000000001e-03
3.7339239239239239e+00	3.3571500000000002e-03
3.7339339339339341e+00	3.3734199999999998e-03
3.7339439439439439e+00	3.3899199999999998e-03
3.7339539539539541e+00	3.4066500000000002e-03
3.7339639639639639e+00	3.4236200000000000e-03
3.7339739739739741e+00	3.4408300000000002e-03
3.7339839839839839e+00	3.4583000000000001e-03
3.7339939939939941e+00	3.4760099999999999e-03
3.7340040040040039e+00	3.4939900000000002e-03
3.7340140140140141e+00	3.5122399999999998e-03
3.7340240240240239e+00	3.5307600000000000e-03
3.7340340340340341e+00	3.5495700000000002e-03
3.7340440440440443e+00	3.5686600000000000e-03
3.7340540540540541e+00	3.5880600000000001e-03
3.7340640640640643e+00	3.6077499999999998e-03
3.7340740740740741e+00	3.6277599999999998e-03
3.7340840840840843e+00	3.6480900000000001e-03
3.7340940940940941e+00	3.6687500000000001e-03
3.7341041041041043e+00	3.6897499999999999e-03
3.7341141141141141e+00	3.7111000000000002e-03
3.7341241241241243e+00	3.7328000000000001e-03
3.7341341341341341e+00	3.7548799999999999e-03
3.7341441441441443e+00	3.7773300000000002e-03
3.7341541541541541e+00	3.8001599999999999e-03
3.7341641641641643e+00	3.8233999999999998e-03
3.7341741741741741e+00	3.8470499999999999e-03
3.7341841841841843e+00	3.8711300000000000e-03
3.7341941941941941e+00	3.8956400000000001e-03
3.7342042042042043e+00	3.9205899999999998e-03
3.7342142142142145e+00	3.9460199999999997e-03
3.7342242242242243e+00	3.9719100000000004e-03
3.7342342342342345e+00	3.9982999999999998e-03
3.7342442442442443e+00	4.0251999999999996e-03
3.7342542542542545e+00	4.0526199999999998e-03
3.7342642642642643e+00	4.0805800000000003e-03
3.7342742742742745e+00	4.1091000000000001e-03
3.7342842842842843e+00	4.1381899999999999e-03
3.7342942942942945e+00	4.1678799999999997e-03
3.7343043043043043e+00	4.1981800000000001e-03
3.7343143143143145e+00	4.2291200000000003e-03
3.7343243243243243e+00	4.2607100000000000e-03
3.7343343343343345e+00	4.2929800000000001e-03
3.7343443443443443e+00	4.3259600000000002e-03
3.7343543543543545e+00	4.3596700000000004e-03
3.7343643643643643e+00	4.3941300000000004e-03
3.7343743743743745e+00	4.4293700000000002e-03
3.7343843843843842e+00	4.4654300000000003e-03
3.7343943943943945e+00	4.5023199999999998e-03
3.7344044044044047e+00	4.5400900000000001e-03
3.7344144144144145e+00	4.5787700000000002e-03
3.7344244244244247e+00	4.6183900000000000e-03
3.7344344344344345e+00	4.6589900000000000e-03
3.7344444444444447e+00	4.7006100000000000e-03
3.7344544544544545e+00	4.7432799999999999e-03
3.7344644644644647e+00	4.7870700000000000e-03
3.7344744744744744e+00	4.8320000000000004e-03
3.7344844844844847e+00	4.8781299999999996e-03
3.7344944944944944e+00	4.9255100000000001e-03
3.7345045045045047e+00	4.9741999999999998e-03
3.7345145145145144e+00	5.0242400000000001e-03
3.7345245245245247e+00	5.0757199999999997e-03
3.7345345345345344e+00	5.1286800000000000e-03
3.7345445445445447e+00	5.1831999999999998e-03
3.7345545545545544e+00	5.2393500000000003e-03
3.7345645645645646e+00	5.2972100000000001e-03
3.7345745745745749e+00	5.3568599999999997e-03
3.7345845845845846e+00	5.4184000000000003e-03
3.7345945945945949e+00	5.4819100000000004e-03
3.7346046046046046e+00	5.5475100000000003e-03
3.7346146146146149e+00	5.6152900000000002e-03
3.7346246246246246e+00	5.6853700000000004e-03
3.7346346346346349e+00	5.7578899999999999e-03
3.7346446446446446e+00	5.8329599999999999e-03
3.7346546546546548e+00	5.9107500000000002e-03
3.7346646646646646e+00	5.9913900000000001e-03
3.7346746746746748e+00	6.0750700000000001e-03
3.7346846846846846e+00	6.1619600000000002e-03
3.7346946946946948e+00	6.2522500000000000e-03
3.7347047047047046e+00	6.3461699999999999e-03
3.7347147147147148e+00	6.4439299999999996e-03
3.7347247247247246e+00	6.5457900000000001e-03
3.7347347347347348e+00	6.6520199999999998e-03
3.7347447447447450e+00	6.7629200000000004e-03
3.7347547547547548e+00	6.8788100000000000e-03
3.7347647647647650e+00	7.0000399999999999e-03
3.7347747747747748e+00	7.1270099999999996e-03
3.7347847847847850e+00	7.2601400000000000e-03
3.7347947947947948e+00	7.3999000000000001e-03
3.7348048048048050e+00	7.5468200000000001e-03
3.7348148148148148e+00	7.7014600000000002e-03
3.7348248248248250e+00	7.8644800000000001e-03
3.7348348348348348e+00	8.0365599999999999e-03
3.7348448448448450e+00	8.2185200000000000e-03
3.7348548548548548e+00	8.4112400000000004e-03
3.7348648648648650e+00	8.6157100000000004e-03
3.7348748748748748e+00	8.8330600000000002e-03
3.7348848848848850e+00	9.0645499999999993e-03
3.7348948948948948e+00	9.3116099999999997e-03
3.7349049049049050e+00	9.5759000000000000e-03
3.7349149149149152e+00	9.8592599999999999e-03
3.7349249249249250e+00	1.0163900000000000e-02
3.7349349349349352e+00	1.0492100000000001e-02
3.7349449449449450e+00	1.0847000000000001e-02
3.7349549549549552e+00	1.1231800000000000e-02
3.7349649649649650e+00	1.1650400000000000e-02
3.7349749749749752e+00	1.2107400000000001e-02
3.7349849849849850e+00	1.2608299999999999e-02
3.7349949949949952e+00	1.3159700000000000e-02
3.7350050050050050e+00	1.3769300000000000e-02
3.7350150150150152e+00	1.4446700000000000e-02
3.7350250250250250e+00	1.5203500000000000e-02
3.7350350350350352e+00	1.6054100000000002e-02
3.7350450450450450e+00	1.7016500000000000e-02
3.7350550550550552e+00	1.8113199999999999e-02
3.7350650650650650e+00	1.9373200000000000e-02
3.7350750750750752e+00	2.0833999999999998e-02
3.7350850850850850e+00	2.2544999999999999e-02
3.7350950950950952e+00	2.4572199999999999e-02
3.7351051051051054e+00	2.7005800000000000e-02
3.7351151151151152e+00	2.9971800000000000e-02
3.7351251251251254e+00	3.3650500000000000e-02
3.7351351351351352e+00	3.8307200000000000e-02
3.7351451451451454e+00	4.4345799999999998e-02
3.7351551551551552e+00	5.2404800000000001e-02
3.7351651651651654e+00	6.3537600000000000e-02
3.7351751751751752e+00	7.9570299999999997e-02
3.7351851851851854e+00	1.0383600000000000e-01
3.7351951951951952e+00	1.4268600000000001e-01
3.7352052052052054e+00	2.0807100000000001e-01
3.7352152152152152e+00	3.1624999999999998e-01
3.7352252252252254e+00	4.4240900000000000e-01
3.7352352352352352e+00	4.2591299999999999e-01
3.7352452452452454e+00	2.6595299999999999e-01
3.7352552552552551e+00	1.4371000000000000e-01
3.7352652652652654e+00	7.9439999999999997e-02
3.7352752752752756e+00	4.6368199999999998e-02
3.7352852852852854e+00	2.8388900000000002e-02
3.7352952952952956e+00	1.8004500000000000e-02
3.7353053053053054e+00	1.1690799999999999e-02
3.7353153153153156e+00	7.6937500000000001e-03
3.7353253253253254e+00	5.0846399999999996e-03
3.7353353353353356e+00	3.3438399999999998e-03
3.7353453453453453e+00	2.1662100000000000e-03
3.7353553553553556e+00	1.3650500000000000e-03
3.7353653653653653e+00	8.2208200000000002e-04
3.7353753753753756e+00	4.6008000000000003e-04
3.7353853853853853e+00	2.2731199999999999e-04
3.7353953953953956e+00	8.8347299999999994e-05
3.7354054054054053e+00	1.8459799999999999e-05
3.7354154154154156e+00	1.0675400000000000e-07
3.7354254254254253e+00	2.0670300000000001e-05
3.7354354354354355e+00	7.0970399999999994e-05
3.7354454454454458e+00	1.4426599999999999e-04
3.7354554554554555e+00	2.3557499999999999e-04
3.7354654654654658e+00	3.4119800000000002e-04
3.7354754754754755e+00	4.5838699999999999e-04
3.7354854854854858e+00	5.8511100000000003e-04
3.7354954954954955e+00	7.1987500000000003e-04
3.7355055055055058e+00	8.6160800000000004e-04
3.7355155155155155e+00	1.0095600000000001e-03
3.7355255255255257e+00	1.1632500000000000e-03
3.7355355355355355e+00	1.3223800000000000e-03
3.7355455455455457e+00	1.4868699999999999e-03
3.7355555555555555e+00	1.6567400000000001e-03
3.7355655655655657e+00	1.8321699999999999e-03
3.7355755755755755e+00	2.0134500000000000e-03
3.7355855855855857e+00	2.2009600000000001e-03
3.7355955955955955e+00	2.3951900000000002e-03
3.7356056056056057e+00	2.5967500000000001e-03
3.7356156156156159e+00	2.8063500000000000e-03
3.7356256256256257e+00	3.0247899999999999e-03
3.7356356356356359e+00	3.2530100000000002e-03
3.7356456456456457e+00	3.4921000000000002e-03
3.7356556556556559e+00	3.7432600000000000e-03
3.7356656656656657e+00	4.0079000000000000e-03
3.7356756756756759e+00	4.2875999999999999e-03
3.7356856856856857e+00	4.5841700000000003e-03
3.7356956956956959e+00	4.8996899999999999e-03
3.7357057057057057e+00	5.2365600000000003e-03
3.7357157157157159e+00	5.5975299999999999e-03
3.7357257257257257e+00	5.9858000000000003e-03
3.7357357357357359e+00	6.4050899999999996e-03
3.7357457457457457e+00	6.8597399999999996e-03
3.7357557557557559e+00	7.3548900000000002e-03
3.7357657657657657e+00	7.8965900000000002e-03
3.7357757757757759e+00	8.4920699999999991e-03
3.7357857857857857e+00	9.1499800000000003e-03
3.7357957957957959e+00	9.8807800000000005e-03
3.7358058058058061e+00	1.0697200000000000e-02
3.7358158158158159e+00	1.1614899999999999e-02
3.7358258258258261e+00	1.2653100000000000e-02
3.7358358358358359e+00	1.3836200000000000e-02
3.7358458458458461e+00	1.5194700000000000e-02
3.7358558558558559e+00	1.6767799999999999e-02
3.7358658658658661e+00	1.8606299999999999e-02
3.7358758758758759e+00	2.0776900000000001e-02
3.7358858858858861e+00	2.3368699999999999e-02
3.7358958958958959e+00	2.6502499999999998e-02
3.7359059059059061e+00	3.0345700000000000e-02
3.7359159159159159e+00	3.5134699999999998e-02
3.7359259259259261e+00	4.1211499999999998e-02
3.7359359359359359e+00	4.9083200000000000e-02
3.7359459459459461e+00	5.9523100000000002e-02
3.7359559559559559e+00	7.3743799999999998e-02
3.7359659659659661e+00	9.3697900000000001e-02
3.7359759759759763e+00	1.2258100000000000e-01
3.7359859859859861e+00	1.6553899999999999e-01
3.7359959959959963e+00	2.2990900000000000e-01
3.7360060060060061e+00	3.2094099999999998e-01
3.7360160160160163e+00	4.2088999999999999e-01
3.7360260260260261e+00	4.6069399999999999e-01
3.7360360360360363e+00	3.9276000000000000e-01
3.7360460460460461e+00	2.8136000000000000e-01
3.7360560560560563e+00	1.9035600000000000e-01
3.7360660660660661e+00	1.2971299999999999e-01
3.7360760760760763e+00	9.0940999999999994e-02
3.7360860860860861e+00	6.5801799999999994e-02
3.7360960960960963e+00	4.9004600000000002e-02
3.7361061061061061e+00	3.7411899999999998e-02
3.7361161161161163e+00	2.9166100000000000e-02
3.7361261261261260e+00	2.3141499999999999e-02
3.7361361361361363e+00	1.8635599999999999e-02
3.7361461461461465e+00	1.5196200000000000e-02
3.7361561561561563e+00	1.2524199999999999e-02
3.7361661661661665e+00	1.0416000000000000e-02
3.7361761761761763e+00	8.7302300000000003e-03
3.7361861861861865e+00	7.3660899999999996e-03
3.7361961961961963e+00	6.2506400000000000e-03
3.7362062062062065e+00	5.3300600000000002e-03
3.7362162162162162e+00	4.5640400000000001e-03
3.7362262262262265e+00	3.9219600000000004e-03
3.7362362362362362e+00	3.3802300000000001e-03
3.7362462462462465e+00	2.9204999999999999e-03
3.7362562562562562e+00	2.5283200000000001e-03
3.7362662662662665e+00	2.1922199999999999e-03
3.7362762762762762e+00	1.9029699999999999e-03
3.7362862862862865e+00	1.6531199999999999e-03
3.7362962962962962e+00	1.4366200000000000e-03
3.7363063063063064e+00	1.2484600000000001e-03
3.7363163163163167e+00	1.0845500000000001e-03
3.7363263263263264e+00	9.4143799999999995e-04
3.7363363363363367e+00	8.1627600000000000e-04
3.7363463463463464e+00	7.0665500000000004e-04
3.7363563563563567e+00	6.1054000000000002e-04
3.7363663663663664e+00	5.2620300000000004e-04
3.7363763763763767e+00	4.5217100000000002e-04
3.7363863863863864e+00	3.8718400000000000e-04
3.7363963963963966e+00	3.3015699999999998e-04
3.7364064064064064e+00	2.8015300000000000e-04
3.7364164164164166e+00	2.3636299999999999e-04
3.7364264264264264e+00	1.9808200000000001e-04
3.7364364364364366e+00	1.6469700000000000e-04
3.7364464464464464e+00	1.3567000000000001e-04
3.7364564564564566e+00	1.1053200000000000e-04
3.7364664664664664e+00	8.8867899999999997e-05
3.7364764764764766e+00	7.0314200000000005e-05
3.7364864864864864e+00	5.4548500000000001e-05
3.7364964964964966e+00	4.1285600000000003e-05
3.7365065065065068e+00	3.0272599999999999e-05
3.7365165165165166e+00	2.1284199999999999e-05
3.7365265265265268e+00	1.4119900000000000e-05
3.7365365365365366e+00	8.6005500000000002e-06
3.7365465465465468e+00	4.5660900000000004e-06
3.7365565565565566e+00	1.8729300000000001e-06
3.7365665665665668e+00	3.9226800000000000e-07
3.7365765765765766e+00	8.3258300000000000e-09
3.7365865865865868e+00	6.1686599999999999e-07
3.7365965965965966e+00	2.1239199999999998e-06
3.7366066066066068e+00	4.4446400000000000e-06
3.7366166166166166e+00	7.5023600000000001e-06
3.7366266266266268e+00	1.1227699999999999e-05
3.7366366366366366e+00	1.5557600000000002e-05
3.7366466466466468e+00	2.0435200000000000e-05
3.7366566566566566e+00	2.5808599999999999e-05
3.7366666666666668e+00	3.1630800000000002e-05
3.7366766766766770e+00	3.7858699999999997e-05
3.7366866866866868e+00	4.4453399999999997e-05
3.7366966966966970e+00	5.1379399999999998e-05
3.7367067067067068e+00	5.8604099999999997e-05
3.7367167167167170e+00	6.6097800000000003e-05
3.7367267267267268e+00	7.3833599999999997e-05
3.7367367367367370e+00	8.1786599999999994e-05
3.7367467467467468e+00	8.9934199999999997e-05
3.7367567567567570e+00	9.8255499999999995e-05
3.7367667667667668e+00	1.0673199999999999e-04
3.7367767767767770e+00	1.1534500000000000e-04
3.7367867867867868e+00	1.2407999999999999e-04
3.7367967967967970e+00	1.3292200000000000e-04
3.7368068068068068e+00	1.4185700000000001e-04
3.7368168168168170e+00	1.5087299999999999e-04
3.7368268268268268e+00	1.5995899999999999e-04
3.7368368368368370e+00	1.6910400000000000e-04
3.7368468468468472e+00	1.7829900000000001e-04
3.7368568568568570e+00	1.8753500000000001e-04
3.7368668668668672e+00	1.9680399999999999e-04
3.7368768768768770e+00	2.0609799999999999e-04
3.7368868868868872e+00	2.1541000000000000e-04
3.7368968968968970e+00	2.2473600000000001e-04
3.7369069069069072e+00	2.3406800000000001e-04
3.7369169169169170e+00	2.4340100000000000e-04
3.7369269269269272e+00	2.5273100000000002e-04
3.7369369369369370e+00	2.6205299999999999e-04
3.7369469469469472e+00	2.7136300000000000e-04
3.7369569569569570e+00	2.8065700000000002e-04
3.7369669669669672e+00	2.8993200000000002e-04
3.7369769769769769e+00	2.9918499999999999e-04
3.7369869869869872e+00	3.0841300000000000e-04
3.7369969969969969e+00	3.1761300000000001e-04
3.7370070070070072e+00	3.2678299999999998e-04
3.7370170170170169e+00	3.3592099999999998e-04
3.7370270270270272e+00	3.4502399999999998e-04
3.7370370370370374e+00	3.5409100000000001e-04
3.7370470470470472e+00	3.6312099999999999e-04
3.7370570570570574e+00	3.7211100000000000e-04
3.7370670670670671e+00	3.8106099999999998e-04
3.7370770770770774e+00	3.8996799999999998e-04
3.7370870870870871e+00	3.9883300000000002e-04
3.7370970970970974e+00	4.0765499999999999e-04
3.7371071071071071e+00	4.1643099999999998e-04
3.7371171171171174e+00	4.2516199999999998e-04
3.7371271271271271e+00	4.3384700000000001e-04
3.7371371371371374e+00	4.4248500000000000e-04
3.7371471471471471e+00	4.5107600000000002e-04
3.7371571571571574e+00	4.5961899999999998e-04
3.7371671671671671e+00	4.6811400000000000e-04
3.7371771771771773e+00	4.7656000000000000e-04
3.7371871871871871e+00	4.8495800000000001e-04
3.7371971971971973e+00	4.9330700000000001e-04
3.7372072072072076e+00	5.0160700000000005e-04
3.7372172172172173e+00	5.0985799999999997e-04
3.7372272272272276e+00	5.1805899999999997e-04
3.7372372372372373e+00	5.2621199999999997e-04
3.7372472472472476e+00	5.3431500000000005e-04
3.7372572572572573e+00	5.4236900000000001e-04
3.7372672672672675e+00	5.5037399999999996e-04
3.7372772772772773e+00	5.5832899999999999e-04
3.7372872872872875e+00	5.6623600000000002e-04
3.7372972972972973e+00	5.7409400000000004e-04
3.7373073073073075e+00	5.8190399999999995e-04
3.7373173173173173e+00	5.8966499999999996e-04
3.7373273273273275e+00	5.9737799999999997e-04
3.7373373373373373e+00	6.0504299999999999e-04
3.7373473473473475e+00	6.1266000000000001e-04
3.7373573573573573e+00	6.2023000000000004e-04
3.7373673673673675e+00	6.2775199999999998e-04
3.7373773773773777e+00	6.3522800000000005e-04
3.7373873873873875e+00	6.4265700000000004e-04
3.7373973973973977e+00	6.5003999999999995e-04
3.7374074074074075e+00	6.5737599999999999e-04
3.7374174174174177e+00	6.6466699999999997e-04
3.7374274274274275e+00	6.7191300000000000e-04
3.7374374374374377e+00	6.7911299999999996e-04
3.7374474474474475e+00	6.8626899999999998e-04
3.7374574574574577e+00	6.9338099999999997e-04
3.7374674674674675e+00	7.0044800000000000e-04
3.7374774774774777e+00	7.0747200000000001e-04
3.7374874874874875e+00	7.1445299999999998e-04
3.7374974974974977e+00	7.2139000000000003e-04
3.7375075075075075e+00	7.2828499999999996e-04
3.7375175175175177e+00	7.3513799999999998e-04
3.7375275275275275e+00	7.4194899999999999e-04
3.7375375375375377e+00	7.4871800000000000e-04
3.7375475475475479e+00	7.5544600000000000e-04
3.7375575575575577e+00	7.6213300000000002e-04
3.7375675675675679e+00	7.6878000000000005e-04
3.7375775775775777e+00	7.7538699999999999e-04
3.7375875875875879e+00	7.8195499999999998e-04
3.7375975975975977e+00	7.8848299999999998e-04
3.7376076076076079e+00	7.9497100000000000e-04
3.7376176176176177e+00	8.0142199999999999e-04
3.7376276276276279e+00	8.0783400000000000e-04
3.7376376376376377e+00	8.1420799999999997e-04
3.7376476476476479e+00	8.2054500000000000e-04
3.7376576576576577e+00	8.2684399999999997e-04
3.7376676676676679e+00	8.3310700000000003e-04
3.7376776776776777e+00	8.3933300000000005e-04
3.7376876876876879e+00	8.4552300000000004e-04
3.7376976976976977e+00	8.5167800000000003e-04
3.7377077077077079e+00	8.5779699999999999e-04
3.7377177177177177e+00	8.6388100000000005e-04
3.7377277277277279e+00	8.6992999999999999e-04
3.7377377377377381e+00	8.7594400000000003e-04
3.7377477477477479e+00	8.8192499999999998e-04
3.7377577577577581e+00	8.8787200000000005e-04
3.7377677677677679e+00	8.9378500000000002e-04
3.7377777777777781e+00	8.9966600000000003e-04
3.7377877877877879e+00	9.0551300000000004e-04
3.7377977977977981e+00	9.1132900000000000e-04
3.7378078078078079e+00	9.1711199999999998e-04
3.7378178178178181e+00	9.2286300000000000e-04
3.7378278278278279e+00	9.2858299999999997e-04
3.7378378378378381e+00	9.3427099999999997e-04
3.7378478478478478e+00	9.3992900000000005e-04
3.7378578578578581e+00	9.4555599999999996e-04
3.7378678678678678e+00	9.5115300000000005e-04
3.7378778778778781e+00	9.5671999999999999e-04
3.7378878878878878e+00	9.6225700000000000e-04
3.7378978978978981e+00	9.6776499999999999e-04
3.7379079079079083e+00	9.7324399999999995e-04
3.7379179179179181e+00	9.7869400000000000e-04
3.7379279279279283e+00	9.8411500000000003e-04
3.7379379379379380e+00	9.8950899999999996e-04
3.7379479479479483e+00	9.9487399999999998e-04
3.7379579579579580e+00	1.0002100000000001e-03
3.7379679679679683e+00	1.0055200000000000e-03
3.7379779779779780e+00	1.0108000000000001e-03
3.7379879879879883e+00	1.0160600000000001e-03
3.7379979979979980e+00	1.0212900000000000e-03
3.7380080080080083e+00	1.0264899999999999e-03
3.7380180180180180e+00	1.0316699999999999e-03
3.7380280280280282e+00	1.0368199999999999e-03
3.7380380380380380e+00	1.0419500000000000e-03
3.7380480480480482e+00	1.0470500000000001e-03
3.7380580580580580e+00	1.0521199999999999e-03
3.7380680680680682e+00	1.0571700000000001e-03
3.7380780780780785e+00	1.0621999999999999e-03
3.7380880880880882e+00	1.0671999999999999e-03
3.7380980980980985e+00	1.0721699999999999e-03
3.7381081081081082e+00	1.0771299999999999e-03
3.7381181181181184e+00	1.0820599999999999e-03
3.7381281281281282e+00	1.0869600000000001e-03
3.7381381381381384e+00	1.0918499999999999e-03
3.7381481481481482e+00	1.0966999999999999e-03
3.7381581581581584e+00	1.1015400000000000e-03
3.7381681681681682e+00	1.1063600000000000e-03
3.7381781781781784e+00	1.1111500000000000e-03
3.7381881881881882e+00	1.1159200000000001e-03
3.7381981981981984e+00	1.1206600000000001e-03
3.7382082082082082e+00	1.1253900000000000e-03
3.7382182182182184e+00	1.1300900000000000e-03
3.7382282282282282e+00	1.1347799999999999e-03
3.7382382382382384e+00	1.1394400000000000e-03
3.7382482482482486e+00	1.1440800000000000e-03
3.7382582582582584e+00	1.1486999999999999e-03
3.7382682682682686e+00	1.1532999999999999e-03
3.7382782782782784e+00	1.1578800000000000e-03
3.7382882882882886e+00	1.1624400000000000e-03
3.7382982982982984e+00	1.1669800000000000e-03
3.7383083083083086e+00	1.1715000000000000e-03
3.7383183183183184e+00	1.1760000000000000e-03
3.7383283283283286e+00	1.1804800000000000e-03
3.7383383383383384e+00	1.1849400000000000e-03
3.7383483483483486e+00	1.1893800000000001e-03
3.7383583583583584e+00	1.1938000000000001e-03
3.7383683683683686e+00	1.1982099999999999e-03
3.7383783783783784e+00	1.2025899999999999e-03
3.7383883883883886e+00	1.2069600000000000e-03
3.7383983983983984e+00	1.2113099999999999e-03
3.7384084084084086e+00	1.2156400000000000e-03
3.7384184184184184e+00	1.2199500000000000e-03
3.7384284284284286e+00	1.2242500000000001e-03
3.7384384384384388e+00	1.2285200000000001e-03
3.7384484484484486e+00	1.2327799999999999e-03
3.7384584584584588e+00	1.2370300000000001e-03
3.7384684684684686e+00	1.2412499999999999e-03
3.7384784784784788e+00	1.2454600000000001e-03
3.7384884884884886e+00	1.2496499999999999e-03
3.7384984984984988e+00	1.2538300000000000e-03
3.7385085085085086e+00	1.2579900000000001e-03
3.7385185185185188e+00	1.2621300000000000e-03
3.7385285285285286e+00	1.2662600000000000e-03
3.7385385385385388e+00	1.2703700000000000e-03
3.7385485485485486e+00	1.2744600000000000e-03
3.7385585585585588e+00	1.2785400000000001e-03
3.7385685685685686e+00	1.2826000000000001e-03
3.7385785785785788e+00	1.2866500000000001e-03
3.7385885885885886e+00	1.2906800000000000e-03
3.7385985985985988e+00	1.2947000000000000e-03
3.7386086086086090e+00	1.2987000000000001e-03
3.7386186186186188e+00	1.3026800000000001e-03
3.7386286286286290e+00	1.3066600000000001e-03
3.7386386386386388e+00	1.3106100000000000e-03
3.7386486486486490e+00	1.3145500000000001e-03
3.7386586586586588e+00	1.3184799999999999e-03
3.7386686686686690e+00	1.3223899999999999e-03
3.7386786786786788e+00	1.3262899999999999e-03
3.7386886886886890e+00	1.3301800000000000e-03
3.7386986986986988e+00	1.3340500000000000e-03
3.7387087087087090e+00	1.3378999999999999e-03
3.7387187187187187e+00	1.3417500000000001e-03
3.7387287287287290e+00	1.3455800000000001e-03
3.7387387387387387e+00	1.3493900000000000e-03
3.7387487487487490e+00	1.3531900000000000e-03
3.7387587587587587e+00	1.3569800000000000e-03
3.7387687687687690e+00	1.3607599999999999e-03
3.7387787787787792e+00	1.3645199999999999e-03
3.7387887887887890e+00	1.3682700000000000e-03
3.7387987987987992e+00	1.3720099999999999e-03
3.7388088088088089e+00	1.3757299999999999e-03
3.7388188188188192e+00	1.3794400000000000e-03
3.7388288288288289e+00	1.3831399999999999e-03
3.7388388388388392e+00	1.3868299999999999e-03
3.7388488488488489e+00	1.3905000000000000e-03
3.7388588588588592e+00	1.3941600000000000e-03
3.7388688688688689e+00	1.3978100000000000e-03
3.7388788788788792e+00	1.4014500000000000e-03
3.7388888888888889e+00	1.4050700000000000e-03
3.7388988988988991e+00	1.4086800000000000e-03
3.7389089089089089e+00	1.4122900000000001e-03
3.7389189189189191e+00	1.4158800000000000e-03
3.7389289289289289e+00	1.4194500000000001e-03
3.7389389389389391e+00	1.4230200000000001e-03
3.7389489489489494e+00	1.4265700000000001e-03
3.7389589589589591e+00	1.4301200000000000e-03
3.7389689689689694e+00	1.4336500000000001e-03
3.7389789789789791e+00	1.4371700000000000e-03
3.7389889889889893e+00	1.4406800000000000e-03
3.7389989989989991e+00	1.4441800000000000e-03
3.7390090090090093e+00	1.4476700000000001e-03
3.7390190190190191e+00	1.4511500000000000e-03
3.7390290290290293e+00	1.4546100000000001e-03
3.7390390390390391e+00	1.4580699999999999e-03
3.7390490490490493e+00	1.4615100000000001e-03
3.7390590590590591e+00	1.4649500000000000e-03
3.7390690690690693e+00	1.4683700000000001e-03
3.7390790790790791e+00	1.4717899999999999e-03
3.7390890890890893e+00	1.4751899999999999e-03
3.7390990990990991e+00	1.4785800000000000e-03
3.7391091091091093e+00	1.4819700000000000e-03
3.7391191191191191e+00	1.4853399999999999e-03
3.7391291291291293e+00	1.4886999999999999e-03
3.7391391391391395e+00	1.4920599999999999e-03
3.7391491491491493e+00	1.4954000000000000e-03
3.7391591591591595e+00	1.4987300000000000e-03
3.7391691691691693e+00	1.5020599999999999e-03
3.7391791791791795e+00	1.5053700000000000e-03
3.7391891891891893e+00	1.5086800000000001e-03
3.7391991991991995e+00	1.5119700000000001e-03
3.7392092092092093e+00	1.5152600000000000e-03
3.7392192192192195e+00	1.5185400000000001e-03
3.7392292292292293e+00	1.5218000000000000e-03
3.7392392392392395e+00	1.5250600000000000e-03
3.7392492492492493e+00	1.5283100000000000e-03
3.7392592592592595e+00	1.5315500000000000e-03
3.7392692692692693e+00	1.5347799999999999e-03
3.7392792792792795e+00	1.5380100000000000e-03
3.7392892892892893e+00	1.5412200000000000e-03
3.7392992992992995e+00	1.5444199999999999e-03
3.7393093093093097e+00	1.5476200000000000e-03
3.7393193193193195e+00	1.5508099999999999e-03
3.7393293293293297e+00	1.5539900000000001e-03
3.7393393393393395e+00	1.5571599999999999e-03
3.7393493493493497e+00	1.5603200000000000e-03
3.7393593593593595e+00	1.5634700000000000e-03
3.7393693693693697e+00	1.5666199999999999e-03
3.7393793793793795e+00	1.5697500000000000e-03
3.7393893893893897e+00	1.5728800000000000e-03
3.7393993993993995e+00	1.5759999999999999e-03
3.7394094094094097e+00	1.5791100000000001e-03
3.7394194194194195e+00	1.5822200000000001e-03
3.7394294294294297e+00	1.5853099999999999e-03
3.7394394394394395e+00	1.5884000000000000e-03
3.7394494494494497e+00	1.5914799999999999e-03
3.7394594594594595e+00	1.5945600000000001e-03
3.7394694694694697e+00	1.5976199999999999e-03
3.7394794794794799e+00	1.6006799999999999e-03
3.7394894894894897e+00	1.6037300000000000e-03
3.7394994994994999e+00	1.6067700000000000e-03
3.7395095095095097e+00	1.6098000000000000e-03
3.7395195195195199e+00	1.6128300000000000e-03
3.7395295295295297e+00	1.6158500000000001e-03
3.7395395395395399e+00	1.6188600000000000e-03
3.7395495495495497e+00	1.6218599999999999e-03
3.7395595595595599e+00	1.6248600000000001e-03
3.7395695695695697e+00	1.6278499999999999e-03
3.7395795795795799e+00	1.6308300000000000e-03
3.7395895895895896e+00	1.6338100000000001e-03
3.7395995995995999e+00	1.6367700000000001e-03
3.7396096096096096e+00	1.6397300000000001e-03
3.7396196196196199e+00	1.6426900000000000e-03
3.7396296296296296e+00	1.6456299999999999e-03
3.7396396396396399e+00	1.6485700000000000e-03
3.7396496496496501e+00	1.6515099999999999e-03
3.7396596596596599e+00	1.6544299999999999e-03
3.7396696696696701e+00	1.6573499999999999e-03
3.7396796796796798e+00	1.6602600000000000e-03
3.7396896896896901e+00	1.6631700000000001e-03
3.7396996996996998e+00	1.6660700000000000e-03
3.7397097097097101e+00	1.6689599999999999e-03
3.7397197197197198e+00	1.6718499999999999e-03
3.7397297297297301e+00	1.6747299999999999e-03
3.7397397397397398e+00	1.6776000000000000e-03
3.7397497497497501e+00	1.6804700000000001e-03
3.7397597597597598e+00	1.6833300000000000e-03
3.7397697697697700e+00	1.6861800000000000e-03
3.7397797797797798e+00	1.6890300000000000e-03
3.7397897897897900e+00	1.6918700000000000e-03
3.7397997997997998e+00	1.6946999999999999e-03
3.7398098098098100e+00	1.6975300000000000e-03
3.7398198198198198e+00	1.7003500000000000e-03
3.7398298298298300e+00	1.7031699999999999e-03
3.7398398398398403e+00	1.7059800000000000e-03
3.7398498498498500e+00	1.7087800000000000e-03
3.7398598598598602e+00	1.7115800000000001e-03
3.7398698698698700e+00	1.7143700000000000e-03
3.7398798798798802e+00	1.7171599999999999e-03
3.7398898898898900e+00	1.7199400000000001e-03
3.7398998998999002e+00	1.7227099999999999e-03
3.7399099099099100e+00	1.7254799999999999e-03
3.7399199199199202e+00	1.7282400000000000e-03
3.7399299299299300e+00	1.7309999999999999e-03
3.7399399399399402e+00	1.7337500000000000e-03
3.7399499499499500e+00	1.7365000000000000e-03
3.7399599599599602e+00	1.7392300000000000e-03
3.7399699699699700e+00	1.7419700000000000e-03
3.7399799799799802e+00	1.7447000000000001e-03
3.7399899899899900e+00	1.7474200000000000e-03
3.7400000000000002e+00	1.7501400000000001e-03
