3.7320000000000002e+00	7.2384900000000002e-02
3.7320010010010014e+00	7.2377300000000006e-02
3.7320020020020022e+00	7.2369699999999995e-02
3.7320030030030034e+00	7.2362099999999999e-02
3.7320040040040041e+00	7.2354500000000002e-02
3.7320050050050053e+00	7.2346800000000003e-02
3.7320060060060061e+00	7.2339200000000006e-02
3.7320070070070073e+00	7.2331599999999996e-02
3.7320080080080080e+00	7.2323899999999997e-02
3.7320090090090092e+00	7.2316300000000000e-02
3.7320100100100104e+00	7.2308700000000004e-02
3.7320110110110112e+00	7.2301099999999993e-02
3.7320120120120124e+00	7.2293399999999994e-02
3.7320130130130131e+00	7.2285799999999997e-02
3.7320140140140143e+00	7.2278099999999998e-02
3.7320150150150151e+00	7.2270500000000001e-02
3.7320160160160163e+00	7.2262900000000005e-02
3.7320170170170170e+00	7.2255200000000006e-02
3.7320180180180182e+00	7.2247599999999995e-02
3.7320190190190190e+00	7.2239899999999996e-02
3.7320200200200202e+00	7.2232299999999999e-02
3.7320210210210214e+00	7.2224600000000000e-02
3.7320220220220222e+00	7.2217000000000003e-02
3.7320230230230234e+00	7.2209400000000007e-02
3.7320240240240241e+00	7.2201699999999994e-02
3.7320250250250253e+00	7.2193999999999994e-02
3.7320260260260261e+00	7.2186399999999998e-02
3.7320270270270273e+00	7.2178699999999998e-02
3.7320280280280280e+00	7.2171100000000002e-02
3.7320290290290292e+00	7.2163400000000003e-02
3.7320300300300304e+00	7.2155800000000006e-02
3.7320310310310312e+00	7.2148100000000007e-02
3.7320320320320324e+00	7.2140399999999993e-02
3.7320330330330331e+00	7.2132799999999997e-02
3.7320340340340343e+00	7.2125099999999998e-02
3.7320350350350351e+00	7.2117399999999998e-02
3.7320360360360363e+00	7.2109800000000002e-02
3.7320370370370370e+00	7.2102100000000002e-02
3.7320380380380382e+00	7.2094400000000003e-02
3.7320390390390394e+00	7.2086800000000006e-02
3.7320400400400402e+00	7.2079099999999993e-02
3.7320410410410414e+00	7.2071399999999994e-02
3.7320420420420422e+00	7.2063699999999994e-02
3.7320430430430434e+00	7.2055999999999995e-02
3.7320440440440441e+00	7.2048399999999999e-02
3.7320450450450453e+00	7.2040699999999999e-02
3.7320460460460461e+00	7.2033000000000000e-02
3.7320470470470473e+00	7.2025300000000000e-02
3.7320480480480485e+00	7.2017600000000001e-02
3.7320490490490492e+00	7.2009900000000002e-02
3.7320500500500504e+00	7.2002200000000002e-02
3.7320510510510512e+00	7.1994500000000003e-02
3.7320520520520524e+00	7.1986800000000004e-02
3.7320530530530531e+00	7.1979100000000004e-02
3.7320540540540543e+00	7.1971400000000005e-02
3.7320550550550551e+00	7.1963700000000005e-02
3.7320560560560563e+00	7.1956000000000006e-02
3.7320570570570570e+00	7.1948300000000007e-02
3.7320580580580582e+00	7.1940599999999993e-02
3.7320590590590594e+00	7.1932899999999994e-02
3.7320600600600602e+00	7.1925199999999995e-02
3.7320610610610614e+00	7.1917499999999995e-02
3.7320620620620621e+00	7.1909799999999996e-02
3.7320630630630633e+00	7.1901999999999994e-02
3.7320640640640641e+00	7.1894299999999994e-02
3.7320650650650653e+00	7.1886599999999995e-02
3.7320660660660661e+00	7.1878899999999996e-02
3.7320670670670673e+00	7.1871099999999993e-02
3.7320680680680685e+00	7.1863399999999994e-02
3.7320690690690692e+00	7.1855699999999995e-02
3.7320700700700704e+00	7.1847900000000006e-02
3.7320710710710712e+00	7.1840200000000007e-02
3.7320720720720724e+00	7.1832499999999994e-02
3.7320730730730731e+00	7.1824700000000005e-02
3.7320740740740743e+00	7.1817000000000006e-02
3.7320750750750751e+00	7.1809200000000004e-02
3.7320760760760763e+00	7.1801500000000004e-02
3.7320770770770775e+00	7.1793700000000002e-02
3.7320780780780782e+00	7.1786000000000003e-02
3.7320790790790794e+00	7.1778200000000000e-02
3.7320800800800802e+00	7.1770500000000001e-02
3.7320810810810814e+00	7.1762699999999999e-02
3.7320820820820821e+00	7.1754899999999996e-02
3.7320830830830833e+00	7.1747199999999997e-02
3.7320840840840841e+00	7.1739399999999995e-02
3.7320850850850853e+00	7.1731600000000006e-02
3.7320860860860865e+00	7.1723899999999993e-02
3.7320870870870873e+00	7.1716100000000005e-02
3.7320880880880885e+00	7.1708300000000003e-02
3.7320890890890892e+00	7.1700500000000000e-02
3.7320900900900904e+00	7.1692699999999998e-02
3.7320910910910912e+00	7.1684899999999996e-02
3.7320920920920924e+00	7.1677199999999996e-02
3.7320930930930931e+00	7.1669399999999994e-02
3.7320940940940943e+00	7.1661600000000006e-02
3.7320950950950951e+00	7.1653800000000004e-02
3.7320960960960963e+00	7.1646000000000001e-02
3.7320970970970975e+00	7.1638199999999999e-02
3.7320980980980982e+00	7.1630399999999997e-02
3.7320990990990994e+00	7.1622500000000006e-02
3.7321001001001002e+00	7.1614700000000003e-02
3.7321011011011014e+00	7.1606900000000001e-02
3.7321021021021021e+00	7.1599099999999999e-02
3.7321031031031033e+00	7.1591299999999997e-02
3.7321041041041041e+00	7.1583499999999994e-02
3.7321051051051053e+00	7.1575600000000003e-02
3.7321061061061065e+00	7.1567800000000001e-02
3.7321071071071072e+00	7.1559999999999999e-02
3.7321081081081084e+00	7.1552099999999993e-02
3.7321091091091092e+00	7.1544300000000005e-02
3.7321101101101104e+00	7.1536400000000000e-02
3.7321111111111112e+00	7.1528599999999998e-02
3.7321121121121124e+00	7.1520700000000006e-02
3.7321131131131131e+00	7.1512900000000004e-02
3.7321141141141143e+00	7.1504999999999999e-02
3.7321151151151155e+00	7.1497199999999997e-02
3.7321161161161163e+00	7.1489300000000006e-02
3.7321171171171175e+00	7.1481400000000000e-02
3.7321181181181182e+00	7.1473599999999998e-02
3.7321191191191194e+00	7.1465699999999993e-02
3.7321201201201202e+00	7.1457800000000002e-02
3.7321211211211214e+00	7.1449899999999997e-02
3.7321221221221221e+00	7.1442000000000005e-02
3.7321231231231233e+00	7.1434100000000000e-02
3.7321241241241245e+00	7.1426299999999998e-02
3.7321251251251253e+00	7.1418400000000007e-02
3.7321261261261265e+00	7.1410500000000002e-02
3.7321271271271272e+00	7.1402599999999997e-02
3.7321281281281284e+00	7.1394600000000003e-02
3.7321291291291292e+00	7.1386699999999997e-02
3.7321301301301304e+00	7.1378800000000006e-02
3.7321311311311312e+00	7.1370900000000001e-02
3.7321321321321324e+00	7.1362999999999996e-02
3.7321331331331331e+00	7.1355000000000002e-02
3.7321341341341343e+00	7.1347099999999997e-02
3.7321351351351355e+00	7.1339200000000005e-02
3.7321361361361363e+00	7.1331199999999997e-02
3.7321371371371375e+00	7.1323300000000006e-02
3.7321381381381382e+00	7.1315299999999998e-02
3.7321391391391394e+00	7.1307400000000007e-02
3.7321401401401402e+00	7.1299399999999999e-02
3.7321411411411414e+00	7.1291499999999994e-02
3.7321421421421421e+00	7.1283500000000000e-02
3.7321431431431433e+00	7.1275500000000006e-02
3.7321441441441445e+00	7.1267600000000000e-02
3.7321451451451453e+00	7.1259600000000006e-02
3.7321461461461465e+00	7.1251599999999998e-02
3.7321471471471472e+00	7.1243600000000004e-02
3.7321481481481484e+00	7.1235599999999996e-02
3.7321491491491492e+00	7.1227600000000002e-02
3.7321501501501504e+00	7.1219599999999994e-02
3.7321511511511511e+00	7.1211600000000000e-02
3.7321521521521523e+00	7.1203600000000006e-02
3.7321531531531535e+00	7.1195599999999998e-02
3.7321541541541543e+00	7.1187600000000004e-02
3.7321551551551555e+00	7.1179500000000007e-02
3.7321561561561563e+00	7.1171499999999999e-02
3.7321571571571575e+00	7.1163500000000005e-02
3.7321581581581582e+00	7.1155399999999994e-02
3.7321591591591594e+00	7.1147400000000000e-02
3.7321601601601602e+00	7.1139300000000003e-02
3.7321611611611614e+00	7.1131299999999995e-02
3.7321621621621626e+00	7.1123199999999998e-02
3.7321631631631633e+00	7.1115100000000001e-02
3.7321641641641645e+00	7.1107100000000006e-02
3.7321651651651653e+00	7.1098999999999996e-02
3.7321661661661665e+00	7.1090899999999999e-02
3.7321671671671672e+00	7.1082800000000002e-02
3.7321681681681684e+00	7.1074700000000005e-02
3.7321691691691692e+00	7.1066599999999994e-02
3.7321701701701704e+00	7.1058499999999997e-02
3.7321711711711711e+00	7.1050400000000000e-02
3.7321721721721723e+00	7.1042300000000003e-02
3.7321731731731735e+00	7.1034200000000006e-02
3.7321741741741743e+00	7.1026000000000006e-02
3.7321751751751755e+00	7.1017899999999995e-02
3.7321761761761763e+00	7.1009799999999998e-02
3.7321771771771775e+00	7.1001599999999998e-02
3.7321781781781782e+00	7.0993500000000001e-02
3.7321791791791794e+00	7.0985300000000001e-02
3.7321801801801802e+00	7.0977100000000001e-02
3.7321811811811814e+00	7.0969000000000004e-02
3.7321821821821826e+00	7.0960800000000004e-02
3.7321831831831833e+00	7.0952600000000005e-02
3.7321841841841845e+00	7.0944400000000005e-02
3.7321851851851853e+00	7.0936200000000005e-02
3.7321861861861865e+00	7.0928000000000005e-02
3.7321871871871872e+00	7.0919800000000005e-02
3.7321881881881884e+00	7.0911600000000005e-02
3.7321891891891892e+00	7.0903300000000002e-02
3.7321901901901904e+00	7.0895100000000003e-02
3.7321911911911916e+00	7.0886900000000003e-02
3.7321921921921923e+00	7.0878600000000000e-02
3.7321931931931935e+00	7.0870400000000000e-02
3.7321941941941943e+00	7.0862099999999997e-02
3.7321951951951955e+00	7.0853799999999995e-02
3.7321961961961962e+00	7.0845599999999995e-02
3.7321971971971974e+00	7.0837300000000006e-02
3.7321981981981982e+00	7.0829000000000003e-02
3.7321991991991994e+00	7.0820700000000000e-02
3.7322002002002006e+00	7.0812399999999998e-02
3.7322012012012014e+00	7.0804099999999995e-02
3.7322022022022026e+00	7.0795800000000006e-02
3.7322032032032033e+00	7.0787400000000000e-02
3.7322042042042045e+00	7.0779099999999998e-02
3.7322052052052053e+00	7.0770799999999995e-02
3.7322062062062065e+00	7.0762400000000003e-02
3.7322072072072072e+00	7.0753999999999997e-02
3.7322082082082084e+00	7.0745699999999995e-02
3.7322092092092092e+00	7.0737300000000003e-02
3.7322102102102104e+00	7.0728899999999997e-02
3.7322112112112116e+00	7.0720500000000006e-02
3.7322122122122123e+00	7.0712100000000000e-02
3.7322132132132135e+00	7.0703699999999994e-02
3.7322142142142143e+00	7.0695300000000003e-02
3.7322152152152155e+00	7.0686899999999997e-02
3.7322162162162162e+00	7.0678400000000002e-02
3.7322172172172174e+00	7.0669999999999997e-02
3.7322182182182182e+00	7.0661500000000002e-02
3.7322192192192194e+00	7.0653099999999996e-02
3.7322202202202206e+00	7.0644600000000002e-02
3.7322212212212214e+00	7.0636099999999993e-02
3.7322222222222226e+00	7.0627599999999999e-02
3.7322232232232233e+00	7.0619100000000004e-02
3.7322242242242245e+00	7.0610599999999996e-02
3.7322252252252253e+00	7.0602100000000001e-02
3.7322262262262265e+00	7.0593500000000003e-02
3.7322272272272272e+00	7.0584999999999995e-02
3.7322282282282284e+00	7.0576500000000000e-02
3.7322292292292296e+00	7.0567900000000003e-02
3.7322302302302304e+00	7.0559300000000005e-02
3.7322312312312316e+00	7.0550699999999994e-02
3.7322322322322323e+00	7.0542099999999996e-02
3.7322332332332335e+00	7.0533499999999999e-02
3.7322342342342343e+00	7.0524900000000001e-02
3.7322352352352355e+00	7.0516300000000004e-02
3.7322362362362362e+00	7.0507700000000006e-02
3.7322372372372374e+00	7.0499000000000006e-02
3.7322382382382386e+00	7.0490399999999995e-02
3.7322392392392394e+00	7.0481699999999994e-02
3.7322402402402406e+00	7.0472999999999994e-02
3.7322412412412413e+00	7.0464299999999994e-02
3.7322422422422425e+00	7.0455599999999993e-02
3.7322432432432433e+00	7.0446900000000007e-02
3.7322442442442445e+00	7.0438200000000006e-02
3.7322452452452453e+00	7.0429400000000003e-02
3.7322462462462465e+00	7.0420700000000003e-02
3.7322472472472472e+00	7.0411899999999999e-02
3.7322482482482484e+00	7.0403099999999996e-02
3.7322492492492496e+00	7.0394399999999996e-02
3.7322502502502504e+00	7.0385600000000006e-02
3.7322512512512516e+00	7.0376700000000000e-02
3.7322522522522523e+00	7.0367899999999997e-02
3.7322532532532535e+00	7.0359099999999994e-02
3.7322542542542543e+00	7.0350200000000002e-02
3.7322552552552555e+00	7.0341299999999995e-02
3.7322562562562562e+00	7.0332500000000006e-02
3.7322572572572574e+00	7.0323600000000000e-02
3.7322582582582586e+00	7.0314699999999994e-02
3.7322592592592594e+00	7.0305699999999999e-02
3.7322602602602606e+00	7.0296800000000007e-02
3.7322612612612613e+00	7.0287900000000000e-02
3.7322622622622625e+00	7.0278900000000005e-02
3.7322632632632633e+00	7.0269899999999996e-02
3.7322642642642645e+00	7.0260900000000001e-02
3.7322652652652653e+00	7.0251900000000006e-02
3.7322662662662665e+00	7.0242899999999997e-02
3.7322672672672677e+00	7.0233799999999999e-02
3.7322682682682684e+00	7.0224800000000004e-02
3.7322692692692696e+00	7.0215700000000006e-02
3.7322702702702704e+00	7.0206599999999994e-02
3.7322712712712716e+00	7.0197499999999996e-02
3.7322722722722723e+00	7.0188399999999998e-02
3.7322732732732735e+00	7.0179199999999997e-02
3.7322742742742743e+00	7.0170099999999999e-02
3.7322752752752755e+00	7.0160899999999998e-02
3.7322762762762767e+00	7.0151699999999997e-02
3.7322772772772774e+00	7.0142499999999997e-02
3.7322782782782786e+00	7.0133299999999996e-02
3.7322792792792794e+00	7.0124099999999995e-02
3.7322802802802806e+00	7.0114800000000005e-02
3.7322812812812813e+00	7.0105500000000001e-02
3.7322822822822825e+00	7.0096199999999997e-02
3.7322832832832833e+00	7.0086899999999994e-02
3.7322842842842845e+00	7.0077600000000004e-02
3.7322852852852852e+00	7.0068199999999997e-02
3.7322862862862864e+00	7.0058800000000004e-02
3.7322872872872876e+00	7.0049500000000001e-02
3.7322882882882884e+00	7.0040000000000005e-02
3.7322892892892896e+00	7.0030599999999998e-02
3.7322902902902904e+00	7.0021200000000006e-02
3.7322912912912916e+00	7.0011699999999996e-02
3.7322922922922923e+00	7.0002200000000001e-02
3.7322932932932935e+00	6.9992700000000005e-02
3.7322942942942943e+00	6.9983199999999995e-02
3.7322952952952955e+00	6.9973599999999997e-02
3.7322962962962967e+00	6.9963999999999998e-02
3.7322972972972974e+00	6.9954400000000000e-02
3.7322982982982986e+00	6.9944800000000001e-02
3.7322992992992994e+00	6.9935100000000000e-02
3.7323003003003006e+00	6.9925500000000002e-02
3.7323013013013013e+00	6.9915800000000000e-02
3.7323023023023025e+00	6.9906099999999999e-02
3.7323033033033033e+00	6.9896299999999995e-02
3.7323043043043045e+00	6.9886599999999993e-02
3.7323053053053057e+00	6.9876800000000003e-02
3.7323063063063064e+00	6.9866999999999999e-02
3.7323073073073076e+00	6.9857100000000005e-02
3.7323083083083084e+00	6.9847300000000001e-02
3.7323093093093096e+00	6.9837399999999994e-02
3.7323103103103104e+00	6.9827500000000001e-02
3.7323113113113116e+00	6.9817500000000005e-02
3.7323123123123123e+00	6.9807499999999995e-02
3.7323133133133135e+00	6.9797600000000001e-02
3.7323143143143147e+00	6.9787500000000002e-02
3.7323153153153155e+00	6.9777500000000006e-02
3.7323163163163167e+00	6.9767399999999993e-02
3.7323173173173174e+00	6.9757299999999994e-02
3.7323183183183186e+00	6.9747100000000006e-02
3.7323193193193194e+00	6.9736999999999993e-02
3.7323203203203206e+00	6.9726800000000005e-02
3.7323213213213213e+00	6.9716600000000004e-02
3.7323223223223225e+00	6.9706299999999999e-02
3.7323233233233233e+00	6.9695999999999994e-02
3.7323243243243245e+00	6.9685700000000003e-02
3.7323253253253257e+00	6.9675299999999996e-02
3.7323263263263264e+00	6.9664900000000002e-02
3.7323273273273276e+00	6.9654499999999994e-02
3.7323283283283284e+00	6.9644100000000000e-02
3.7323293293293296e+00	6.9633600000000004e-02
3.7323303303303303e+00	6.9623099999999993e-02
3.7323313313313315e+00	6.9612499999999994e-02
3.7323323323323323e+00	6.9601899999999994e-02
3.7323333333333335e+00	6.9591299999999995e-02
3.7323343343343347e+00	6.9580600000000006e-02
3.7323353353353355e+00	6.9569900000000004e-02
3.7323363363363367e+00	6.9559200000000002e-02
3.7323373373373374e+00	6.9548399999999996e-02
3.7323383383383386e+00	6.9537600000000005e-02
3.7323393393393394e+00	6.9526699999999997e-02
3.7323403403403406e+00	6.9515900000000005e-02
3.7323413413413413e+00	6.9504899999999994e-02
3.7323423423423425e+00	6.9493899999999997e-02
3.7323433433433437e+00	6.9482900000000000e-02
3.7323443443443445e+00	6.9471900000000003e-02
3.7323453453453457e+00	6.9460800000000003e-02
3.7323463463463464e+00	6.9449600000000000e-02
3.7323473473473476e+00	6.9438399999999997e-02
3.7323483483483484e+00	6.9427199999999994e-02
3.7323493493493496e+00	6.9415900000000003e-02
3.7323503503503503e+00	6.9404599999999997e-02
3.7323513513513515e+00	6.9393200000000002e-02
3.7323523523523523e+00	6.9381799999999993e-02
3.7323533533533535e+00	6.9370299999999996e-02
3.7323543543543547e+00	6.9358799999999998e-02
3.7323553553553555e+00	6.9347199999999998e-02
3.7323563563563567e+00	6.9335599999999997e-02
3.7323573573573574e+00	6.9323899999999994e-02
3.7323583583583586e+00	6.9312200000000004e-02
3.7323593593593594e+00	6.9300399999999998e-02
3.7323603603603606e+00	6.9288600000000006e-02
3.7323613613613613e+00	6.9276699999999997e-02
3.7323623623623625e+00	6.9264699999999998e-02
3.7323633633633637e+00	6.9252700000000000e-02
3.7323643643643645e+00	6.9240700000000002e-02
3.7323653653653657e+00	6.9228600000000001e-02
3.7323663663663664e+00	6.9216399999999997e-02
3.7323673673673676e+00	6.9204100000000005e-02
3.7323683683683684e+00	6.9191799999999998e-02
3.7323693693693696e+00	6.9179500000000005e-02
3.7323703703703703e+00	6.9167000000000006e-02
3.7323713713713715e+00	6.9154499999999994e-02
3.7323723723723727e+00	6.9141999999999995e-02
3.7323733733733735e+00	6.9129300000000005e-02
3.7323743743743747e+00	6.9116600000000000e-02
3.7323753753753754e+00	6.9103800000000007e-02
3.7323763763763766e+00	6.9091000000000000e-02
3.7323773773773774e+00	6.9078100000000003e-02
3.7323783783783786e+00	6.9065100000000004e-02
3.7323793793793794e+00	6.9052000000000002e-02
3.7323803803803806e+00	6.9038900000000000e-02
3.7323813813813818e+00	6.9025600000000006e-02
3.7323823823823825e+00	6.9012299999999999e-02
3.7323833833833837e+00	6.8999000000000005e-02
3.7323843843843845e+00	6.8985500000000005e-02
3.7323853853853857e+00	6.8971900000000003e-02
3.7323863863863864e+00	6.8958300000000000e-02
3.7323873873873876e+00	6.8944599999999995e-02
3.7323883883883884e+00	6.8930699999999998e-02
3.7323893893893896e+00	6.8916800000000000e-02
3.7323903903903903e+00	6.8902800000000000e-02
3.7323913913913915e+00	6.8888699999999997e-02
3.7323923923923927e+00	6.8874500000000005e-02
3.7323933933933935e+00	6.8860299999999999e-02
3.7323943943943947e+00	6.8845900000000002e-02
3.7323953953953954e+00	6.8831400000000001e-02
3.7323963963963966e+00	6.8816799999999997e-02
3.7323973973973974e+00	6.8802100000000005e-02
3.7323983983983986e+00	6.8787200000000007e-02
3.7323993993993994e+00	6.8772299999999995e-02
3.7324004004004006e+00	6.8757299999999993e-02
3.7324014014014018e+00	6.8742100000000000e-02
3.7324024024024025e+00	6.8726800000000005e-02
3.7324034034034037e+00	6.8711400000000006e-02
3.7324044044044045e+00	6.8695900000000004e-02
3.7324054054054057e+00	6.8680300000000000e-02
3.7324064064064064e+00	6.8664500000000003e-02
3.7324074074074076e+00	6.8648600000000004e-02
3.7324084084084084e+00	6.8632499999999999e-02
3.7324094094094096e+00	6.8616300000000005e-02
3.7324104104104108e+00	6.8599999999999994e-02
3.7324114114114115e+00	6.8583500000000006e-02
3.7324124124124127e+00	6.8566900000000000e-02
3.7324134134134135e+00	6.8550100000000003e-02
3.7324144144144147e+00	6.8533200000000002e-02
3.7324154154154154e+00	6.8516099999999996e-02
3.7324164164164166e+00	6.8498900000000001e-02
3.7324174174174174e+00	6.8481500000000001e-02
3.7324184184184186e+00	6.8463899999999994e-02
3.7324194194194198e+00	6.8446199999999999e-02
3.7324204204204205e+00	6.8428199999999995e-02
3.7324214214214217e+00	6.8410100000000001e-02
3.7324224224224225e+00	6.8391800000000003e-02
3.7324234234234237e+00	6.8373299999999998e-02
3.7324244244244245e+00	6.8354700000000004e-02
3.7324254254254257e+00	6.8335800000000002e-02
3.7324264264264264e+00	6.8316699999999994e-02
3.7324274274274276e+00	6.8297399999999994e-02
3.7324284284284284e+00	6.8277900000000002e-02
3.7324294294294296e+00	6.8258100000000002e-02
3.7324304304304308e+00	6.8238099999999996e-02
3.7324314314314315e+00	6.8217899999999998e-02
3.7324324324324327e+00	6.8197499999999994e-02
3.7324334334334335e+00	6.8176799999999996e-02
3.7324344344344347e+00	6.8155900000000005e-02
3.7324354354354354e+00	6.8134600000000003e-02
3.7324364364364366e+00	6.8113199999999999e-02
3.7324374374374374e+00	6.8091399999999996e-02
3.7324384384384386e+00	6.8069400000000002e-02
3.7324394394394398e+00	6.8047099999999999e-02
3.7324404404404405e+00	6.8024399999999999e-02
3.7324414414414417e+00	6.8001500000000006e-02
3.7324424424424425e+00	6.7978300000000005e-02
3.7324434434434437e+00	6.7954700000000007e-02
3.7324444444444445e+00	6.7930800000000000e-02
3.7324454454454457e+00	6.7906499999999995e-02
3.7324464464464464e+00	6.7881899999999995e-02
3.7324474474474476e+00	6.7856899999999998e-02
3.7324484484484488e+00	6.7831600000000006e-02
3.7324494494494496e+00	6.7805799999999999e-02
3.7324504504504508e+00	6.7779699999999998e-02
3.7324514514514515e+00	6.7753099999999997e-02
3.7324524524524527e+00	6.7726099999999997e-02
3.7324534534534535e+00	6.7698599999999998e-02
3.7324544544544547e+00	6.7670700000000000e-02
3.7324554554554554e+00	6.7642400000000005e-02
3.7324564564564566e+00	6.7613500000000007e-02
3.7324574574574578e+00	6.7584099999999994e-02
3.7324584584584586e+00	6.7554199999999995e-02
3.7324594594594598e+00	6.7523799999999995e-02
3.7324604604604605e+00	6.7492800000000006e-02
3.7324614614614617e+00	6.7461199999999999e-02
3.7324624624624625e+00	6.7429000000000003e-02
3.7324634634634637e+00	6.7396200000000003e-02
3.7324644644644644e+00	6.7362699999999998e-02
3.7324654654654656e+00	6.7328600000000002e-02
3.7324664664664664e+00	6.7293699999999998e-02
3.7324674674674676e+00	6.7258200000000004e-02
3.7324684684684688e+00	6.7221900000000001e-02
3.7324694694694696e+00	6.7184800000000003e-02
3.7324704704704708e+00	6.7146800000000006e-02
3.7324714714714715e+00	6.7108100000000004e-02
3.7324724724724727e+00	6.7068400000000000e-02
3.7324734734734735e+00	6.7027900000000001e-02
3.7324744744744747e+00	6.6986299999999999e-02
3.7324754754754754e+00	6.6943799999999998e-02
3.7324764764764766e+00	6.6900299999999996e-02
3.7324774774774778e+00	6.6855600000000001e-02
3.7324784784784786e+00	6.6809800000000003e-02
3.7324794794794798e+00	6.6762799999999997e-02
3.7324804804804805e+00	6.6714599999999999e-02
3.7324814814814817e+00	6.6665000000000002e-02
3.7324824824824825e+00	6.6614099999999996e-02
3.7324834834834837e+00	6.6561800000000004e-02
3.7324844844844844e+00	6.6507999999999998e-02
3.7324854854854856e+00	6.6452499999999998e-02
3.7324864864864868e+00	6.6395499999999996e-02
3.7324874874874876e+00	6.6336599999999996e-02
3.7324884884884888e+00	6.6276000000000002e-02
3.7324894894894896e+00	6.6213400000000006e-02
3.7324904904904908e+00	6.6148700000000005e-02
3.7324914914914915e+00	6.6081899999999999e-02
3.7324924924924927e+00	6.6012899999999999e-02
3.7324934934934935e+00	6.5941399999999997e-02
3.7324944944944947e+00	6.5867300000000004e-02
3.7324954954954959e+00	6.5790600000000005e-02
3.7324964964964966e+00	6.5711000000000006e-02
3.7324974974974978e+00	6.5628300000000001e-02
3.7324984984984986e+00	6.5542400000000001e-02
3.7324994994994998e+00	6.5452999999999997e-02
3.7325005005005005e+00	6.5360000000000001e-02
3.7325015015015017e+00	6.5263000000000002e-02
3.7325025025025025e+00	6.5161800000000006e-02
3.7325035035035037e+00	6.5056000000000003e-02
3.7325045045045044e+00	6.4945500000000003e-02
3.7325055055055056e+00	6.4829700000000004e-02
3.7325065065065068e+00	6.4708199999999994e-02
3.7325075075075076e+00	6.4580799999999994e-02
3.7325085085085088e+00	6.4446699999999996e-02
3.7325095095095095e+00	6.4305600000000004e-02
3.7325105105105107e+00	6.4156800000000000e-02
3.7325115115115115e+00	6.3999500000000001e-02
3.7325125125125127e+00	6.3833200000000007e-02
3.7325135135135135e+00	6.3656799999999999e-02
3.7325145145145147e+00	6.3469399999999995e-02
3.7325155155155159e+00	6.3269900000000004e-02
3.7325165165165166e+00	6.3057100000000005e-02
3.7325175175175178e+00	6.2829499999999996e-02
3.7325185185185186e+00	6.2585399999999999e-02
3.7325195195195198e+00	6.2323099999999999e-02
3.7325205205205205e+00	6.2040199999999997e-02
3.7325215215215217e+00	6.1734299999999999e-02
3.7325225225225225e+00	6.1402199999999997e-02
3.7325235235235237e+00	6.1040499999999998e-02
3.7325245245245249e+00	6.0644900000000002e-02
3.7325255255255256e+00	6.0210199999999998e-02
3.7325265265265268e+00	5.9730400000000003e-02
3.7325275275275276e+00	5.9197899999999998e-02
3.7325285285285288e+00	5.8603400000000000e-02
3.7325295295295295e+00	5.7935199999999999e-02
3.7325305305305307e+00	5.7178699999999999e-02
3.7325315315315315e+00	5.6314999999999997e-02
3.7325325325325327e+00	5.5319399999999998e-02
3.7325335335335339e+00	5.4159100000000002e-02
3.7325345345345347e+00	5.2789599999999999e-02
3.7325355355355359e+00	5.1148699999999998e-02
3.7325365365365366e+00	4.9147400000000001e-02
3.7325375375375378e+00	4.6653500000000001e-02
3.7325385385385386e+00	4.3463200000000000e-02
3.7325395395395398e+00	3.9247100000000000e-02
3.7325405405405405e+00	3.3445999999999997e-02
3.7325415415415417e+00	2.5078699999999999e-02
3.7325425425425425e+00	1.2641100000000001e-02
3.7325435435435437e+00	8.5927100000000006e-06
3.7325445445445449e+00	3.5585000000000000e-01
3.7325455455455456e+00	4.3283800000000000e-01
3.7325465465465468e+00	2.0274700000000001e-01
3.7325475475475476e+00	1.4753300000000000e-01
3.7325485485485488e+00	1.2409000000000001e-01
3.7325495495495495e+00	1.1129699999999999e-01
3.7325505505505507e+00	1.0327900000000000e-01
3.7325515515515515e+00	9.7795300000000002e-02
3.7325525525525527e+00	9.3812400000000004e-02
3.7325535535535539e+00	9.0790099999999999e-02
3.7325545545545546e+00	8.8418700000000003e-02
3.7325555555555558e+00	8.6508699999999994e-02
3.7325565565565566e+00	8.4937399999999996e-02
3.7325575575575578e+00	8.3621899999999999e-02
3.7325585585585586e+00	8.2504300000000003e-02
3.7325595595595598e+00	8.1543000000000004e-02
3.7325605605605605e+00	8.0707200000000007e-02
3.7325615615615617e+00	7.9973799999999998e-02
3.7325625625625629e+00	7.9324900000000004e-02
3.7325635635635637e+00	7.8746499999999997e-02
3.7325645645645649e+00	7.8227800000000000e-02
3.7325655655655656e+00	7.7759800000000004e-02
3.7325665665665668e+00	7.7335399999999999e-02
3.7325675675675676e+00	7.6948600000000006e-02
3.7325685685685688e+00	7.6594599999999999e-02
3.7325695695695695e+00	7.6269400000000001e-02
3.7325705705705707e+00	7.5969499999999995e-02
3.7325715715715719e+00	7.5692099999999998e-02
3.7325725725725727e+00	7.5434500000000002e-02
3.7325735735735739e+00	7.5194800000000006e-02
3.7325745745745746e+00	7.4971099999999999e-02
3.7325755755755758e+00	7.4761800000000003e-02
3.7325765765765766e+00	7.4565500000000007e-02
3.7325775775775778e+00	7.4381100000000006e-02
3.7325785785785786e+00	7.4207300000000004e-02
3.7325795795795798e+00	7.4043399999999995e-02
3.7325805805805805e+00	7.3888400000000007e-02
3.7325815815815817e+00	7.3741600000000004e-02
3.7325825825825829e+00	7.3602399999999998e-02
3.7325835835835837e+00	7.3470099999999997e-02
3.7325845845845849e+00	7.3344300000000001e-02
3.7325855855855856e+00	7.3224399999999995e-02
3.7325865865865868e+00	7.3109999999999994e-02
3.7325875875875876e+00	7.3000800000000005e-02
3.7325885885885888e+00	7.2896299999999997e-02
3.7325895895895895e+00	7.2796200000000005e-02
3.7325905905905907e+00	7.2700299999999995e-02
3.7325915915915919e+00	7.2608300000000001e-02
3.7325925925925927e+00	7.2519899999999998e-02
3.7325935935935939e+00	7.2434899999999997e-02
3.7325945945945946e+00	7.2353200000000006e-02
3.7325955955955958e+00	7.2274400000000003e-02
3.7325965965965966e+00	7.2198399999999996e-02
3.7325975975975978e+00	7.2125200000000000e-02
3.7325985985985985e+00	7.2054400000000005e-02
3.7325995995995997e+00	7.1985999999999994e-02
3.7326006006006009e+00	7.1919899999999995e-02
3.7326016016016017e+00	7.1855900000000000e-02
3.7326026026026029e+00	7.1793899999999994e-02
3.7326036036036037e+00	7.1733800000000000e-02
3.7326046046046049e+00	7.1675500000000003e-02
3.7326056056056056e+00	7.1619000000000002e-02
3.7326066066066068e+00	7.1564100000000005e-02
3.7326076076076076e+00	7.1510799999999999e-02
3.7326086086086088e+00	7.1458900000000006e-02
3.7326096096096100e+00	7.1408500000000000e-02
3.7326106106106107e+00	7.1359400000000003e-02
3.7326116116116119e+00	7.1311600000000003e-02
3.7326126126126127e+00	7.1265099999999998e-02
3.7326136136136139e+00	7.1219699999999997e-02
3.7326146146146146e+00	7.1175400000000000e-02
3.7326156156156158e+00	7.1132299999999996e-02
3.7326166166166166e+00	7.1090100000000003e-02
3.7326176176176178e+00	7.1049000000000001e-02
3.7326186186186185e+00	7.1008799999999997e-02
3.7326196196196197e+00	7.0969500000000005e-02
3.7326206206206209e+00	7.0931099999999997e-02
3.7326216216216217e+00	7.0893600000000001e-02
3.7326226226226229e+00	7.0856799999999998e-02
3.7326236236236237e+00	7.0820900000000006e-02
3.7326246246246249e+00	7.0785600000000004e-02
3.7326256256256256e+00	7.0751099999999997e-02
3.7326266266266268e+00	7.0717299999999997e-02
3.7326276276276276e+00	7.0684200000000003e-02
3.7326286286286288e+00	7.0651699999999998e-02
3.7326296296296300e+00	7.0619799999999996e-02
3.7326306306306307e+00	7.0588499999999998e-02
3.7326316316316319e+00	7.0557800000000004e-02
3.7326326326326327e+00	7.0527699999999999e-02
3.7326336336336339e+00	7.0498099999999994e-02
3.7326346346346346e+00	7.0469000000000004e-02
3.7326356356356358e+00	7.0440500000000003e-02
3.7326366366366366e+00	7.0412400000000000e-02
3.7326376376376378e+00	7.0384799999999997e-02
3.7326386386386390e+00	7.0357600000000006e-02
3.7326396396396397e+00	7.0330900000000002e-02
3.7326406406406409e+00	7.0304599999999995e-02
3.7326416416416417e+00	7.0278700000000000e-02
3.7326426426426429e+00	7.0253300000000005e-02
3.7326436436436436e+00	7.0228200000000005e-02
3.7326446446446448e+00	7.0203500000000002e-02
3.7326456456456456e+00	7.0179199999999997e-02
3.7326466466466468e+00	7.0155200000000001e-02
3.7326476476476480e+00	7.0131600000000002e-02
3.7326486486486488e+00	7.0108299999999998e-02
3.7326496496496500e+00	7.0085300000000003e-02
3.7326506506506507e+00	7.0062700000000006e-02
3.7326516516516519e+00	7.0040300000000000e-02
3.7326526526526527e+00	7.0018300000000006e-02
3.7326536536536539e+00	6.9996500000000003e-02
3.7326546546546546e+00	6.9975099999999998e-02
3.7326556556556558e+00	6.9953899999999999e-02
3.7326566566566566e+00	6.9932900000000006e-02
3.7326576576576578e+00	6.9912299999999997e-02
3.7326586586586590e+00	6.9891900000000007e-02
3.7326596596596597e+00	6.9871699999999995e-02
3.7326606606606609e+00	6.9851800000000006e-02
3.7326616616616617e+00	6.9832099999999994e-02
3.7326626626626629e+00	6.9812600000000002e-02
3.7326636636636636e+00	6.9793400000000005e-02
3.7326646646646648e+00	6.9774400000000000e-02
3.7326656656656656e+00	6.9755600000000001e-02
3.7326666666666668e+00	6.9736999999999993e-02
3.7326676676676680e+00	6.9718600000000006e-02
3.7326686686686688e+00	6.9700399999999996e-02
3.7326696696696700e+00	6.9682400000000005e-02
3.7326706706706707e+00	6.9664500000000004e-02
3.7326716716716719e+00	6.9646899999999998e-02
3.7326726726726727e+00	6.9629399999999994e-02
3.7326736736736739e+00	6.9612099999999996e-02
3.7326746746746746e+00	6.9595000000000004e-02
3.7326756756756758e+00	6.9578100000000004e-02
3.7326766766766770e+00	6.9561300000000006e-02
3.7326776776776778e+00	6.9544700000000001e-02
3.7326786786786790e+00	6.9528199999999998e-02
3.7326796796796797e+00	6.9511900000000001e-02
3.7326806806806809e+00	6.9495699999999994e-02
3.7326816816816817e+00	6.9479700000000005e-02
3.7326826826826829e+00	6.9463800000000006e-02
3.7326836836836836e+00	6.9447999999999996e-02
3.7326846846846848e+00	6.9432400000000005e-02
3.7326856856856856e+00	6.9416900000000004e-02
3.7326866866866868e+00	6.9401599999999994e-02
3.7326876876876880e+00	6.9386400000000001e-02
3.7326886886886887e+00	6.9371299999999997e-02
3.7326896896896899e+00	6.9356299999999996e-02
3.7326906906906907e+00	6.9341500000000000e-02
3.7326916916916919e+00	6.9326700000000005e-02
3.7326926926926927e+00	6.9312100000000001e-02
3.7326936936936939e+00	6.9297600000000001e-02
3.7326946946946946e+00	6.9283200000000003e-02
3.7326956956956958e+00	6.9268899999999994e-02
3.7326966966966970e+00	6.9254800000000005e-02
3.7326976976976978e+00	6.9240700000000002e-02
3.7326986986986990e+00	6.9226700000000002e-02
3.7326996996996997e+00	6.9212800000000005e-02
3.7327007007007009e+00	6.9199099999999999e-02
3.7327017017017017e+00	6.9185399999999994e-02
3.7327027027027029e+00	6.9171800000000006e-02
3.7327037037037036e+00	6.9158300000000006e-02
3.7327047047047048e+00	6.9144899999999995e-02
3.7327057057057060e+00	6.9131600000000001e-02
3.7327067067067068e+00	6.9118399999999997e-02
3.7327077077077080e+00	6.9105200000000006e-02
3.7327087087087087e+00	6.9092200000000006e-02
3.7327097097097099e+00	6.9079199999999993e-02
3.7327107107107107e+00	6.9066299999999997e-02
3.7327117117117119e+00	6.9053500000000004e-02
3.7327127127127127e+00	6.9040799999999999e-02
3.7327137137137139e+00	6.9028199999999998e-02
3.7327147147147151e+00	6.9015599999999996e-02
3.7327157157157158e+00	6.9003099999999998e-02
3.7327167167167170e+00	6.8990700000000002e-02
3.7327177177177178e+00	6.8978300000000006e-02
3.7327187187187190e+00	6.8966000000000000e-02
3.7327197197197197e+00	6.8953799999999996e-02
3.7327207207207209e+00	6.8941699999999995e-02
3.7327217217217217e+00	6.8929599999999994e-02
3.7327227227227229e+00	6.8917599999999996e-02
3.7327237237237236e+00	6.8905599999999997e-02
3.7327247247247248e+00	6.8893700000000002e-02
3.7327257257257260e+00	6.8881899999999996e-02
3.7327267267267268e+00	6.8870200000000006e-02
3.7327277277277280e+00	6.8858500000000003e-02
3.7327287287287287e+00	6.8846800000000000e-02
3.7327297297297299e+00	6.8835300000000002e-02
3.7327307307307307e+00	6.8823700000000002e-02
3.7327317317317319e+00	6.8812300000000007e-02
3.7327327327327327e+00	6.8800899999999998e-02
3.7327337337337338e+00	6.8789500000000003e-02
3.7327347347347350e+00	6.8778199999999998e-02
3.7327357357357358e+00	6.8766999999999995e-02
3.7327367367367370e+00	6.8755800000000006e-02
3.7327377377377378e+00	6.8744700000000006e-02
3.7327387387387390e+00	6.8733600000000006e-02
3.7327397397397397e+00	6.8722500000000006e-02
3.7327407407407409e+00	6.8711499999999995e-02
3.7327417417417417e+00	6.8700600000000001e-02
3.7327427427427429e+00	6.8689700000000006e-02
3.7327437437437441e+00	6.8678900000000001e-02
3.7327447447447448e+00	6.8668099999999996e-02
3.7327457457457460e+00	6.8657300000000004e-02
3.7327467467467468e+00	6.8646600000000002e-02
3.7327477477477480e+00	6.8636000000000003e-02
3.7327487487487487e+00	6.8625400000000003e-02
3.7327497497497499e+00	6.8614800000000004e-02
3.7327507507507507e+00	6.8604299999999993e-02
3.7327517517517519e+00	6.8593799999999996e-02
3.7327527527527531e+00	6.8583300000000000e-02
3.7327537537537538e+00	6.8572900000000006e-02
3.7327547547547550e+00	6.8562600000000001e-02
3.7327557557557558e+00	6.8552199999999994e-02
3.7327567567567570e+00	6.8542000000000006e-02
3.7327577577577578e+00	6.8531700000000001e-02
3.7327587587587590e+00	6.8521499999999999e-02
3.7327597597597597e+00	6.8511299999999997e-02
3.7327607607607609e+00	6.8501199999999998e-02
3.7327617617617617e+00	6.8491099999999999e-02
3.7327627627627629e+00	6.8481000000000000e-02
3.7327637637637641e+00	6.8471000000000004e-02
3.7327647647647648e+00	6.8460999999999994e-02
3.7327657657657660e+00	6.8451100000000001e-02
3.7327667667667668e+00	6.8441199999999994e-02
3.7327677677677680e+00	6.8431300000000000e-02
3.7327687687687687e+00	6.8421399999999993e-02
3.7327697697697699e+00	6.8411600000000003e-02
3.7327707707707707e+00	6.8401799999999999e-02
3.7327717717717719e+00	6.8392099999999997e-02
3.7327727727727731e+00	6.8382299999999993e-02
3.7327737737737738e+00	6.8372699999999995e-02
3.7327747747747750e+00	6.8362999999999993e-02
3.7327757757757758e+00	6.8353399999999995e-02
3.7327767767767770e+00	6.8343799999999996e-02
3.7327777777777778e+00	6.8334199999999998e-02
3.7327787787787789e+00	6.8324700000000002e-02
3.7327797797797797e+00	6.8315200000000006e-02
3.7327807807807809e+00	6.8305699999999997e-02
3.7327817817817821e+00	6.8296200000000001e-02
3.7327827827827829e+00	6.8286799999999995e-02
3.7327837837837841e+00	6.8277400000000002e-02
3.7327847847847848e+00	6.8267999999999995e-02
3.7327857857857860e+00	6.8258700000000005e-02
3.7327867867867868e+00	6.8249400000000002e-02
3.7327877877877880e+00	6.8240099999999998e-02
3.7327887887887887e+00	6.8230799999999994e-02
3.7327897897897899e+00	6.8221599999999993e-02
3.7327907907907911e+00	6.8212400000000006e-02
3.7327917917917919e+00	6.8203200000000005e-02
3.7327927927927931e+00	6.8194000000000005e-02
3.7327937937937938e+00	6.8184900000000007e-02
3.7327947947947950e+00	6.8175799999999995e-02
3.7327957957957958e+00	6.8166699999999997e-02
3.7327967967967970e+00	6.8157599999999999e-02
3.7327977977977977e+00	6.8148600000000004e-02
3.7327987987987989e+00	6.8139500000000006e-02
3.7327997997997997e+00	6.8130499999999997e-02
3.7328008008008009e+00	6.8121600000000004e-02
3.7328018018018021e+00	6.8112599999999995e-02
3.7328028028028029e+00	6.8103700000000003e-02
3.7328038038038041e+00	6.8094799999999997e-02
3.7328048048048048e+00	6.8085900000000005e-02
3.7328058058058060e+00	6.8076999999999999e-02
3.7328068068068068e+00	6.8068199999999995e-02
3.7328078078078080e+00	6.8059400000000006e-02
3.7328088088088087e+00	6.8050600000000003e-02
3.7328098098098099e+00	6.8041800000000000e-02
3.7328108108108111e+00	6.8032999999999996e-02
3.7328118118118119e+00	6.8024299999999996e-02
3.7328128128128131e+00	6.8015599999999996e-02
3.7328138138138138e+00	6.8006899999999995e-02
3.7328148148148150e+00	6.7998199999999995e-02
3.7328158158158158e+00	6.7989499999999994e-02
3.7328168168168170e+00	6.7980899999999997e-02
3.7328178178178177e+00	6.7972199999999997e-02
3.7328188188188189e+00	6.7963599999999999e-02
3.7328198198198201e+00	6.7955100000000004e-02
3.7328208208208209e+00	6.7946500000000007e-02
3.7328218218218221e+00	6.7937899999999996e-02
3.7328228228228229e+00	6.7929400000000001e-02
3.7328238238238240e+00	6.7920900000000006e-02
3.7328248248248248e+00	6.7912399999999998e-02
3.7328258258258260e+00	6.7903900000000003e-02
3.7328268268268268e+00	6.7895399999999995e-02
3.7328278278278280e+00	6.7887000000000003e-02
3.7328288288288292e+00	6.7878599999999997e-02
3.7328298298298299e+00	6.7870100000000003e-02
3.7328308308308311e+00	6.7861699999999997e-02
3.7328318318318319e+00	6.7853399999999994e-02
3.7328328328328331e+00	6.7845000000000003e-02
3.7328338338338338e+00	6.7836700000000000e-02
3.7328348348348350e+00	6.7828299999999994e-02
3.7328358358358358e+00	6.7820000000000005e-02
3.7328368368368370e+00	6.7811700000000003e-02
3.7328378378378377e+00	6.7803400000000000e-02
3.7328388388388389e+00	6.7795099999999997e-02
3.7328398398398401e+00	6.7786899999999997e-02
3.7328408408408409e+00	6.7778599999999994e-02
3.7328418418418421e+00	6.7770399999999995e-02
3.7328428428428428e+00	6.7762199999999995e-02
3.7328438438438440e+00	6.7753999999999995e-02
3.7328448448448448e+00	6.7745799999999995e-02
3.7328458458458460e+00	6.7737699999999998e-02
3.7328468468468468e+00	6.7729499999999998e-02
3.7328478478478480e+00	6.7721400000000001e-02
3.7328488488488492e+00	6.7713200000000001e-02
3.7328498498498499e+00	6.7705100000000004e-02
3.7328508508508511e+00	6.7696999999999993e-02
3.7328518518518519e+00	6.7688899999999996e-02
3.7328528528528531e+00	6.7680900000000002e-02
3.7328538538538538e+00	6.7672800000000005e-02
3.7328548548548550e+00	6.7664799999999997e-02
3.7328558558558558e+00	6.7656700000000000e-02
3.7328568568568570e+00	6.7648700000000006e-02
3.7328578578578582e+00	6.7640699999999998e-02
3.7328588588588589e+00	6.7632700000000004e-02
3.7328598598598601e+00	6.7624699999999996e-02
3.7328608608608609e+00	6.7616700000000002e-02
3.7328618618618621e+00	6.7608799999999997e-02
3.7328628628628628e+00	6.7600800000000003e-02
3.7328638638638640e+00	6.7592899999999997e-02
3.7328648648648648e+00	6.7585000000000006e-02
3.7328658658658660e+00	6.7577100000000001e-02
3.7328668668668672e+00	6.7569199999999996e-02
3.7328678678678680e+00	6.7561300000000005e-02
3.7328688688688691e+00	6.7553400000000000e-02
3.7328698698698699e+00	6.7545599999999997e-02
3.7328708708708711e+00	6.7537700000000006e-02
3.7328718718718719e+00	6.7529900000000004e-02
3.7328728728728731e+00	6.7521999999999999e-02
3.7328738738738738e+00	6.7514199999999996e-02
3.7328748748748750e+00	6.7506399999999994e-02
3.7328758758758758e+00	6.7498600000000006e-02
3.7328768768768770e+00	6.7490800000000004e-02
3.7328778778778782e+00	6.7483000000000001e-02
3.7328788788788789e+00	6.7475300000000002e-02
3.7328798798798801e+00	6.7467500000000000e-02
3.7328808808808809e+00	6.7459800000000000e-02
3.7328818818818821e+00	6.7452100000000001e-02
3.7328828828828828e+00	6.7444299999999999e-02
3.7328838838838840e+00	6.7436599999999999e-02
3.7328848848848848e+00	6.7428900000000000e-02
3.7328858858858860e+00	6.7421200000000001e-02
3.7328868868868872e+00	6.7413500000000001e-02
3.7328878878878879e+00	6.7405900000000005e-02
3.7328888888888891e+00	6.7398200000000005e-02
3.7328898898898899e+00	6.7390599999999995e-02
3.7328908908908911e+00	6.7382899999999996e-02
3.7328918918918919e+00	6.7375299999999999e-02
3.7328928928928931e+00	6.7367700000000003e-02
3.7328938938938938e+00	6.7360000000000003e-02
3.7328948948948950e+00	6.7352400000000007e-02
3.7328958958958962e+00	6.7344799999999996e-02
3.7328968968968970e+00	6.7337200000000000e-02
3.7328978978978982e+00	6.7329700000000006e-02
3.7328988988988989e+00	6.7322099999999996e-02
3.7328998998999001e+00	6.7314499999999999e-02
3.7329009009009009e+00	6.7307000000000006e-02
3.7329019019019021e+00	6.7299499999999998e-02
3.7329029029029028e+00	6.7291900000000002e-02
3.7329039039039040e+00	6.7284399999999994e-02
3.7329049049049052e+00	6.7276900000000001e-02
3.7329059059059060e+00	6.7269399999999993e-02
3.7329069069069072e+00	6.7261899999999999e-02
3.7329079079079079e+00	6.7254400000000006e-02
3.7329089089089091e+00	6.7246899999999998e-02
3.7329099099099099e+00	6.7239400000000005e-02
3.7329109109109111e+00	6.7232000000000000e-02
3.7329119119119119e+00	6.7224500000000006e-02
3.7329129129129131e+00	6.7217100000000002e-02
3.7329139139139138e+00	6.7209599999999994e-02
3.7329149149149150e+00	6.7202200000000004e-02
3.7329159159159162e+00	6.7194799999999999e-02
3.7329169169169170e+00	6.7187300000000005e-02
3.7329179179179182e+00	6.7179900000000001e-02
3.7329189189189189e+00	6.7172499999999996e-02
3.7329199199199201e+00	6.7165100000000005e-02
3.7329209209209209e+00	6.7157800000000004e-02
3.7329219219219221e+00	6.7150399999999999e-02
3.7329229229229228e+00	6.7142999999999994e-02
3.7329239239239240e+00	6.7135600000000004e-02
3.7329249249249252e+00	6.7128300000000002e-02
3.7329259259259260e+00	6.7120899999999997e-02
3.7329269269269272e+00	6.7113599999999995e-02
3.7329279279279279e+00	6.7106299999999994e-02
3.7329289289289291e+00	6.7098900000000003e-02
3.7329299299299299e+00	6.7091600000000001e-02
3.7329309309309311e+00	6.7084299999999999e-02
3.7329319319319318e+00	6.7076999999999998e-02
3.7329329329329330e+00	6.7069699999999996e-02
3.7329339339339342e+00	6.7062399999999994e-02
3.7329349349349350e+00	6.7055100000000006e-02
3.7329359359359362e+00	6.7047899999999994e-02
3.7329369369369370e+00	6.7040600000000006e-02
3.7329379379379382e+00	6.7033300000000004e-02
3.7329389389389389e+00	6.7026100000000005e-02
3.7329399399399401e+00	6.7018800000000003e-02
3.7329409409409409e+00	6.7011600000000004e-02
3.7329419419419421e+00	6.7004400000000006e-02
3.7329429429429433e+00	6.6997100000000004e-02
3.7329439439439440e+00	6.6989900000000005e-02
3.7329449449449452e+00	6.6982700000000006e-02
3.7329459459459460e+00	6.6975499999999993e-02
3.7329469469469472e+00	6.6968299999999994e-02
3.7329479479479479e+00	6.6961099999999996e-02
3.7329489489489491e+00	6.6953899999999997e-02
3.7329499499499499e+00	6.6946699999999998e-02
3.7329509509509511e+00	6.6939499999999999e-02
3.7329519519519518e+00	6.6932400000000003e-02
3.7329529529529530e+00	6.6925200000000004e-02
3.7329539539539542e+00	6.6918000000000005e-02
3.7329549549549550e+00	6.6910899999999995e-02
3.7329559559559562e+00	6.6903699999999997e-02
3.7329569569569570e+00	6.6896600000000001e-02
3.7329579579579582e+00	6.6889500000000005e-02
3.7329589589589589e+00	6.6882300000000006e-02
3.7329599599599601e+00	6.6875199999999996e-02
3.7329609609609609e+00	6.6868100000000000e-02
3.7329619619619621e+00	6.6861000000000004e-02
3.7329629629629633e+00	6.6853899999999994e-02
3.7329639639639640e+00	6.6846799999999998e-02
3.7329649649649652e+00	6.6839700000000002e-02
3.7329659659659660e+00	6.6832600000000006e-02
3.7329669669669672e+00	6.6825499999999996e-02
3.7329679679679679e+00	6.6818500000000003e-02
3.7329689689689691e+00	6.6811400000000007e-02
3.7329699699699699e+00	6.6804299999999997e-02
3.7329709709709711e+00	6.6797300000000004e-02
3.7329719719719723e+00	6.6790199999999994e-02
3.7329729729729730e+00	6.6783200000000001e-02
3.7329739739739742e+00	6.6776100000000005e-02
3.7329749749749750e+00	6.6769099999999998e-02
3.7329759759759762e+00	6.6762000000000002e-02
3.7329769769769769e+00	6.6754999999999995e-02
3.7329779779779781e+00	6.6748000000000002e-02
3.7329789789789789e+00	6.6740999999999995e-02
3.7329799799799801e+00	6.6734000000000002e-02
3.7329809809809813e+00	6.6726999999999995e-02
3.7329819819819821e+00	6.6720000000000002e-02
3.7329829829829833e+00	6.6712999999999995e-02
3.7329839839839840e+00	6.6706000000000001e-02
3.7329849849849852e+00	6.6698999999999994e-02
3.7329859859859860e+00	6.6692000000000001e-02
3.7329869869869872e+00	6.6685099999999997e-02
3.7329879879879879e+00	6.6678100000000004e-02
3.7329889889889891e+00	6.6671099999999997e-02
3.7329899899899899e+00	6.6664200000000007e-02
3.7329909909909911e+00	6.6657200000000000e-02
3.7329919919919923e+00	6.6650299999999996e-02
3.7329929929929930e+00	6.6643300000000003e-02
3.7329939939939942e+00	6.6636399999999998e-02
3.7329949949949950e+00	6.6629400000000005e-02
3.7329959959959962e+00	6.6622500000000001e-02
3.7329969969969969e+00	6.6615599999999997e-02
3.7329979979979981e+00	6.6608700000000007e-02
3.7329989989989989e+00	6.6601700000000000e-02
3.7330000000000001e+00	6.6594799999999996e-02
