3.7320000000000002e+00	1.1120099999999999e-04
3.7320050050050053e+00	1.1143100000000000e-04
3.7320100100100104e+00	1.1166200000000000e-04
3.7320150150150151e+00	1.1189299999999999e-04
3.7320200200200202e+00	1.1212500000000000e-04
3.7320250250250253e+00	1.1235800000000000e-04
3.7320300300300304e+00	1.1259200000000000e-04
3.7320350350350351e+00	1.1282599999999999e-04
3.7320400400400402e+00	1.1306099999999999e-04
3.7320450450450453e+00	1.1329700000000000e-04
3.7320500500500504e+00	1.1353300000000000e-04
3.7320550550550551e+00	1.1377000000000000e-04
3.7320600600600602e+00	1.1400800000000000e-04
3.7320650650650653e+00	1.1424600000000000e-04
3.7320700700700704e+00	1.1448500000000000e-04
3.7320750750750751e+00	1.1472500000000000e-04
3.7320800800800802e+00	1.1496600000000000e-04
3.7320850850850853e+00	1.1520700000000000e-04
3.7320900900900904e+00	1.1544900000000000e-04
3.7320950950950955e+00	1.1569200000000000e-04
3.7321001001001002e+00	1.1593499999999999e-04
3.7321051051051053e+00	1.1618000000000000e-04
3.7321101101101104e+00	1.1642500000000000e-04
3.7321151151151155e+00	1.1667000000000001e-04
3.7321201201201202e+00	1.1691700000000001e-04
3.7321251251251253e+00	1.1716400000000001e-04
3.7321301301301304e+00	1.1741199999999999e-04
3.7321351351351355e+00	1.1766100000000000e-04
3.7321401401401402e+00	1.1791000000000000e-04
3.7321451451451453e+00	1.1816100000000000e-04
3.7321501501501504e+00	1.1841200000000000e-04
3.7321551551551555e+00	1.1866400000000000e-04
3.7321601601601602e+00	1.1891600000000000e-04
3.7321651651651653e+00	1.1917000000000000e-04
3.7321701701701704e+00	1.1942400000000000e-04
3.7321751751751755e+00	1.1967900000000000e-04
3.7321801801801802e+00	1.1993399999999999e-04
3.7321851851851853e+00	1.2019100000000000e-04
3.7321901901901904e+00	1.2044800000000000e-04
3.7321951951951955e+00	1.2070699999999999e-04
3.7322002002002006e+00	1.2096599999999999e-04
3.7322052052052053e+00	1.2122500000000001e-04
3.7322102102102104e+00	1.2148600000000000e-04
3.7322152152152155e+00	1.2174800000000000e-04
3.7322202202202206e+00	1.2201000000000001e-04
3.7322252252252253e+00	1.2227300000000000e-04
3.7322302302302304e+00	1.2253700000000001e-04
3.7322352352352355e+00	1.2280200000000001e-04
3.7322402402402406e+00	1.2306700000000001e-04
3.7322452452452453e+00	1.2333400000000001e-04
3.7322502502502504e+00	1.2360100000000001e-04
3.7322552552552555e+00	1.2386999999999999e-04
3.7322602602602606e+00	1.2413900000000000e-04
3.7322652652652653e+00	1.2440899999999999e-04
3.7322702702702704e+00	1.2468000000000001e-04
3.7322752752752755e+00	1.2495099999999999e-04
3.7322802802802806e+00	1.2522400000000001e-04
3.7322852852852857e+00	1.2549800000000001e-04
3.7322902902902904e+00	1.2577199999999999e-04
3.7322952952952955e+00	1.2604700000000001e-04
3.7323003003003006e+00	1.2632400000000001e-04
3.7323053053053057e+00	1.2660100000000000e-04
3.7323103103103104e+00	1.2687899999999999e-04
3.7323153153153155e+00	1.2715799999999999e-04
3.7323203203203206e+00	1.2743800000000001e-04
3.7323253253253257e+00	1.2771899999999999e-04
3.7323303303303303e+00	1.2799999999999999e-04
3.7323353353353355e+00	1.2828300000000000e-04
3.7323403403403406e+00	1.2856700000000000e-04
3.7323453453453457e+00	1.2885100000000000e-04
3.7323503503503503e+00	1.2913700000000001e-04
3.7323553553553555e+00	1.2942400000000000e-04
3.7323603603603606e+00	1.2971099999999999e-04
3.7323653653653657e+00	1.2999999999999999e-04
3.7323703703703708e+00	1.3028900000000001e-04
3.7323753753753754e+00	1.3058000000000001e-04
3.7323803803803806e+00	1.3087099999999999e-04
3.7323853853853857e+00	1.3116300000000000e-04
3.7323903903903908e+00	1.3145700000000000e-04
3.7323953953953954e+00	1.3175099999999999e-04
3.7324004004004006e+00	1.3204699999999999e-04
3.7324054054054057e+00	1.3234299999999999e-04
3.7324104104104108e+00	1.3264099999999999e-04
3.7324154154154154e+00	1.3294000000000001e-04
3.7324204204204205e+00	1.3323900000000000e-04
3.7324254254254257e+00	1.3354000000000000e-04
3.7324304304304308e+00	1.3384200000000001e-04
3.7324354354354354e+00	1.3414400000000000e-04
3.7324404404404405e+00	1.3444800000000001e-04
3.7324454454454457e+00	1.3475299999999999e-04
3.7324504504504508e+00	1.3505900000000001e-04
3.7324554554554559e+00	1.3536599999999999e-04
3.7324604604604605e+00	1.3567399999999999e-04
3.7324654654654656e+00	1.3598399999999999e-04
3.7324704704704708e+00	1.3629399999999999e-04
3.7324754754754759e+00	1.3660500000000001e-04
3.7324804804804805e+00	1.3691800000000001e-04
3.7324854854854856e+00	1.3723199999999999e-04
3.7324904904904908e+00	1.3754600000000000e-04
3.7324954954954959e+00	1.3786199999999999e-04
3.7325005005005005e+00	1.3818000000000001e-04
3.7325055055055056e+00	1.3849800000000000e-04
3.7325105105105107e+00	1.3881700000000001e-04
3.7325155155155159e+00	1.3913799999999999e-04
3.7325205205205205e+00	1.3946000000000000e-04
3.7325255255255256e+00	1.3978200000000000e-04
3.7325305305305307e+00	1.4010699999999999e-04
3.7325355355355359e+00	1.4043200000000001e-04
3.7325405405405405e+00	1.4075800000000000e-04
3.7325455455455456e+00	1.4108600000000001e-04
3.7325505505505507e+00	1.4141499999999999e-04
3.7325555555555558e+00	1.4174500000000001e-04
3.7325605605605610e+00	1.4207600000000001e-04
3.7325655655655656e+00	1.4240900000000000e-04
3.7325705705705707e+00	1.4274300000000000e-04
3.7325755755755758e+00	1.4307799999999999e-04
3.7325805805805810e+00	1.4341399999999999e-04
3.7325855855855856e+00	1.4375200000000000e-04
3.7325905905905907e+00	1.4409100000000000e-04
3.7325955955955958e+00	1.4443099999999999e-04
3.7326006006006009e+00	1.4477300000000000e-04
3.7326056056056056e+00	1.4511500000000000e-04
3.7326106106106107e+00	1.4546000000000001e-04
3.7326156156156158e+00	1.4580499999999999e-04
3.7326206206206209e+00	1.4615200000000001e-04
3.7326256256256256e+00	1.4650000000000001e-04
3.7326306306306307e+00	1.4684900000000000e-04
3.7326356356356358e+00	1.4720000000000000e-04
3.7326406406406409e+00	1.4755200000000001e-04
3.7326456456456460e+00	1.4790499999999999e-04
3.7326506506506507e+00	1.4825999999999999e-04
3.7326556556556558e+00	1.4861700000000000e-04
3.7326606606606609e+00	1.4897399999999999e-04
3.7326656656656660e+00	1.4933300000000000e-04
3.7326706706706707e+00	1.4969399999999999e-04
3.7326756756756758e+00	1.5005600000000000e-04
3.7326806806806809e+00	1.5041900000000000e-04
3.7326856856856860e+00	1.5078400000000000e-04
3.7326906906906907e+00	1.5114999999999999e-04
3.7326956956956958e+00	1.5151800000000001e-04
3.7327007007007009e+00	1.5188699999999999e-04
3.7327057057057060e+00	1.5225699999999999e-04
3.7327107107107107e+00	1.5262899999999999e-04
3.7327157157157158e+00	1.5300300000000000e-04
3.7327207207207209e+00	1.5337799999999999e-04
3.7327257257257260e+00	1.5375499999999999e-04
3.7327307307307311e+00	1.5413300000000001e-04
3.7327357357357358e+00	1.5451300000000000e-04
3.7327407407407409e+00	1.5489400000000001e-04
3.7327457457457460e+00	1.5527700000000000e-04
3.7327507507507511e+00	1.5566100000000000e-04
3.7327557557557558e+00	1.5604700000000001e-04
3.7327607607607609e+00	1.5643499999999999e-04
3.7327657657657660e+00	1.5682399999999999e-04
3.7327707707707711e+00	1.5721499999999999e-04
3.7327757757757758e+00	1.5760700000000001e-04
3.7327807807807809e+00	1.5800100000000001e-04
3.7327857857857860e+00	1.5839700000000001e-04
3.7327907907907911e+00	1.5879400000000000e-04
3.7327957957957958e+00	1.5919299999999999e-04
3.7328008008008009e+00	1.5959399999999999e-04
3.7328058058058060e+00	1.5999600000000000e-04
3.7328108108108111e+00	1.6040000000000000e-04
3.7328158158158158e+00	1.6080599999999999e-04
3.7328208208208209e+00	1.6121300000000000e-04
3.7328258258258260e+00	1.6162300000000001e-04
3.7328308308308311e+00	1.6203400000000000e-04
3.7328358358358362e+00	1.6244600000000001e-04
3.7328408408408409e+00	1.6286100000000001e-04
3.7328458458458460e+00	1.6327700000000000e-04
3.7328508508508511e+00	1.6369600000000001e-04
3.7328558558558562e+00	1.6411500000000000e-04
3.7328608608608609e+00	1.6453700000000000e-04
3.7328658658658660e+00	1.6496100000000001e-04
3.7328708708708711e+00	1.6538600000000001e-04
3.7328758758758762e+00	1.6581400000000000e-04
3.7328808808808809e+00	1.6624300000000000e-04
3.7328858858858860e+00	1.6667400000000001e-04
3.7328908908908911e+00	1.6710700000000000e-04
3.7328958958958962e+00	1.6754199999999999e-04
3.7329009009009009e+00	1.6797900000000001e-04
3.7329059059059060e+00	1.6841800000000001e-04
3.7329109109109111e+00	1.6885899999999999e-04
3.7329159159159162e+00	1.6930200000000000e-04
3.7329209209209213e+00	1.6974600000000000e-04
3.7329259259259260e+00	1.7019299999999999e-04
3.7329309309309311e+00	1.7064200000000001e-04
3.7329359359359362e+00	1.7109300000000001e-04
3.7329409409409413e+00	1.7154599999999999e-04
3.7329459459459460e+00	1.7200100000000000e-04
3.7329509509509511e+00	1.7245800000000001e-04
3.7329559559559562e+00	1.7291700000000000e-04
3.7329609609609613e+00	1.7337799999999999e-04
3.7329659659659660e+00	1.7384200000000001e-04
3.7329709709709711e+00	1.7430700000000001e-04
3.7329759759759762e+00	1.7477500000000001e-04
3.7329809809809813e+00	1.7524500000000001e-04
3.7329859859859860e+00	1.7571700000000001e-04
3.7329909909909911e+00	1.7619099999999999e-04
3.7329959959959962e+00	1.7666800000000000e-04
3.7330010010010013e+00	1.7714700000000000e-04
3.7330060060060064e+00	1.7762799999999999e-04
3.7330110110110111e+00	1.7811100000000000e-04
3.7330160160160162e+00	1.7859600000000000e-04
3.7330210210210213e+00	1.7908400000000001e-04
3.7330260260260264e+00	1.7957499999999999e-04
3.7330310310310311e+00	1.8006700000000001e-04
3.7330360360360362e+00	1.8056200000000000e-04
3.7330410410410413e+00	1.8106000000000000e-04
3.7330460460460464e+00	1.8155900000000000e-04
3.7330510510510511e+00	1.8206200000000001e-04
3.7330560560560562e+00	1.8256600000000000e-04
3.7330610610610613e+00	1.8307299999999999e-04
3.7330660660660664e+00	1.8358299999999999e-04
3.7330710710710711e+00	1.8409500000000001e-04
3.7330760760760762e+00	1.8461000000000001e-04
3.7330810810810813e+00	1.8512699999999999e-04
3.7330860860860864e+00	1.8564699999999999e-04
3.7330910910910915e+00	1.8616900000000000e-04
3.7330960960960962e+00	1.8669400000000000e-04
3.7331011011011013e+00	1.8722199999999999e-04
3.7331061061061064e+00	1.8775199999999999e-04
3.7331111111111115e+00	1.8828500000000000e-04
3.7331161161161162e+00	1.8882000000000000e-04
3.7331211211211213e+00	1.8935800000000001e-04
3.7331261261261264e+00	1.8989899999999999e-04
3.7331311311311315e+00	1.9044299999999999e-04
3.7331361361361362e+00	1.9099000000000001e-04
3.7331411411411413e+00	1.9153900000000001e-04
3.7331461461461464e+00	1.9209100000000000e-04
3.7331511511511515e+00	1.9264600000000001e-04
3.7331561561561561e+00	1.9320399999999999e-04
3.7331611611611613e+00	1.9376500000000001e-04
3.7331661661661664e+00	1.9432900000000000e-04
3.7331711711711715e+00	1.9489500000000000e-04
3.7331761761761761e+00	1.9546500000000000e-04
3.7331811811811813e+00	1.9603700000000001e-04
3.7331861861861864e+00	1.9661300000000000e-04
3.7331911911911915e+00	1.9719200000000001e-04
3.7331961961961966e+00	1.9777299999999999e-04
3.7332012012012012e+00	1.9835799999999999e-04
3.7332062062062064e+00	1.9894600000000000e-04
3.7332112112112115e+00	1.9953700000000001e-04
3.7332162162162166e+00	2.0013200000000000e-04
3.7332212212212212e+00	2.0072900000000000e-04
3.7332262262262264e+00	2.0133000000000000e-04
3.7332312312312315e+00	2.0193399999999999e-04
3.7332362362362366e+00	2.0254100000000001e-04
3.7332412412412412e+00	2.0315099999999999e-04
3.7332462462462463e+00	2.0376500000000001e-04
3.7332512512512515e+00	2.0438300000000001e-04
3.7332562562562566e+00	2.0500299999999999e-04
3.7332612612612612e+00	2.0562700000000000e-04
3.7332662662662663e+00	2.0625500000000000e-04
3.7332712712712715e+00	2.0688600000000001e-04
3.7332762762762766e+00	2.0752100000000001e-04
3.7332812812812817e+00	2.0815900000000000e-04
3.7332862862862863e+00	2.0880100000000000e-04
3.7332912912912914e+00	2.0944599999999999e-04
3.7332962962962966e+00	2.1009499999999999e-04
3.7333013013013017e+00	2.1074800000000000e-04
3.7333063063063063e+00	2.1140400000000000e-04
3.7333113113113114e+00	2.1206400000000001e-04
3.7333163163163166e+00	2.1272800000000000e-04
3.7333213213213217e+00	2.1339600000000000e-04
3.7333263263263263e+00	2.1406700000000000e-04
3.7333313313313314e+00	2.1474299999999999e-04
3.7333363363363365e+00	2.1542200000000000e-04
3.7333413413413417e+00	2.1610600000000001e-04
3.7333463463463463e+00	2.1679300000000001e-04
3.7333513513513514e+00	2.1748500000000001e-04
3.7333563563563565e+00	2.1818000000000000e-04
3.7333613613613617e+00	2.1887999999999999e-04
3.7333663663663668e+00	2.1958300000000000e-04
3.7333713713713714e+00	2.2029100000000001e-04
3.7333763763763765e+00	2.2100399999999999e-04
3.7333813813813816e+00	2.2172000000000001e-04
3.7333863863863868e+00	2.2244100000000001e-04
3.7333913913913914e+00	2.2316600000000001e-04
3.7333963963963965e+00	2.2389500000000000e-04
3.7334014014014016e+00	2.2462900000000001e-04
3.7334064064064068e+00	2.2536799999999999e-04
3.7334114114114114e+00	2.2610999999999999e-04
3.7334164164164165e+00	2.2685800000000000e-04
3.7334214214214216e+00	2.2761000000000000e-04
3.7334264264264267e+00	2.2836699999999999e-04
3.7334314314314314e+00	2.2912799999999999e-04
3.7334364364364365e+00	2.2989399999999999e-04
3.7334414414414416e+00	2.3066499999999999e-04
3.7334464464464467e+00	2.3144100000000001e-04
3.7334514514514514e+00	2.3222200000000000e-04
3.7334564564564565e+00	2.3300700000000000e-04
3.7334614614614616e+00	2.3379799999999999e-04
3.7334664664664667e+00	2.3459300000000001e-04
3.7334714714714718e+00	2.3539399999999999e-04
3.7334764764764765e+00	2.3620000000000000e-04
3.7334814814814816e+00	2.3701100000000000e-04
3.7334864864864867e+00	2.3782700000000000e-04
3.7334914914914918e+00	2.3864800000000000e-04
3.7334964964964965e+00	2.3947500000000001e-04
3.7335015015015016e+00	2.4030699999999999e-04
3.7335065065065067e+00	2.4114500000000001e-04
3.7335115115115118e+00	2.4198800000000000e-04
3.7335165165165165e+00	2.4283700000000001e-04
3.7335215215215216e+00	2.4369100000000001e-04
3.7335265265265267e+00	2.4455100000000002e-04
3.7335315315315318e+00	2.4541700000000000e-04
3.7335365365365365e+00	2.4628800000000000e-04
3.7335415415415416e+00	2.4716499999999998e-04
3.7335465465465467e+00	2.4804900000000002e-04
3.7335515515515518e+00	2.4893799999999998e-04
3.7335565565565569e+00	2.4983299999999998e-04
3.7335615615615616e+00	2.5073499999999998e-04
3.7335665665665667e+00	2.5164200000000000e-04
3.7335715715715718e+00	2.5255600000000003e-04
3.7335765765765769e+00	2.5347599999999998e-04
3.7335815815815816e+00	2.5440199999999998e-04
3.7335865865865867e+00	2.5533499999999998e-04
3.7335915915915918e+00	2.5627499999999998e-04
3.7335965965965969e+00	2.5722100000000002e-04
3.7336016016016016e+00	2.5817300000000000e-04
3.7336066066066067e+00	2.5913299999999999e-04
3.7336116116116118e+00	2.6009900000000002e-04
3.7336166166166169e+00	2.6107200000000000e-04
3.7336216216216216e+00	2.6205199999999998e-04
3.7336266266266267e+00	2.6303900000000001e-04
3.7336316316316318e+00	2.6403300000000000e-04
3.7336366366366369e+00	2.6503399999999998e-04
3.7336416416416420e+00	2.6604200000000003e-04
3.7336466466466467e+00	2.6705799999999998e-04
3.7336516516516518e+00	2.6808099999999998e-04
3.7336566566566569e+00	2.6911200000000001e-04
3.7336616616616620e+00	2.7014999999999998e-04
3.7336666666666667e+00	2.7119600000000002e-04
3.7336716716716718e+00	2.7224999999999998e-04
3.7336766766766769e+00	2.7331200000000000e-04
3.7336816816816820e+00	2.7438099999999997e-04
3.7336866866866867e+00	2.7545899999999998e-04
3.7336916916916918e+00	2.7654399999999999e-04
3.7336966966966969e+00	2.7763799999999997e-04
3.7337017017017020e+00	2.7873999999999998e-04
3.7337067067067067e+00	2.7985100000000001e-04
3.7337117117117118e+00	2.8097000000000002e-04
3.7337167167167169e+00	2.8209800000000000e-04
3.7337217217217220e+00	2.8323399999999999e-04
3.7337267267267267e+00	2.8437999999999998e-04
3.7337317317317318e+00	2.8553399999999999e-04
3.7337367367367369e+00	2.8669699999999998e-04
3.7337417417417420e+00	2.8786900000000000e-04
3.7337467467467471e+00	2.8905100000000002e-04
3.7337517517517518e+00	2.9024200000000002e-04
3.7337567567567569e+00	2.9144199999999999e-04
3.7337617617617620e+00	2.9265200000000002e-04
3.7337667667667671e+00	2.9387199999999998e-04
3.7337717717717718e+00	2.9510199999999999e-04
3.7337767767767769e+00	2.9634099999999999e-04
3.7337817817817820e+00	2.9759099999999999e-04
3.7337867867867871e+00	2.9885000000000003e-04
3.7337917917917918e+00	3.0012000000000002e-04
3.7337967967967969e+00	3.0140100000000002e-04
3.7338018018018020e+00	3.0269200000000002e-04
3.7338068068068071e+00	3.0399399999999998e-04
3.7338118118118118e+00	3.0530700000000000e-04
3.7338168168168169e+00	3.0663000000000001e-04
3.7338218218218220e+00	3.0796500000000000e-04
3.7338268268268271e+00	3.0931099999999999e-04
3.7338318318318322e+00	3.1066800000000000e-04
3.7338368368368369e+00	3.1203699999999998e-04
3.7338418418418420e+00	3.1341799999999999e-04
3.7338468468468471e+00	3.1481100000000002e-04
3.7338518518518522e+00	3.1621500000000001e-04
3.7338568568568569e+00	3.1763199999999998e-04
3.7338618618618620e+00	3.1906099999999999e-04
3.7338668668668671e+00	3.2050299999999998e-04
3.7338718718718722e+00	3.2195699999999999e-04
3.7338768768768769e+00	3.2342400000000000e-04
3.7338818818818820e+00	3.2490399999999999e-04
3.7338868868868871e+00	3.2639799999999999e-04
3.7338918918918922e+00	3.2790400000000001e-04
3.7338968968968969e+00	3.2942500000000000e-04
3.7339019019019020e+00	3.3095899999999997e-04
3.7339069069069071e+00	3.3250700000000001e-04
3.7339119119119122e+00	3.3406899999999999e-04
3.7339169169169173e+00	3.3564499999999998e-04
3.7339219219219220e+00	3.3723599999999998e-04
3.7339269269269271e+00	3.3884099999999999e-04
3.7339319319319322e+00	3.4046199999999998e-04
3.7339369369369373e+00	3.4209699999999997e-04
3.7339419419419420e+00	3.4374800000000000e-04
3.7339469469469471e+00	3.4541400000000000e-04
3.7339519519519522e+00	3.4709600000000003e-04
3.7339569569569573e+00	3.4879500000000000e-04
3.7339619619619620e+00	3.5050899999999999e-04
3.7339669669669671e+00	3.5223999999999997e-04
3.7339719719719722e+00	3.5398700000000000e-04
3.7339769769769773e+00	3.5575199999999998e-04
3.7339819819819819e+00	3.5753400000000001e-04
3.7339869869869871e+00	3.5933299999999998e-04
3.7339919919919922e+00	3.6115000000000002e-04
3.7339969969969973e+00	3.6298400000000001e-04
3.7340020020020024e+00	3.6483700000000002e-04
3.7340070070070071e+00	3.6670900000000000e-04
3.7340120120120122e+00	3.6859900000000000e-04
3.7340170170170173e+00	3.7050800000000002e-04
3.7340220220220224e+00	3.7243699999999999e-04
3.7340270270270270e+00	3.7438499999999997e-04
3.7340320320320322e+00	3.7635400000000002e-04
3.7340370370370373e+00	3.7834199999999999e-04
3.7340420420420424e+00	3.8035100000000002e-04
3.7340470470470470e+00	3.8238100000000000e-04
3.7340520520520522e+00	3.8443199999999998e-04
3.7340570570570573e+00	3.8650499999999999e-04
3.7340620620620624e+00	3.8860000000000001e-04
3.7340670670670670e+00	3.9071700000000001e-04
3.7340720720720721e+00	3.9285600000000002e-04
3.7340770770770773e+00	3.9501800000000002e-04
3.7340820820820824e+00	3.9720400000000001e-04
3.7340870870870870e+00	3.9941299999999999e-04
3.7340920920920921e+00	4.0164699999999998e-04
3.7340970970970973e+00	4.0390499999999998e-04
3.7341021021021024e+00	4.0618700000000002e-04
3.7341071071071075e+00	4.0849499999999998e-04
3.7341121121121121e+00	4.1082899999999998e-04
3.7341171171171172e+00	4.1318900000000000e-04
3.7341221221221224e+00	4.1557500000000000e-04
3.7341271271271275e+00	4.1798900000000001e-04
3.7341321321321321e+00	4.2042900000000000e-04
3.7341371371371372e+00	4.2289800000000000e-04
3.7341421421421424e+00	4.2539500000000002e-04
3.7341471471471475e+00	4.2792100000000000e-04
3.7341521521521521e+00	4.3047700000000002e-04
3.7341571571571572e+00	4.3306200000000001e-04
3.7341621621621623e+00	4.3567800000000000e-04
3.7341671671671675e+00	4.3832400000000003e-04
3.7341721721721721e+00	4.4100200000000002e-04
3.7341771771771772e+00	4.4371299999999999e-04
3.7341821821821823e+00	4.4645500000000001e-04
3.7341871871871875e+00	4.4923100000000002e-04
3.7341921921921926e+00	4.5204099999999998e-04
3.7341971971971972e+00	4.5488499999999998e-04
3.7342022022022023e+00	4.5776399999999999e-04
3.7342072072072074e+00	4.6067900000000003e-04
3.7342122122122126e+00	4.6363099999999999e-04
3.7342172172172172e+00	4.6661899999999999e-04
3.7342222222222223e+00	4.6964499999999998e-04
3.7342272272272274e+00	4.7270899999999998e-04
3.7342322322322326e+00	4.7581199999999999e-04
3.7342372372372372e+00	4.7895600000000000e-04
3.7342422422422423e+00	4.8213900000000003e-04
3.7342472472472474e+00	4.8536500000000003e-04
3.7342522522522525e+00	4.8863200000000002e-04
3.7342572572572572e+00	4.9194300000000000e-04
3.7342622622622623e+00	4.9529700000000001e-04
3.7342672672672674e+00	4.9869599999999997e-04
3.7342722722722725e+00	5.0213999999999999e-04
3.7342772772772777e+00	5.0563099999999998e-04
3.7342822822822823e+00	5.0916999999999998e-04
3.7342872872872874e+00	5.1275699999999997e-04
3.7342922922922925e+00	5.1639299999999997e-04
3.7342972972972976e+00	5.2007900000000001e-04
3.7343023023023023e+00	5.2381699999999999e-04
3.7343073073073074e+00	5.2760700000000003e-04
3.7343123123123125e+00	5.3145099999999995e-04
3.7343173173173176e+00	5.3534899999999996e-04
3.7343223223223223e+00	5.3930299999999998e-04
3.7343273273273274e+00	5.4331400000000004e-04
3.7343323323323325e+00	5.4738300000000003e-04
3.7343373373373376e+00	5.5151199999999999e-04
3.7343423423423423e+00	5.5570100000000002e-04
3.7343473473473474e+00	5.5995199999999995e-04
3.7343523523523525e+00	5.6426700000000002e-04
3.7343573573573576e+00	5.6864600000000002e-04
3.7343623623623623e+00	5.7309099999999997e-04
3.7343673673673674e+00	5.7760400000000001e-04
3.7343723723723725e+00	5.8218600000000005e-04
3.7343773773773776e+00	5.8683900000000002e-04
3.7343823823823827e+00	5.9156400000000004e-04
3.7343873873873874e+00	5.9636200000000002e-04
3.7343923923923925e+00	6.0123700000000002e-04
3.7343973973973976e+00	6.0618900000000003e-04
3.7344024024024027e+00	6.1121899999999998e-04
3.7344074074074074e+00	6.1633100000000002e-04
3.7344124124124125e+00	6.2152599999999996e-04
3.7344174174174176e+00	6.2680600000000004e-04
3.7344224224224227e+00	6.3217199999999996e-04
3.7344274274274274e+00	6.3762699999999999e-04
3.7344324324324325e+00	6.4317400000000005e-04
3.7344374374374376e+00	6.4881400000000005e-04
3.7344424424424427e+00	6.5455000000000005e-04
3.7344474474474474e+00	6.6038399999999997e-04
3.7344524524524525e+00	6.6631800000000005e-04
3.7344574574574576e+00	6.7235500000000002e-04
3.7344624624624627e+00	6.7849800000000004e-04
3.7344674674674678e+00	6.8474900000000001e-04
3.7344724724724725e+00	6.9111100000000000e-04
3.7344774774774776e+00	6.9758799999999996e-04
3.7344824824824827e+00	7.0418100000000001e-04
3.7344874874874878e+00	7.1089400000000000e-04
3.7344924924924925e+00	7.1773099999999999e-04
3.7344974974974976e+00	7.2469400000000001e-04
3.7345025025025027e+00	7.3178700000000002e-04
3.7345075075075078e+00	7.3901399999999997e-04
3.7345125125125125e+00	7.4637800000000002e-04
3.7345175175175176e+00	7.5388199999999999e-04
3.7345225225225227e+00	7.6153199999999999e-04
3.7345275275275278e+00	7.6933000000000004e-04
3.7345325325325325e+00	7.7728200000000002e-04
3.7345375375375376e+00	7.8539099999999998e-04
3.7345425425425427e+00	7.9366199999999999e-04
3.7345475475475478e+00	8.0209900000000002e-04
3.7345525525525529e+00	8.1070899999999995e-04
3.7345575575575576e+00	8.1949500000000005e-04
3.7345625625625627e+00	8.2846299999999999e-04
3.7345675675675678e+00	8.3761800000000004e-04
3.7345725725725729e+00	8.4696599999999999e-04
3.7345775775775776e+00	8.5651399999999995e-04
3.7345825825825827e+00	8.6626599999999998e-04
3.7345875875875878e+00	8.7622999999999998e-04
3.7345925925925929e+00	8.8641200000000005e-04
3.7345975975975976e+00	8.9681799999999996e-04
3.7346026026026027e+00	9.0745699999999997e-04
3.7346076076076078e+00	9.1833599999999996e-04
3.7346126126126129e+00	9.2946200000000004e-04
3.7346176176176176e+00	9.4084400000000003e-04
3.7346226226226227e+00	9.5248999999999996e-04
3.7346276276276278e+00	9.6440899999999995e-04
3.7346326326326329e+00	9.7660999999999993e-04
3.7346376376376380e+00	9.8910300000000007e-04
3.7346426426426427e+00	1.0019000000000000e-03
3.7346476476476478e+00	1.0150000000000001e-03
3.7346526526526529e+00	1.0284300000000001e-03
3.7346576576576580e+00	1.0422000000000001e-03
3.7346626626626627e+00	1.0563100000000000e-03
3.7346676676676678e+00	1.0707799999999999e-03
3.7346726726726729e+00	1.0856300000000000e-03
3.7346776776776780e+00	1.1008599999999999e-03
3.7346826826826827e+00	1.1164899999999999e-03
3.7346876876876878e+00	1.1325400000000000e-03
3.7346926926926929e+00	1.1490199999999999e-03
3.7346976976976980e+00	1.1659500000000000e-03
3.7347027027027027e+00	1.1833400000000000e-03
3.7347077077077078e+00	1.2012200000000000e-03
3.7347127127127129e+00	1.2195999999999999e-03
3.7347177177177180e+00	1.2385100000000000e-03
3.7347227227227227e+00	1.2579600000000000e-03
3.7347277277277278e+00	1.2779800000000000e-03
3.7347327327327329e+00	1.2986000000000000e-03
3.7347377377377380e+00	1.3198299999999999e-03
3.7347427427427431e+00	1.3416999999999999e-03
3.7347477477477478e+00	1.3642500000000000e-03
3.7347527527527529e+00	1.3875000000000001e-03
3.7347577577577580e+00	1.4114700000000000e-03
3.7347627627627631e+00	1.4362200000000000e-03
3.7347677677677678e+00	1.4617600000000001e-03
3.7347727727727729e+00	1.4881400000000000e-03
3.7347777777777780e+00	1.5154000000000001e-03
3.7347827827827831e+00	1.5435700000000000e-03
3.7347877877877877e+00	1.5727100000000000e-03
3.7347927927927929e+00	1.6028500000000001e-03
3.7347977977977980e+00	1.6340500000000000e-03
3.7348028028028031e+00	1.6663600000000000e-03
3.7348078078078077e+00	1.6998300000000000e-03
3.7348128128128129e+00	1.7345399999999999e-03
3.7348178178178180e+00	1.7705300000000000e-03
3.7348228228228231e+00	1.8078800000000000e-03
3.7348278278278282e+00	1.8466600000000000e-03
3.7348328328328328e+00	1.8869500000000001e-03
3.7348378378378380e+00	1.9288300000000001e-03
3.7348428428428431e+00	1.9724000000000000e-03
3.7348478478478482e+00	2.0177300000000001e-03
3.7348528528528528e+00	2.0649499999999999e-03
3.7348578578578580e+00	2.1141599999999999e-03
3.7348628628628631e+00	2.1654700000000001e-03
3.7348678678678682e+00	2.2190199999999999e-03
3.7348728728728728e+00	2.2749400000000000e-03
3.7348778778778779e+00	2.3333799999999999e-03
3.7348828828828831e+00	2.3945099999999999e-03
3.7348878878878882e+00	2.4584799999999999e-03
3.7348928928928928e+00	2.5255000000000000e-03
3.7348978978978979e+00	2.5957599999999999e-03
3.7349029029029031e+00	2.6694900000000001e-03
3.7349079079079082e+00	2.7469299999999999e-03
3.7349129129129133e+00	2.8283300000000000e-03
3.7349179179179179e+00	2.9139900000000000e-03
3.7349229229229230e+00	3.0042100000000002e-03
3.7349279279279282e+00	3.0993499999999998e-03
3.7349329329329333e+00	3.1997599999999998e-03
3.7349379379379379e+00	3.3058599999999999e-03
3.7349429429429430e+00	3.4181099999999998e-03
3.7349479479479482e+00	3.5370000000000002e-03
3.7349529529529533e+00	3.6630800000000000e-03
3.7349579579579579e+00	3.7969599999999998e-03
3.7349629629629630e+00	3.9393099999999997e-03
3.7349679679679681e+00	4.0908799999999999e-03
3.7349729729729733e+00	4.2524900000000003e-03
3.7349779779779779e+00	4.4250899999999996e-03
3.7349829829829830e+00	4.6097000000000004e-03
3.7349879879879881e+00	4.8074900000000002e-03
3.7349929929929933e+00	5.0197699999999998e-03
3.7349979979979979e+00	5.2480199999999999e-03
3.7350030030030030e+00	5.4938799999999996e-03
3.7350080080080081e+00	5.7592700000000004e-03
3.7350130130130132e+00	6.0463100000000001e-03
3.7350180180180184e+00	6.3574599999999997e-03
3.7350230230230230e+00	6.6955299999999999e-03
3.7350280280280281e+00	7.0637199999999999e-03
3.7350330330330332e+00	7.4657600000000001e-03
3.7350380380380384e+00	7.9059200000000003e-03
3.7350430430430430e+00	8.3892099999999994e-03
3.7350480480480481e+00	8.9214399999999992e-03
3.7350530530530532e+00	9.5094399999999992e-03
3.7350580580580584e+00	1.0161300000000000e-02
3.7350630630630630e+00	1.0886399999999999e-02
3.7350680680680681e+00	1.1696300000000000e-02
3.7350730730730732e+00	1.2604400000000000e-02
3.7350780780780783e+00	1.3627200000000001e-02
3.7350830830830830e+00	1.4784400000000000e-02
3.7350880880880881e+00	1.6100400000000001e-02
3.7350930930930932e+00	1.7604900000000000e-02
3.7350980980980983e+00	1.9334799999999999e-02
3.7351031031031035e+00	2.1336399999999998e-02
3.7351081081081081e+00	2.3668000000000002e-02
3.7351131131131132e+00	2.6403699999999999e-02
3.7351181181181183e+00	2.9639100000000002e-02
3.7351231231231234e+00	3.3498399999999998e-02
3.7351281281281281e+00	3.8145300000000000e-02
3.7351331331331332e+00	4.3797900000000001e-02
3.7351381381381383e+00	5.0751100000000000e-02
3.7351431431431434e+00	5.9408900000000001e-02
3.7351481481481481e+00	7.0333300000000001e-02
3.7351531531531532e+00	8.4317500000000004e-02
3.7351581581581583e+00	1.0249700000000000e-01
3.7351631631631634e+00	1.2651799999999999e-01
3.7351681681681681e+00	1.5878200000000001e-01
3.7351731731731732e+00	2.0278199999999999e-01
3.7351781781781783e+00	2.6346799999999998e-01
3.7351831831831834e+00	3.4732900000000000e-01
3.7351881881881885e+00	4.6116900000000000e-01
3.7351931931931932e+00	6.0722600000000004e-01
3.7351981981981983e+00	7.7228600000000003e-01
3.7352032032032034e+00	9.1758300000000004e-01
3.7352082082082085e+00	9.9406799999999995e-01
3.7352132132132132e+00	9.8557399999999995e-01
3.7352182182182183e+00	9.2187300000000005e-01
3.7352232232232234e+00	8.4478799999999998e-01
3.7352282282282285e+00	7.8179299999999996e-01
3.7352332332332332e+00	7.4565999999999999e-01
3.7352382382382383e+00	7.4265000000000003e-01
3.7352432432432434e+00	7.7821600000000002e-01
3.7352482482482485e+00	8.5626599999999997e-01
3.7352532532532532e+00	9.5981300000000003e-01
3.7352582582582583e+00	9.9101300000000003e-01
3.7352632632632634e+00	7.9597399999999996e-01
3.7352682682682685e+00	4.7646600000000000e-01
3.7352732732732736e+00	2.4727299999999999e-01
3.7352782782782783e+00	1.2678100000000000e-01
3.7352832832832834e+00	6.7321300000000001e-02
3.7352882882882885e+00	3.7299199999999998e-02
3.7352932932932936e+00	2.1466099999999998e-02
3.7352982982982983e+00	1.2745400000000000e-02
3.7353033033033034e+00	7.7568600000000000e-03
3.7353083083083085e+00	4.8117699999999999e-03
3.7353133133133136e+00	3.0278400000000000e-03
3.7353183183183183e+00	1.9247500000000000e-03
3.7353233233233234e+00	1.2315099999999999e-03
3.7353283283283285e+00	7.9043300000000000e-04
3.7353333333333336e+00	5.0729799999999999e-04
3.7353383383383383e+00	3.2452600000000000e-04
3.7353433433433434e+00	2.0625000000000000e-04
3.7353483483483485e+00	1.2976200000000001e-04
3.7353533533533536e+00	8.0496599999999998e-05
3.7353583583583583e+00	4.9006499999999999e-05
3.7353633633633634e+00	2.9115299999999999e-05
3.7353683683683685e+00	1.6760800000000001e-05
3.7353733733733736e+00	9.2627899999999998e-06
3.7353783783783787e+00	4.8526699999999997e-06
3.7353833833833834e+00	2.3669400000000000e-06
3.7353883883883885e+00	1.0460100000000001e-06
3.7353933933933936e+00	4.0064400000000002e-07
3.7353983983983987e+00	1.2275699999999999e-07
3.7354034034034034e+00	2.5385600000000001e-08
3.7354084084084085e+00	2.1897799999999999e-09
3.7354134134134136e+00	3.2690800000000000e-12
3.7354184184184187e+00	2.2907599999999999e-10
3.7354234234234234e+00	6.2364400000000000e-09
3.7354284284284285e+00	3.4855399999999999e-08
3.7354334334334336e+00	1.1067600000000000e-07
3.7354384384384387e+00	2.6227100000000001e-07
3.7354434434434434e+00	5.1973700000000004e-07
3.7354484484484485e+00	9.1313900000000001e-07
3.7354534534534536e+00	1.4715700000000000e-06
3.7354584584584587e+00	2.2226399999999999e-06
3.7354634634634638e+00	3.1922199999999998e-06
3.7354684684684685e+00	4.4043800000000000e-06
3.7354734734734736e+00	5.8814899999999997e-06
3.7354784784784787e+00	7.6443099999999997e-06
3.7354834834834838e+00	9.7122199999999997e-06
3.7354884884884885e+00	1.2103400000000000e-05
3.7354934934934936e+00	1.4834999999999999e-05
3.7354984984984987e+00	1.7923499999999999e-05
3.7355035035035038e+00	2.1384699999999999e-05
3.7355085085085085e+00	2.5234300000000000e-05
3.7355135135135136e+00	2.9487499999999998e-05
3.7355185185185187e+00	3.4159899999999998e-05
3.7355235235235238e+00	3.9267100000000002e-05
3.7355285285285285e+00	4.4825199999999999e-05
3.7355335335335336e+00	5.0850899999999998e-05
3.7355385385385387e+00	5.7361600000000003e-05
3.7355435435435438e+00	6.4375399999999994e-05
3.7355485485485489e+00	7.1911900000000005e-05
3.7355535535535536e+00	7.9991600000000002e-05
3.7355585585585587e+00	8.8636500000000004e-05
3.7355635635635638e+00	9.7869999999999996e-05
3.7355685685685689e+00	1.0771700000000000e-04
3.7355735735735736e+00	1.1820600000000000e-04
3.7355785785785787e+00	1.2936499999999999e-04
3.7355835835835838e+00	1.4122599999999999e-04
3.7355885885885889e+00	1.5382199999999999e-04
3.7355935935935936e+00	1.6719200000000001e-04
3.7355985985985987e+00	1.8137399999999999e-04
3.7356036036036038e+00	1.9641200000000000e-04
3.7356086086086089e+00	2.1235199999999999e-04
3.7356136136136135e+00	2.2924499999999999e-04
3.7356186186186187e+00	2.4714700000000002e-04
3.7356236236236238e+00	2.6611499999999998e-04
3.7356286286286289e+00	2.8621600000000000e-04
3.7356336336336335e+00	3.0751900000000002e-04
3.7356386386386387e+00	3.3010100000000002e-04
3.7356436436436438e+00	3.5404499999999999e-04
3.7356486486486489e+00	3.7943999999999999e-04
3.7356536536536540e+00	4.0638700000000002e-04
3.7356586586586586e+00	4.3499199999999999e-04
3.7356636636636638e+00	4.6537199999999998e-04
3.7356686686686689e+00	4.9765599999999997e-04
3.7356736736736740e+00	5.3198399999999999e-04
3.7356786786786786e+00	5.6851099999999995e-04
3.7356836836836838e+00	6.0740299999999996e-04
3.7356886886886889e+00	6.4884700000000003e-04
3.7356936936936940e+00	6.9304600000000000e-04
3.7356986986986986e+00	7.4022400000000005e-04
3.7357037037037037e+00	7.9062700000000002e-04
3.7357087087087089e+00	8.4452799999999999e-04
3.7357137137137140e+00	9.0222800000000004e-04
3.7357187187187186e+00	9.6405999999999998e-04
3.7357237237237237e+00	1.0303900000000000e-03
3.7357287287287289e+00	1.1016400000000001e-03
3.7357337337337340e+00	1.1782600000000000e-03
3.7357387387387391e+00	1.2607499999999999e-03
3.7357437437437437e+00	1.3496999999999999e-03
3.7357487487487488e+00	1.4457300000000001e-03
3.7357537537537540e+00	1.5495699999999999e-03
3.7357587587587591e+00	1.6620100000000000e-03
3.7357637637637637e+00	1.7839600000000000e-03
3.7357687687687688e+00	1.9164399999999999e-03
3.7357737737737740e+00	2.0606200000000000e-03
3.7357787787787791e+00	2.2177999999999998e-03
3.7357837837837837e+00	2.3894799999999998e-03
3.7357887887887888e+00	2.5773699999999998e-03
3.7357937937937939e+00	2.7834200000000000e-03
3.7357987987987991e+00	3.0098600000000001e-03
3.7358038038038037e+00	3.2592900000000002e-03
3.7358088088088088e+00	3.5346800000000001e-03
3.7358138138138139e+00	3.8394900000000001e-03
3.7358188188188191e+00	4.1777300000000002e-03
3.7358238238238242e+00	4.5541000000000002e-03
3.7358288288288288e+00	4.9741000000000004e-03
3.7358338338338339e+00	5.4442199999999996e-03
3.7358388388388390e+00	5.9721000000000002e-03
3.7358438438438442e+00	6.5668499999999999e-03
3.7358488488488488e+00	7.2393199999999996e-03
3.7358538538538539e+00	8.0025500000000006e-03
3.7358588588588590e+00	8.8722499999999999e-03
3.7358638638638642e+00	9.8674699999999997e-03
3.7358688688688688e+00	1.1011500000000000e-02
3.7358738738738739e+00	1.2332800000000000e-02
3.7358788788788790e+00	1.3866900000000000e-02
3.7358838838838841e+00	1.5657500000000001e-02
3.7358888888888888e+00	1.7760000000000001e-02
3.7358938938938939e+00	2.0244100000000001e-02
3.7358988988988990e+00	2.3198699999999999e-02
3.7359039039039041e+00	2.6738499999999998e-02
3.7359089089089093e+00	3.1012000000000001e-02
3.7359139139139139e+00	3.6214499999999997e-02
3.7359189189189190e+00	4.2604299999999998e-02
3.7359239239239241e+00	5.0527599999999999e-02
3.7359289289289292e+00	6.0452600000000002e-02
3.7359339339339339e+00	7.3019000000000001e-02
3.7359389389389390e+00	8.9108300000000001e-02
3.7359439439439441e+00	1.0994400000000000e-01
3.7359489489489492e+00	1.3722400000000001e-01
3.7359539539539539e+00	1.7329400000000000e-01
3.7359589589589590e+00	2.2131500000000001e-01
3.7359639639639641e+00	2.8532200000000002e-01
3.7359689689689692e+00	3.6983500000000002e-01
3.7359739739739739e+00	4.7835100000000003e-01
3.7359789789789790e+00	6.0975599999999996e-01
3.7359839839839841e+00	7.5277799999999995e-01
3.7359889889889892e+00	8.8295100000000004e-01
3.7359939939939939e+00	9.7070800000000002e-01
3.7359989989989990e+00	9.9999300000000002e-01
3.7360040040040041e+00	9.7842799999999996e-01
3.7360090090090092e+00	9.2788499999999996e-01
3.7360140140140143e+00	8.6946999999999997e-01
3.7360190190190190e+00	8.1677400000000000e-01
3.7360240240240241e+00	7.7658600000000000e-01
3.7360290290290292e+00	7.5174799999999997e-01
3.7360340340340343e+00	7.4343599999999999e-01
3.7360390390390390e+00	7.5241400000000003e-01
3.7360440440440441e+00	7.7941099999999996e-01
3.7360490490490492e+00	8.2455199999999995e-01
3.7360540540540543e+00	8.8519000000000003e-01
3.7360590590590590e+00	9.5093399999999995e-01
3.7360640640640641e+00	9.9631700000000001e-01
3.7360690690690692e+00	9.8063500000000003e-01
3.7360740740740743e+00	8.7467499999999998e-01
3.7360790790790790e+00	6.9976899999999997e-01
3.7360840840840841e+00	5.1424099999999995e-01
3.7360890890890892e+00	3.6071599999999998e-01
3.7360940940940943e+00	2.4931200000000001e-01
3.7360990990990994e+00	1.7303399999999999e-01
3.7361041041041041e+00	1.2170100000000000e-01
3.7361091091091092e+00	8.7039199999999997e-02
3.7361141141141143e+00	6.3333399999999998e-02
3.7361191191191194e+00	4.6851499999999997e-02
3.7361241241241241e+00	3.5191699999999999e-02
3.7361291291291292e+00	2.6802500000000000e-02
3.7361341341341343e+00	2.0669799999999999e-02
3.7361391391391394e+00	1.6120400000000000e-02
3.7361441441441441e+00	1.2699900000000000e-02
3.7361491491491492e+00	1.0096600000000001e-02
3.7361541541541543e+00	8.0930299999999993e-03
3.7361591591591594e+00	6.5352900000000000e-03
3.7361641641641641e+00	5.3129400000000004e-03
3.7361691691691692e+00	4.3456299999999996e-03
3.7361741741741743e+00	3.5742100000000000e-03
3.7361791791791794e+00	2.9546400000000001e-03
3.7361841841841845e+00	2.4537700000000001e-03
3.7361891891891892e+00	2.0464500000000000e-03
3.7361941941941943e+00	1.7133500000000000e-03
3.7361991991991994e+00	1.4395700000000000e-03
3.7362042042042045e+00	1.2134699999999999e-03
3.7362092092092092e+00	1.0259500000000001e-03
3.7362142142142143e+00	8.6977199999999999e-04
3.7362192192192194e+00	7.3922400000000002e-04
3.7362242242242245e+00	6.2971499999999998e-04
3.7362292292292292e+00	5.3755700000000003e-04
3.7362342342342343e+00	4.5976699999999998e-04
3.7362392392392394e+00	3.9392200000000000e-04
3.7362442442442445e+00	3.3804300000000000e-04
3.7362492492492492e+00	2.9050700000000002e-04
3.7362542542542543e+00	2.4997799999999998e-04
3.7362592592592594e+00	2.1535200000000001e-04
3.7362642642642645e+00	1.8571199999999999e-04
3.7362692692692692e+00	1.6029600000000001e-04
3.7362742742742743e+00	1.3846600000000001e-04
3.7362792792792794e+00	1.1968699999999999e-04
3.7362842842842845e+00	1.0351199999999999e-04
3.7362892892892896e+00	8.9562599999999995e-05
3.7362942942942943e+00	7.7518199999999999e-05
3.7362992992992994e+00	6.7108399999999996e-05
3.7363043043043045e+00	5.8103300000000003e-05
3.7363093093093096e+00	5.0307199999999998e-05
3.7363143143143143e+00	4.3553200000000002e-05
3.7363193193193194e+00	3.7698499999999998e-05
3.7363243243243245e+00	3.2621099999999998e-05
3.7363293293293296e+00	2.8215999999999999e-05
3.7363343343343343e+00	2.4393299999999999e-05
3.7363393393393394e+00	2.1075300000000001e-05
3.7363443443443445e+00	1.8195299999999998e-05
3.7363493493493496e+00	1.5695499999999999e-05
3.7363543543543543e+00	1.3526100000000001e-05
3.7363593593593594e+00	1.1643800000000000e-05
3.7363643643643645e+00	1.0011300000000000e-05
3.7363693693693696e+00	8.5960399999999998e-06
3.7363743743743747e+00	7.3699000000000004e-06
3.7363793793793794e+00	6.3083399999999996e-06
3.7363843843843845e+00	5.3900400000000003e-06
3.7363893893893896e+00	4.5964400000000000e-06
3.7363943943943947e+00	3.9113600000000001e-06
3.7363993993993994e+00	3.3207199999999999e-06
3.7364044044044045e+00	2.8122099999999998e-06
3.7364094094094096e+00	2.3750900000000001e-06
3.7364144144144147e+00	2.0000100000000002e-06
3.7364194194194194e+00	1.6787800000000000e-06
3.7364244244244245e+00	1.4042600000000000e-06
3.7364294294294296e+00	1.1702200000000000e-06
3.7364344344344347e+00	9.7120199999999996e-07
3.7364394394394393e+00	8.0245300000000002e-07
3.7364444444444445e+00	6.5982099999999996e-07
3.7364494494494496e+00	5.3968299999999995e-07
3.7364544544544547e+00	4.3887900000000000e-07
3.7364594594594598e+00	3.5465500000000000e-07
3.7364644644644645e+00	2.8461099999999998e-07
3.7364694694694696e+00	2.2666099999999999e-07
3.7364744744744747e+00	1.7899199999999999e-07
3.7364794794794798e+00	1.4002899999999999e-07
3.7364844844844844e+00	1.0840900000000000e-07
3.7364894894894896e+00	8.2953099999999994e-08
3.7364944944944947e+00	6.2644000000000002e-08
3.7364994994994998e+00	4.6606199999999998e-08
3.7365045045045044e+00	3.4088400000000002e-08
3.7365095095095096e+00	2.4448400000000000e-08
3.7365145145145147e+00	1.7139200000000000e-08
3.7365195195195198e+00	1.1697400000000001e-08
3.7365245245245244e+00	7.7323699999999998e-09
3.7365295295295295e+00	4.9174300000000000e-09
3.7365345345345347e+00	2.9814000000000001e-09
3.7365395395395398e+00	1.7016300000000000e-09
3.7365445445445444e+00	8.9758499999999996e-10
3.7365495495495495e+00	4.2537700000000001e-10
3.7365545545545547e+00	1.7284200000000001e-10
3.7365595595595598e+00	5.5251800000000002e-11
3.7365645645645649e+00	1.1525400000000000e-11
3.7365695695695695e+00	8.9953300000000002e-13
3.7365745745745746e+00	2.0750100000000001e-16
3.7365795795795798e+00	2.6790599999999998e-13
3.7365845845845849e+00	5.6963000000000003e-12
3.7365895895895895e+00	3.0847300000000001e-11
3.7365945945945946e+00	9.9110800000000004e-11
3.7365995995995998e+00	2.4117899999999998e-10
3.7366046046046049e+00	4.9371499999999999e-10
3.7366096096096095e+00	8.9818400000000003e-10
3.7366146146146146e+00	1.4998400000000001e-09
3.7366196196196197e+00	2.3468400000000001e-09
3.7366246246246249e+00	3.4894799999999998e-09
3.7366296296296295e+00	4.9795099999999999e-09
3.7366346346346346e+00	6.8696100000000002e-09
3.7366396396396397e+00	9.2128100000000002e-09
3.7366446446446449e+00	1.2062200000000000e-08
3.7366496496496500e+00	1.5470299999999999e-08
3.7366546546546546e+00	1.9489200000000001e-08
3.7366596596596597e+00	2.4169899999999999e-08
3.7366646646646648e+00	2.9562099999999999e-08
3.7366696696696700e+00	3.5714499999999999e-08
3.7366746746746746e+00	4.2674000000000002e-08
3.7366796796796797e+00	5.0485900000000001e-08
3.7366846846846848e+00	5.9194000000000001e-08
3.7366896896896900e+00	6.8840300000000003e-08
3.7366946946946946e+00	7.9464800000000006e-08
3.7366996996996997e+00	9.1105700000000006e-08
3.7367047047047048e+00	1.0379900000000000e-07
3.7367097097097099e+00	1.1758000000000000e-07
3.7367147147147146e+00	1.3248100000000001e-07
3.7367197197197197e+00	1.4853300000000000e-07
3.7367247247247248e+00	1.6576400000000000e-07
3.7367297297297299e+00	1.8420200000000000e-07
3.7367347347347351e+00	2.0387199999999999e-07
3.7367397397397397e+00	2.2479700000000000e-07
3.7367447447447448e+00	2.4699900000000000e-07
3.7367497497497499e+00	2.7049799999999999e-07
3.7367547547547550e+00	2.9531400000000002e-07
3.7367597597597597e+00	3.2146200000000002e-07
3.7367647647647648e+00	3.4895800000000002e-07
3.7367697697697699e+00	3.7781600000000003e-07
3.7367747747747750e+00	4.0804899999999998e-07
3.7367797797797797e+00	4.3966699999999999e-07
3.7367847847847848e+00	4.7268100000000000e-07
3.7367897897897899e+00	5.0709899999999995e-07
3.7367947947947950e+00	5.4292799999999995e-07
3.7367997997997997e+00	5.8017500000000002e-07
3.7368048048048048e+00	6.1884399999999995e-07
3.7368098098098099e+00	6.5893899999999997e-07
3.7368148148148150e+00	7.0046399999999997e-07
3.7368198198198201e+00	7.4341999999999997e-07
3.7368248248248248e+00	7.8780699999999998e-07
3.7368298298298299e+00	8.3362699999999995e-07
3.7368348348348350e+00	8.8087899999999996e-07
3.7368398398398401e+00	9.2956000000000002e-07
3.7368448448448448e+00	9.7966899999999990e-07
3.7368498498498499e+00	1.0312000000000000e-06
3.7368548548548550e+00	1.0841600000000001e-06
3.7368598598598601e+00	1.1385300000000000e-06
3.7368648648648648e+00	1.1943100000000000e-06
3.7368698698698699e+00	1.2514899999999999e-06
3.7368748748748750e+00	1.3100800000000000e-06
3.7368798798798801e+00	1.3700600000000000e-06
3.7368848848848848e+00	1.4314200000000001e-06
3.7368898898898899e+00	1.4941700000000000e-06
3.7368948948948950e+00	1.5582800000000001e-06
3.7368998998999001e+00	1.6237499999999999e-06
3.7369049049049048e+00	1.6905800000000000e-06
3.7369099099099099e+00	1.7587500000000001e-06
3.7369149149149150e+00	1.8282500000000000e-06
3.7369199199199201e+00	1.8990800000000000e-06
3.7369249249249252e+00	1.9712200000000000e-06
3.7369299299299299e+00	2.0446599999999998e-06
3.7369349349349350e+00	2.1194000000000000e-06
3.7369399399399401e+00	2.1954100000000000e-06
3.7369449449449452e+00	2.2726999999999999e-06
3.7369499499499499e+00	2.3512500000000001e-06
3.7369549549549550e+00	2.4310399999999999e-06
3.7369599599599601e+00	2.5120799999999999e-06
3.7369649649649652e+00	2.5943299999999999e-06
3.7369699699699699e+00	2.6778000000000000e-06
3.7369749749749750e+00	2.7624699999999998e-06
3.7369799799799801e+00	2.8483299999999999e-06
3.7369849849849852e+00	2.9353699999999999e-06
3.7369899899899899e+00	3.0235700000000002e-06
3.7369949949949950e+00	3.1129200000000000e-06
3.7370000000000001e+00	3.2034100000000000e-06
