3.7300000000000000e+00	7.8780600000000005e-04
3.7300100100100102e+00	7.9007999999999997e-04
3.7300200200200200e+00	7.9235700000000004e-04
3.7300300300300302e+00	7.9463699999999995e-04
3.7300400400400400e+00	7.9692100000000002e-04
3.7300500500500502e+00	7.9920800000000004e-04
3.7300600600600600e+00	8.0149799999999999e-04
3.7300700700700702e+00	8.0379200000000000e-04
3.7300800800800800e+00	8.0608899999999996e-04
3.7300900900900902e+00	8.0838899999999996e-04
3.7301001001001000e+00	8.1069300000000003e-04
3.7301101101101102e+00	8.1300000000000003e-04
3.7301201201201200e+00	8.1530999999999997e-04
3.7301301301301302e+00	8.1762399999999998e-04
3.7301401401401399e+00	8.1994100000000003e-04
3.7301501501501502e+00	8.2226100000000002e-04
3.7301601601601599e+00	8.2458499999999997e-04
3.7301701701701702e+00	8.2691199999999996e-04
3.7301801801801804e+00	8.2924300000000002e-04
3.7301901901901902e+00	8.3157700000000001e-04
3.7302002002002004e+00	8.3391499999999996e-04
3.7302102102102102e+00	8.3625599999999996e-04
3.7302202202202204e+00	8.3860000000000000e-04
3.7302302302302301e+00	8.4094800000000000e-04
3.7302402402402404e+00	8.4329900000000005e-04
3.7302502502502501e+00	8.4565400000000005e-04
3.7302602602602604e+00	8.4801300000000000e-04
3.7302702702702701e+00	8.5037399999999999e-04
3.7302802802802804e+00	8.5274000000000005e-04
3.7302902902902901e+00	8.5510899999999995e-04
3.7303003003003004e+00	8.5748100000000000e-04
3.7303103103103101e+00	8.5985700000000000e-04
3.7303203203203203e+00	8.6223599999999995e-04
3.7303303303303301e+00	8.6461999999999997e-04
3.7303403403403403e+00	8.6700600000000003e-04
3.7303503503503501e+00	8.6939600000000004e-04
3.7303603603603603e+00	8.7179000000000000e-04
3.7303703703703706e+00	8.7418800000000003e-04
3.7303803803803803e+00	8.7658899999999999e-04
3.7303903903903906e+00	8.7899300000000001e-04
3.7304004004004003e+00	8.8140199999999999e-04
3.7304104104104105e+00	8.8381400000000002e-04
3.7304204204204203e+00	8.8622899999999999e-04
3.7304304304304305e+00	8.8864900000000004e-04
3.7304404404404403e+00	8.9107200000000002e-04
3.7304504504504505e+00	8.9349799999999995e-04
3.7304604604604603e+00	8.9592899999999995e-04
3.7304704704704705e+00	8.9836300000000000e-04
3.7304804804804803e+00	9.0080100000000001e-04
3.7304904904904905e+00	9.0324299999999997e-04
3.7305005005005003e+00	9.0568799999999998e-04
3.7305105105105105e+00	9.0813700000000005e-04
3.7305205205205203e+00	9.1058999999999997e-04
3.7305305305305305e+00	9.1304699999999995e-04
3.7305405405405407e+00	9.1550799999999999e-04
3.7305505505505505e+00	9.1797199999999997e-04
3.7305605605605607e+00	9.2044000000000002e-04
3.7305705705705705e+00	9.2291200000000002e-04
3.7305805805805807e+00	9.2538799999999997e-04
3.7305905905905905e+00	9.2786799999999999e-04
3.7306006006006007e+00	9.3035199999999996e-04
3.7306106106106105e+00	9.3283999999999999e-04
3.7306206206206207e+00	9.3533199999999998e-04
3.7306306306306305e+00	9.3782700000000002e-04
3.7306406406406407e+00	9.4032700000000002e-04
3.7306506506506505e+00	9.4282999999999997e-04
3.7306606606606607e+00	9.4533799999999999e-04
3.7306706706706705e+00	9.4784899999999996e-04
3.7306806806806807e+00	9.5036500000000000e-04
3.7306906906906905e+00	9.5288399999999998e-04
3.7307007007007007e+00	9.5540800000000004e-04
3.7307107107107109e+00	9.5793600000000005e-04
3.7307207207207207e+00	9.6046700000000000e-04
3.7307307307307309e+00	9.6300300000000004e-04
3.7307407407407407e+00	9.6554300000000002e-04
3.7307507507507509e+00	9.6808699999999996e-04
3.7307607607607607e+00	9.7063599999999998e-04
3.7307707707707709e+00	9.7318800000000005e-04
3.7307807807807807e+00	9.7574499999999998e-04
3.7307907907907909e+00	9.7830500000000006e-04
3.7308008008008007e+00	9.8087000000000001e-04
3.7308108108108109e+00	9.8343999999999992e-04
3.7308208208208207e+00	9.8601299999999999e-04
3.7308308308308309e+00	9.8859100000000004e-04
3.7308408408408407e+00	9.9117299999999992e-04
3.7308508508508509e+00	9.9375900000000009e-04
3.7308608608608607e+00	9.9635000000000001e-04
3.7308708708708709e+00	9.9894500000000000e-04
3.7308808808808811e+00	1.0015400000000000e-03
3.7308908908908909e+00	1.0041500000000001e-03
3.7309009009009011e+00	1.0067600000000000e-03
3.7309109109109109e+00	1.0093700000000001e-03
3.7309209209209211e+00	1.0119899999999999e-03
3.7309309309309309e+00	1.0146100000000000e-03
3.7309409409409411e+00	1.0172300000000000e-03
3.7309509509509509e+00	1.0198600000000000e-03
3.7309609609609611e+00	1.0225000000000000e-03
3.7309709709709709e+00	1.0251399999999999e-03
3.7309809809809811e+00	1.0277800000000001e-03
3.7309909909909909e+00	1.0304299999999999e-03
3.7310010010010011e+00	1.0330800000000000e-03
3.7310110110110108e+00	1.0357400000000001e-03
3.7310210210210211e+00	1.0384000000000001e-03
3.7310310310310308e+00	1.0410700000000001e-03
3.7310410410410411e+00	1.0437400000000000e-03
3.7310510510510508e+00	1.0464199999999999e-03
3.7310610610610611e+00	1.0491000000000001e-03
3.7310710710710713e+00	1.0517899999999999e-03
3.7310810810810811e+00	1.0544800000000000e-03
3.7310910910910913e+00	1.0571700000000001e-03
3.7311011011011010e+00	1.0598700000000001e-03
3.7311111111111113e+00	1.0625800000000000e-03
3.7311211211211210e+00	1.0652900000000000e-03
3.7311311311311313e+00	1.0679999999999999e-03
3.7311411411411410e+00	1.0707200000000000e-03
3.7311511511511513e+00	1.0734500000000001e-03
3.7311611611611610e+00	1.0761799999999999e-03
3.7311711711711713e+00	1.0789100000000000e-03
3.7311811811811810e+00	1.0816500000000000e-03
3.7311911911911912e+00	1.0843900000000000e-03
3.7312012012012010e+00	1.0871399999999999e-03
3.7312112112112112e+00	1.0899000000000000e-03
3.7312212212212210e+00	1.0926600000000001e-03
3.7312312312312312e+00	1.0954199999999999e-03
3.7312412412412415e+00	1.0981900000000000e-03
3.7312512512512512e+00	1.1009699999999999e-03
3.7312612612612615e+00	1.1037499999999999e-03
3.7312712712712712e+00	1.1065400000000000e-03
3.7312812812812814e+00	1.1093300000000000e-03
3.7312912912912912e+00	1.1121200000000001e-03
3.7313013013013014e+00	1.1149199999999999e-03
3.7313113113113112e+00	1.1177299999999999e-03
3.7313213213213214e+00	1.1205399999999999e-03
3.7313313313313312e+00	1.1233599999999999e-03
3.7313413413413414e+00	1.1261800000000001e-03
3.7313513513513512e+00	1.1290100000000000e-03
3.7313613613613614e+00	1.1318500000000000e-03
3.7313713713713712e+00	1.1346900000000000e-03
3.7313813813813814e+00	1.1375300000000001e-03
3.7313913913913912e+00	1.1403800000000001e-03
3.7314014014014014e+00	1.1432400000000000e-03
3.7314114114114116e+00	1.1460999999999999e-03
3.7314214214214214e+00	1.1489700000000000e-03
3.7314314314314316e+00	1.1518399999999999e-03
3.7314414414414414e+00	1.1547199999999999e-03
3.7314514514514516e+00	1.1576100000000001e-03
3.7314614614614614e+00	1.1605000000000001e-03
3.7314714714714716e+00	1.1633900000000000e-03
3.7314814814814814e+00	1.1663000000000001e-03
3.7314914914914916e+00	1.1692100000000000e-03
3.7315015015015014e+00	1.1721200000000000e-03
3.7315115115115116e+00	1.1750400000000000e-03
3.7315215215215214e+00	1.1779700000000000e-03
3.7315315315315316e+00	1.1808999999999999e-03
3.7315415415415414e+00	1.1838400000000000e-03
3.7315515515515516e+00	1.1867799999999999e-03
3.7315615615615614e+00	1.1897300000000000e-03
3.7315715715715716e+00	1.1926899999999999e-03
3.7315815815815818e+00	1.1956499999999999e-03
3.7315915915915916e+00	1.1986200000000001e-03
3.7316016016016018e+00	1.2015999999999999e-03
3.7316116116116116e+00	1.2045800000000000e-03
3.7316216216216218e+00	1.2075700000000000e-03
3.7316316316316316e+00	1.2105600000000001e-03
3.7316416416416418e+00	1.2135600000000000e-03
3.7316516516516516e+00	1.2165699999999999e-03
3.7316616616616618e+00	1.2195900000000000e-03
3.7316716716716716e+00	1.2226100000000001e-03
3.7316816816816818e+00	1.2256299999999999e-03
3.7316916916916916e+00	1.2286700000000001e-03
3.7317017017017018e+00	1.2317100000000000e-03
3.7317117117117116e+00	1.2347599999999999e-03
3.7317217217217218e+00	1.2378100000000000e-03
3.7317317317317316e+00	1.2408700000000000e-03
3.7317417417417418e+00	1.2439400000000000e-03
3.7317517517517516e+00	1.2470199999999999e-03
3.7317617617617618e+00	1.2501000000000001e-03
3.7317717717717720e+00	1.2531899999999999e-03
3.7317817817817818e+00	1.2562800000000000e-03
3.7317917917917920e+00	1.2593800000000000e-03
3.7318018018018018e+00	1.2624900000000000e-03
3.7318118118118120e+00	1.2656099999999999e-03
3.7318218218218218e+00	1.2687400000000000e-03
3.7318318318318320e+00	1.2718700000000000e-03
3.7318418418418418e+00	1.2750100000000000e-03
3.7318518518518520e+00	1.2781500000000000e-03
3.7318618618618618e+00	1.2813099999999999e-03
3.7318718718718720e+00	1.2844700000000000e-03
3.7318818818818817e+00	1.2876400000000001e-03
3.7318918918918920e+00	1.2908100000000001e-03
3.7319019019019017e+00	1.2940000000000000e-03
3.7319119119119120e+00	1.2971899999999999e-03
3.7319219219219217e+00	1.3003900000000000e-03
3.7319319319319320e+00	1.3036000000000000e-03
3.7319419419419422e+00	1.3068100000000000e-03
3.7319519519519520e+00	1.3100300000000000e-03
3.7319619619619622e+00	1.3132700000000001e-03
3.7319719719719719e+00	1.3165000000000000e-03
3.7319819819819822e+00	1.3197500000000000e-03
3.7319919919919919e+00	1.3230099999999999e-03
3.7320020020020022e+00	1.3262700000000001e-03
3.7320120120120119e+00	1.3295399999999999e-03
3.7320220220220222e+00	1.3328200000000000e-03
3.7320320320320319e+00	1.3361099999999999e-03
3.7320420420420422e+00	1.3394100000000001e-03
3.7320520520520519e+00	1.3427100000000000e-03
3.7320620620620621e+00	1.3460200000000001e-03
3.7320720720720719e+00	1.3493500000000000e-03
3.7320820820820821e+00	1.3526800000000000e-03
3.7320920920920919e+00	1.3560200000000001e-03
3.7321021021021021e+00	1.3593600000000000e-03
3.7321121121121124e+00	1.3627200000000000e-03
3.7321221221221221e+00	1.3660899999999999e-03
3.7321321321321324e+00	1.3694600000000001e-03
3.7321421421421421e+00	1.3728499999999999e-03
3.7321521521521523e+00	1.3762399999999999e-03
3.7321621621621621e+00	1.3796399999999999e-03
3.7321721721721723e+00	1.3830500000000000e-03
3.7321821821821821e+00	1.3864700000000001e-03
3.7321921921921923e+00	1.3898999999999999e-03
3.7322022022022021e+00	1.3933400000000001e-03
3.7322122122122123e+00	1.3967900000000000e-03
3.7322222222222221e+00	1.4002500000000000e-03
3.7322322322322323e+00	1.4037200000000000e-03
3.7322422422422421e+00	1.4071999999999999e-03
3.7322522522522523e+00	1.4106900000000000e-03
3.7322622622622621e+00	1.4141900000000001e-03
3.7322722722722723e+00	1.4176900000000001e-03
3.7322822822822825e+00	1.4212100000000000e-03
3.7322922922922923e+00	1.4247400000000001e-03
3.7323023023023025e+00	1.4282800000000001e-03
3.7323123123123123e+00	1.4318300000000000e-03
3.7323223223223225e+00	1.4353800000000000e-03
3.7323323323323323e+00	1.4389500000000000e-03
3.7323423423423425e+00	1.4425300000000000e-03
3.7323523523523523e+00	1.4461299999999999e-03
3.7323623623623625e+00	1.4497300000000000e-03
3.7323723723723723e+00	1.4533400000000000e-03
3.7323823823823825e+00	1.4569600000000000e-03
3.7323923923923923e+00	1.4606000000000000e-03
3.7324024024024025e+00	1.4642399999999999e-03
3.7324124124124123e+00	1.4679000000000001e-03
3.7324224224224225e+00	1.4715600000000000e-03
3.7324324324324323e+00	1.4752400000000001e-03
3.7324424424424425e+00	1.4789300000000000e-03
3.7324524524524523e+00	1.4826399999999999e-03
3.7324624624624625e+00	1.4863500000000000e-03
3.7324724724724727e+00	1.4900700000000000e-03
3.7324824824824825e+00	1.4938099999999999e-03
3.7324924924924927e+00	1.4975600000000000e-03
3.7325025025025025e+00	1.5013200000000000e-03
3.7325125125125127e+00	1.5051000000000001e-03
3.7325225225225225e+00	1.5088800000000000e-03
3.7325325325325327e+00	1.5126800000000000e-03
3.7325425425425425e+00	1.5164899999999999e-03
3.7325525525525527e+00	1.5203100000000000e-03
3.7325625625625625e+00	1.5241499999999999e-03
3.7325725725725727e+00	1.5280000000000001e-03
3.7325825825825825e+00	1.5318599999999999e-03
3.7325925925925927e+00	1.5357299999999999e-03
3.7326026026026025e+00	1.5396200000000000e-03
3.7326126126126127e+00	1.5435200000000000e-03
3.7326226226226225e+00	1.5474300000000000e-03
3.7326326326326327e+00	1.5513599999999999e-03
3.7326426426426429e+00	1.5552999999999999e-03
3.7326526526526527e+00	1.5592600000000000e-03
3.7326626626626629e+00	1.5632300000000001e-03
3.7326726726726727e+00	1.5672100000000001e-03
3.7326826826826829e+00	1.5712000000000000e-03
3.7326926926926927e+00	1.5752200000000000e-03
3.7327027027027029e+00	1.5792400000000000e-03
3.7327127127127127e+00	1.5832800000000001e-03
3.7327227227227229e+00	1.5873400000000000e-03
3.7327327327327327e+00	1.5914099999999999e-03
3.7327427427427429e+00	1.5954900000000000e-03
3.7327527527527526e+00	1.5995899999999999e-03
3.7327627627627629e+00	1.6037000000000000e-03
3.7327727727727726e+00	1.6078300000000000e-03
3.7327827827827829e+00	1.6119800000000001e-03
3.7327927927927926e+00	1.6161400000000001e-03
3.7328028028028029e+00	1.6203200000000000e-03
3.7328128128128131e+00	1.6245100000000000e-03
3.7328228228228229e+00	1.6287200000000000e-03
3.7328328328328331e+00	1.6329400000000000e-03
3.7328428428428428e+00	1.6371900000000000e-03
3.7328528528528531e+00	1.6414400000000001e-03
3.7328628628628628e+00	1.6457200000000000e-03
3.7328728728728731e+00	1.6500099999999999e-03
3.7328828828828828e+00	1.6543199999999999e-03
3.7328928928928931e+00	1.6586500000000000e-03
3.7329029029029028e+00	1.6629900000000000e-03
3.7329129129129131e+00	1.6673500000000000e-03
3.7329229229229228e+00	1.6717300000000000e-03
3.7329329329329330e+00	1.6761300000000001e-03
3.7329429429429428e+00	1.6805399999999999e-03
3.7329529529529530e+00	1.6849700000000000e-03
3.7329629629629628e+00	1.6894300000000000e-03
3.7329729729729730e+00	1.6938999999999999e-03
3.7329829829829833e+00	1.6983899999999999e-03
3.7329929929929930e+00	1.7029000000000000e-03
3.7330030030030033e+00	1.7074200000000001e-03
3.7330130130130130e+00	1.7119699999999999e-03
3.7330230230230232e+00	1.7165399999999999e-03
3.7330330330330330e+00	1.7211200000000000e-03
3.7330430430430432e+00	1.7257300000000000e-03
3.7330530530530530e+00	1.7303600000000000e-03
3.7330630630630632e+00	1.7350099999999999e-03
3.7330730730730730e+00	1.7396800000000000e-03
3.7330830830830832e+00	1.7443700000000001e-03
3.7330930930930930e+00	1.7490800000000001e-03
3.7331031031031032e+00	1.7538100000000000e-03
3.7331131131131130e+00	1.7585599999999999e-03
3.7331231231231232e+00	1.7633400000000000e-03
3.7331331331331330e+00	1.7681400000000001e-03
3.7331431431431432e+00	1.7729600000000001e-03
3.7331531531531530e+00	1.7778000000000000e-03
3.7331631631631632e+00	1.7826700000000001e-03
3.7331731731731734e+00	1.7875600000000001e-03
3.7331831831831832e+00	1.7924700000000000e-03
3.7331931931931934e+00	1.7974099999999999e-03
3.7332032032032032e+00	1.8023700000000000e-03
3.7332132132132134e+00	1.8073500000000001e-03
3.7332232232232232e+00	1.8123600000000001e-03
3.7332332332332334e+00	1.8174000000000000e-03
3.7332432432432432e+00	1.8224500000000000e-03
3.7332532532532534e+00	1.8275399999999999e-03
3.7332632632632632e+00	1.8326499999999999e-03
3.7332732732732734e+00	1.8377900000000000e-03
3.7332832832832832e+00	1.8429500000000001e-03
3.7332932932932934e+00	1.8481400000000001e-03
3.7333033033033032e+00	1.8533499999999999e-03
3.7333133133133134e+00	1.8586000000000000e-03
3.7333233233233232e+00	1.8638699999999999e-03
3.7333333333333334e+00	1.8691700000000001e-03
3.7333433433433436e+00	1.8744899999999999e-03
3.7333533533533534e+00	1.8798500000000000e-03
3.7333633633633636e+00	1.8852299999999999e-03
3.7333733733733734e+00	1.8906500000000000e-03
3.7333833833833836e+00	1.8960900000000000e-03
3.7333933933933934e+00	1.9015700000000000e-03
3.7334034034034036e+00	1.9070700000000001e-03
3.7334134134134134e+00	1.9126000000000000e-03
3.7334234234234236e+00	1.9181700000000001e-03
3.7334334334334334e+00	1.9237700000000000e-03
3.7334434434434436e+00	1.9294000000000000e-03
3.7334534534534534e+00	1.9350599999999999e-03
3.7334634634634636e+00	1.9407500000000000e-03
3.7334734734734734e+00	1.9464800000000000e-03
3.7334834834834836e+00	1.9522400000000001e-03
3.7334934934934934e+00	1.9580399999999999e-03
3.7335035035035036e+00	1.9638699999999999e-03
3.7335135135135138e+00	1.9697299999999998e-03
3.7335235235235236e+00	1.9756399999999999e-03
3.7335335335335338e+00	1.9815700000000002e-03
3.7335435435435436e+00	1.9875499999999998e-03
3.7335535535535538e+00	1.9935600000000001e-03
3.7335635635635636e+00	1.9995999999999998e-03
3.7335735735735738e+00	2.0056900000000001e-03
3.7335835835835836e+00	2.0118100000000002e-03
3.7335935935935938e+00	2.0179700000000000e-03
3.7336036036036035e+00	2.0241800000000000e-03
3.7336136136136138e+00	2.0304199999999998e-03
3.7336236236236235e+00	2.0366999999999998e-03
3.7336336336336338e+00	2.0430299999999999e-03
3.7336436436436435e+00	2.0493899999999999e-03
3.7336536536536538e+00	2.0558000000000000e-03
3.7336636636636635e+00	2.0622499999999998e-03
3.7336736736736738e+00	2.0687499999999998e-03
3.7336836836836835e+00	2.0752900000000000e-03
3.7336936936936937e+00	2.0818700000000000e-03
3.7337037037037040e+00	2.0885000000000001e-03
3.7337137137137137e+00	2.0951799999999999e-03
3.7337237237237240e+00	2.1018999999999999e-03
3.7337337337337337e+00	2.1086700000000000e-03
3.7337437437437440e+00	2.1154899999999998e-03
3.7337537537537537e+00	2.1223499999999998e-03
3.7337637637637640e+00	2.1292699999999999e-03
3.7337737737737737e+00	2.1362400000000002e-03
3.7337837837837839e+00	2.1432600000000001e-03
3.7337937937937937e+00	2.1503300000000002e-03
3.7338038038038039e+00	2.1574500000000000e-03
3.7338138138138137e+00	2.1646299999999999e-03
3.7338238238238239e+00	2.1718599999999998e-03
3.7338338338338337e+00	2.1791499999999999e-03
3.7338438438438439e+00	2.1864900000000001e-03
3.7338538538538537e+00	2.1938900000000000e-03
3.7338638638638639e+00	2.2013499999999999e-03
3.7338738738738741e+00	2.2088699999999999e-03
3.7338838838838839e+00	2.2164500000000000e-03
3.7338938938938941e+00	2.2240900000000002e-03
3.7339039039039039e+00	2.2317900000000000e-03
3.7339139139139141e+00	2.2395499999999999e-03
3.7339239239239239e+00	2.2473800000000002e-03
3.7339339339339341e+00	2.2552800000000001e-03
3.7339439439439439e+00	2.2632400000000001e-03
3.7339539539539541e+00	2.2712600000000002e-03
3.7339639639639639e+00	2.2793599999999998e-03
3.7339739739739741e+00	2.2875199999999999e-03
3.7339839839839839e+00	2.2957600000000000e-03
3.7339939939939941e+00	2.3040700000000001e-03
3.7340040040040039e+00	2.3124500000000002e-03
3.7340140140140141e+00	2.3209099999999998e-03
3.7340240240240239e+00	2.3294399999999999e-03
3.7340340340340341e+00	2.3380499999999999e-03
3.7340440440440443e+00	2.3467399999999999e-03
3.7340540540540541e+00	2.3555099999999999e-03
3.7340640640640643e+00	2.3643599999999998e-03
3.7340740740740741e+00	2.3732900000000001e-03
3.7340840840840843e+00	2.3823099999999999e-03
3.7340940940940941e+00	2.3914200000000000e-03
3.7341041041041043e+00	2.4006100000000001e-03
3.7341141141141141e+00	2.4099000000000000e-03
3.7341241241241243e+00	2.4192699999999998e-03
3.7341341341341341e+00	2.4287400000000000e-03
3.7341441441441443e+00	2.4383100000000000e-03
3.7341541541541541e+00	2.4479699999999998e-03
3.7341641641641643e+00	2.4577300000000000e-03
3.7341741741741741e+00	2.4675900000000000e-03
3.7341841841841843e+00	2.4775499999999998e-03
3.7341941941941941e+00	2.4876199999999998e-03
3.7342042042042043e+00	2.4978000000000001e-03
3.7342142142142145e+00	2.5080800000000002e-03
3.7342242242242243e+00	2.5184800000000000e-03
3.7342342342342345e+00	2.5289900000000001e-03
3.7342442442442443e+00	2.5396199999999998e-03
3.7342542542542545e+00	2.5503700000000002e-03
3.7342642642642643e+00	2.5612299999999998e-03
3.7342742742742745e+00	2.5722300000000000e-03
3.7342842842842843e+00	2.5833499999999999e-03
3.7342942942942945e+00	2.5945999999999999e-03
3.7343043043043043e+00	2.6059799999999999e-03
3.7343143143143145e+00	2.6175000000000000e-03
3.7343243243243243e+00	2.6291499999999998e-03
3.7343343343343345e+00	2.6409500000000000e-03
3.7343443443443443e+00	2.6529000000000001e-03
3.7343543543543545e+00	2.6649899999999999e-03
3.7343643643643643e+00	2.6772400000000000e-03
3.7343743743743745e+00	2.6896400000000001e-03
3.7343843843843842e+00	2.7022000000000001e-03
3.7343943943943945e+00	2.7149200000000000e-03
3.7344044044044047e+00	2.7278200000000002e-03
3.7344144144144145e+00	2.7408799999999998e-03
3.7344244244244247e+00	2.7541200000000001e-03
3.7344344344344345e+00	2.7675400000000002e-03
3.7344444444444447e+00	2.7811500000000000e-03
3.7344544544544545e+00	2.7949400000000001e-03
3.7344644644644647e+00	2.8089399999999998e-03
3.7344744744744744e+00	2.8231300000000001e-03
3.7344844844844847e+00	2.8375300000000000e-03
3.7344944944944944e+00	2.8521400000000000e-03
3.7345045045045047e+00	2.8669600000000000e-03
3.7345145145145144e+00	2.8820100000000000e-03
3.7345245245245247e+00	2.8972899999999998e-03
3.7345345345345344e+00	2.9128100000000001e-03
3.7345445445445447e+00	2.9285700000000001e-03
3.7345545545545544e+00	2.9445800000000000e-03
3.7345645645645646e+00	2.9608400000000002e-03
3.7345745745745749e+00	2.9773800000000000e-03
3.7345845845845846e+00	2.9941799999999999e-03
3.7345945945945949e+00	3.0112699999999999e-03
3.7346046046046046e+00	3.0286499999999999e-03
3.7346146146146149e+00	3.0463199999999999e-03
3.7346246246246246e+00	3.0643100000000002e-03
3.7346346346346349e+00	3.0826199999999999e-03
3.7346446446446446e+00	3.1012499999999998e-03
3.7346546546546548e+00	3.1202299999999999e-03
3.7346646646646646e+00	3.1395600000000000e-03
3.7346746746746748e+00	3.1592600000000001e-03
3.7346846846846846e+00	3.1793300000000002e-03
3.7346946946946948e+00	3.1997900000000001e-03
3.7347047047047046e+00	3.2206600000000002e-03
3.7347147147147148e+00	3.2419500000000000e-03
3.7347247247247246e+00	3.2636700000000002e-03
3.7347347347347348e+00	3.2858499999999999e-03
3.7347447447447450e+00	3.3084899999999999e-03
3.7347547547547548e+00	3.3316299999999999e-03
3.7347647647647650e+00	3.3552700000000000e-03
3.7347747747747748e+00	3.3794300000000001e-03
3.7347847847847850e+00	3.4041499999999999e-03
3.7347947947947948e+00	3.4294299999999998e-03
3.7348048048048050e+00	3.4553200000000000e-03
3.7348148148148148e+00	3.4818200000000001e-03
3.7348248248248250e+00	3.5089800000000001e-03
3.7348348348348348e+00	3.5368100000000000e-03
3.7348448448448450e+00	3.5653600000000001e-03
3.7348548548548548e+00	3.5946400000000001e-03
3.7348648648648650e+00	3.6247100000000002e-03
3.7348748748748748e+00	3.6555899999999998e-03
3.7348848848848850e+00	3.6873299999999999e-03
3.7348948948948948e+00	3.7199600000000000e-03
3.7349049049049050e+00	3.7535500000000000e-03
3.7349149149149152e+00	3.7881299999999998e-03
3.7349249249249250e+00	3.8237599999999998e-03
3.7349349349349352e+00	3.8605100000000002e-03
3.7349449449449450e+00	3.8984200000000001e-03
3.7349549549549552e+00	3.9375800000000004e-03
3.7349649649649650e+00	3.9780400000000004e-03
3.7349749749749752e+00	4.0198999999999999e-03
3.7349849849849850e+00	4.0632500000000000e-03
3.7349949949949952e+00	4.1081599999999996e-03
3.7350050050050050e+00	4.1547600000000004e-03
3.7350150150150152e+00	4.2031400000000002e-03
3.7350250250250250e+00	4.2534499999999998e-03
3.7350350350350352e+00	4.3058000000000003e-03
3.7350450450450450e+00	4.3603599999999998e-03
3.7350550550550552e+00	4.4172899999999999e-03
3.7350650650650650e+00	4.4767699999999997e-03
3.7350750750750752e+00	4.5390099999999996e-03
3.7350850850850850e+00	4.6042399999999999e-03
3.7350950950950952e+00	4.6727000000000001e-03
3.7351051051051054e+00	4.7447000000000001e-03
3.7351151151151152e+00	4.8205399999999999e-03
3.7351251251251254e+00	4.9005999999999997e-03
3.7351351351351352e+00	4.9852899999999999e-03
3.7351451451451454e+00	5.0750700000000001e-03
3.7351551551551552e+00	5.1704899999999998e-03
3.7351651651651654e+00	5.2721599999999997e-03
3.7351751751751752e+00	5.3808099999999998e-03
3.7351851851851854e+00	5.4972500000000004e-03
3.7351951951951952e+00	5.6224600000000001e-03
3.7352052052052054e+00	5.7575899999999999e-03
3.7352152152152152e+00	5.9039899999999996e-03
3.7352252252252254e+00	6.0632600000000000e-03
3.7352352352352352e+00	6.2373600000000000e-03
3.7352452452452454e+00	6.4286400000000002e-03
3.7352552552552551e+00	6.6399700000000002e-03
3.7352652652652654e+00	6.8749299999999996e-03
3.7352752752752756e+00	7.1379800000000004e-03
3.7352852852852854e+00	7.4347900000000001e-03
3.7352952952952956e+00	7.7726599999999998e-03
3.7353053053053054e+00	8.1611099999999992e-03
3.7353153153153156e+00	8.6128300000000001e-03
3.7353253253253254e+00	9.1450999999999998e-03
3.7353353353353356e+00	9.7819399999999994e-03
3.7353453453453453e+00	1.0557800000000001e-02
3.7353553553553556e+00	1.1523600000000000e-02
3.7353653653653653e+00	1.2757900000000001e-02
3.7353753753753756e+00	1.4387300000000000e-02
3.7353853853853853e+00	1.6628700000000000e-02
3.7353953953953956e+00	1.9882899999999998e-02
3.7354054054054053e+00	2.4966599999999999e-02
3.7354154154154156e+00	3.3785299999999997e-02
3.7354254254254253e+00	5.1735999999999997e-02
3.7354354354354355e+00	9.9293300000000001e-02
3.7354454454454458e+00	2.8200300000000000e-01
3.7354554554554555e+00	2.8984700000000002e-01
3.7354654654654658e+00	5.4883599999999998e-02
3.7354754754754755e+00	1.4486700000000000e-02
3.7354854854854858e+00	4.6013800000000004e-03
3.7354954954954955e+00	1.4520200000000000e-03
3.7355055055055058e+00	3.6198799999999999e-04
3.7355155155155155e+00	3.2787399999999997e-05
3.7355255255255257e+00	1.6820000000000002e-05
3.7355355355355355e+00	1.3651700000000001e-04
3.7355455455455457e+00	3.1453100000000000e-04
3.7355555555555555e+00	5.1508399999999996e-04
3.7355655655655657e+00	7.2108600000000001e-04
3.7355755755755755e+00	9.2436099999999995e-04
3.7355855855855857e+00	1.1211600000000000e-03
3.7355955955955955e+00	1.3100000000000000e-03
3.7356056056056057e+00	1.4905599999999999e-03
3.7356156156156159e+00	1.6631000000000000e-03
3.7356256256256257e+00	1.8281899999999999e-03
3.7356356356356359e+00	1.9865000000000000e-03
3.7356456456456457e+00	2.1387699999999999e-03
3.7356556556556559e+00	2.2856899999999999e-03
3.7356656656656657e+00	2.4279700000000002e-03
3.7356756756756759e+00	2.5662400000000000e-03
3.7356856856856857e+00	2.7011000000000001e-03
3.7356956956956959e+00	2.8330999999999999e-03
3.7357057057057057e+00	2.9627799999999999e-03
3.7357157157157159e+00	3.0906000000000002e-03
3.7357257257257257e+00	3.2170300000000001e-03
3.7357357357357359e+00	3.3424800000000001e-03
3.7357457457457457e+00	3.4673500000000001e-03
3.7357557557557559e+00	3.5920399999999999e-03
3.7357657657657657e+00	3.7169099999999999e-03
3.7357757757757759e+00	3.8423099999999998e-03
3.7357857857857857e+00	3.9685900000000001e-03
3.7357957957957959e+00	4.0961100000000000e-03
3.7358058058058061e+00	4.2251900000000002e-03
3.7358158158158159e+00	4.3561900000000002e-03
3.7358258258258261e+00	4.4894499999999999e-03
3.7358358358358359e+00	4.6253300000000004e-03
3.7358458458458461e+00	4.7641799999999998e-03
3.7358558558558559e+00	4.9063900000000001e-03
3.7358658658658661e+00	5.0523499999999997e-03
3.7358758758758759e+00	5.2024599999999999e-03
3.7358858858858861e+00	5.3571699999999996e-03
3.7358958958958959e+00	5.5169199999999998e-03
3.7359059059059061e+00	5.6822200000000000e-03
3.7359159159159159e+00	5.8535699999999998e-03
3.7359259259259261e+00	6.0315500000000001e-03
3.7359359359359359e+00	6.2167699999999999e-03
3.7359459459459461e+00	6.4098799999999997e-03
3.7359559559559559e+00	6.6115999999999996e-03
3.7359659659659661e+00	6.8227100000000001e-03
3.7359759759759763e+00	7.0440800000000003e-03
3.7359859859859861e+00	7.2766400000000000e-03
3.7359959959959963e+00	7.5214499999999998e-03
3.7360060060060061e+00	7.7796499999999999e-03
3.7360160160160163e+00	8.0525200000000005e-03
3.7360260260260261e+00	8.3414900000000000e-03
3.7360360360360363e+00	8.6481600000000002e-03
3.7360460460460461e+00	8.9743099999999992e-03
3.7360560560560563e+00	9.3219600000000007e-03
3.7360660660660661e+00	9.6933799999999997e-03
3.7360760760760763e+00	1.0091100000000000e-02
3.7360860860860861e+00	1.0518200000000000e-02
3.7360960960960963e+00	1.0977799999999999e-02
3.7361061061061061e+00	1.1474000000000000e-02
3.7361161161161163e+00	1.2011000000000001e-02
3.7361261261261260e+00	1.2593900000000000e-02
3.7361361361361363e+00	1.3228800000000001e-02
3.7361461461461465e+00	1.3922600000000000e-02
3.7361561561561563e+00	1.4683399999999999e-02
3.7361661661661665e+00	1.5520900000000001e-02
3.7361761761761763e+00	1.6446300000000001e-02
3.7361861861861865e+00	1.7473599999999999e-02
3.7361961961961963e+00	1.8619000000000000e-02
3.7362062062062065e+00	1.9902500000000000e-02
3.7362162162162162e+00	2.1348499999999999e-02
3.7362262262262265e+00	2.2986900000000001e-02
3.7362362362362362e+00	2.4855200000000001e-02
3.7362462462462465e+00	2.7000099999999999e-02
3.7362562562562562e+00	2.9481100000000000e-02
3.7362662662662665e+00	3.2374500000000000e-02
3.7362762762762762e+00	3.5779199999999997e-02
3.7362862862862865e+00	3.9825699999999999e-02
3.7362962962962962e+00	4.4687900000000003e-02
3.7363063063063064e+00	5.0601599999999997e-02
3.7363163163163167e+00	5.7891400000000003e-02
3.7363263263263264e+00	6.7011200000000007e-02
3.7363363363363367e+00	7.8606200000000001e-02
3.7363463463463464e+00	9.3604900000000005e-02
3.7363563563563567e+00	1.1335300000000000e-01
3.7363663663663664e+00	1.3978299999999999e-01
3.7363763763763767e+00	1.7554800000000001e-01
3.7363863863863864e+00	2.2377500000000000e-01
3.7363963963963966e+00	2.8637200000000002e-01
3.7364064064064064e+00	3.5851899999999998e-01
3.7364164164164166e+00	4.1907200000000000e-01
3.7364264264264264e+00	4.3270599999999998e-01
3.7364364364364366e+00	3.8539099999999998e-01
3.7364464464464464e+00	3.0565199999999998e-01
3.7364564564564566e+00	2.2832500000000000e-01
3.7364664664664664e+00	1.6776400000000000e-01
3.7364764764764766e+00	1.2405099999999999e-01
3.7364864864864864e+00	9.3174499999999993e-02
3.7364964964964966e+00	7.1266399999999994e-02
3.7365065065065068e+00	5.5485699999999999e-02
3.7365165165165166e+00	4.3906599999999997e-02
3.7365265265265268e+00	3.5249000000000003e-02
3.7365365365365366e+00	2.8659400000000002e-02
3.7365465465465468e+00	2.3560999999999999e-02
3.7365565565565566e+00	1.9557600000000001e-02
3.7365665665665668e+00	1.6371699999999999e-02
3.7365765765765766e+00	1.3806100000000000e-02
3.7365865865865868e+00	1.1717699999999999e-02
3.7365965965965966e+00	1.0001400000000001e-02
3.7366066066066068e+00	8.5787499999999996e-03
3.7366166166166166e+00	7.3902700000000000e-03
3.7366266266266268e+00	6.3904499999999998e-03
3.7366366366366366e+00	5.5440200000000002e-03
3.7366466466466468e+00	4.8233399999999997e-03
3.7366566566566566e+00	4.2065499999999999e-03
3.7366666666666668e+00	3.6762000000000001e-03
3.7366766766766770e+00	3.2182399999999998e-03
3.7366866866866868e+00	2.8212599999999999e-03
3.7366966966966970e+00	2.4759500000000002e-03
3.7367067067067068e+00	2.1746500000000002e-03
3.7367167167167170e+00	1.9109999999999999e-03
3.7367267267267268e+00	1.6797200000000000e-03
3.7367367367367370e+00	1.4763900000000000e-03
3.7367467467467468e+00	1.2972700000000001e-03
3.7367567567567570e+00	1.1392200000000000e-03
3.7367667667667668e+00	9.9954899999999997e-04
3.7367767767767770e+00	8.7597499999999997e-04
3.7367867867867868e+00	7.6653799999999999e-04
3.7367967967967970e+00	6.6954999999999998e-04
3.7368068068068068e+00	5.8355799999999997e-04
3.7368168168168170e+00	5.0729799999999999e-04
3.7368268268268268e+00	4.3967499999999999e-04
3.7368368368368370e+00	3.7973299999999999e-04
3.7368468468468472e+00	3.2663700000000001e-04
3.7368568568568570e+00	2.7965200000000003e-04
3.7368668668668672e+00	2.3813500000000000e-04
3.7368768768768770e+00	2.0151800000000000e-04
3.7368868868868872e+00	1.6929799999999999e-04
3.7368968968968970e+00	1.4103200000000000e-04
3.7369069069069072e+00	1.1632500000000000e-04
3.7369169169169170e+00	9.4825299999999995e-05
3.7369269269269272e+00	7.6221000000000001e-05
3.7369369369369370e+00	6.0232699999999997e-05
3.7369469469469472e+00	4.6610699999999997e-05
3.7369569569569570e+00	3.5131300000000000e-05
3.7369669669669672e+00	2.5593599999999998e-05
3.7369769769769769e+00	1.7817099999999999e-05
3.7369869869869872e+00	1.1639100000000000e-05
3.7369969969969969e+00	6.9131799999999996e-06
3.7370070070070072e+00	3.5069400000000001e-06
3.7370170170170169e+00	1.3007200000000000e-06
3.7370270270270272e+00	1.8620599999999999e-07
3.7370370370370374e+00	6.5213700000000001e-08
3.7370470470470472e+00	8.4864600000000001e-07
3.7370570570570574e+00	2.4555600000000000e-06
3.7370670670670671e+00	4.8123499999999998e-06
3.7370770770770774e+00	7.8519899999999997e-06
3.7370870870870871e+00	1.1513400000000001e-05
3.7370970970970974e+00	1.5740900000000000e-05
3.7371071071071071e+00	2.0483699999999998e-05
3.7371171171171174e+00	2.5695200000000001e-05
3.7371271271271271e+00	3.1333000000000000e-05
3.7371371371371374e+00	3.7358199999999997e-05
3.7371471471471471e+00	4.3735200000000001e-05
3.7371571571571574e+00	5.0431299999999999e-05
3.7371671671671671e+00	5.7416700000000002e-05
3.7371771771771773e+00	6.4663899999999996e-05
3.7371871871871871e+00	7.2147600000000000e-05
3.7371971971971973e+00	7.9844800000000005e-05
3.7372072072072076e+00	8.7733999999999997e-05
3.7372172172172173e+00	9.5795800000000002e-05
3.7372272272272276e+00	1.0401200000000001e-04
3.7372372372372373e+00	1.1236700000000000e-04
3.7372472472472476e+00	1.2084400000000000e-04
3.7372572572572573e+00	1.2942900000000000e-04
3.7372672672672675e+00	1.3811100000000001e-04
3.7372772772772773e+00	1.4687599999999999e-04
3.7372872872872875e+00	1.5571399999999999e-04
3.7372972972972973e+00	1.6461500000000001e-04
3.7373073073073075e+00	1.7357000000000001e-04
3.7373173173173173e+00	1.8256899999999999e-04
3.7373273273273275e+00	1.9160499999999999e-04
3.7373373373373373e+00	2.0066999999999999e-04
3.7373473473473475e+00	2.0975900000000001e-04
3.7373573573573573e+00	2.1886400000000001e-04
3.7373673673673675e+00	2.2797900000000001e-04
3.7373773773773777e+00	2.3710100000000001e-04
3.7373873873873875e+00	2.4622300000000000e-04
3.7373973973973977e+00	2.5534199999999998e-04
3.7374074074074075e+00	2.6445199999999998e-04
3.7374174174174177e+00	2.7355100000000002e-04
3.7374274274274275e+00	2.8263499999999999e-04
3.7374374374374377e+00	2.9170100000000000e-04
3.7374474474474475e+00	3.0074499999999999e-04
3.7374574574574577e+00	3.0976600000000000e-04
3.7374674674674675e+00	3.1876000000000002e-04
3.7374774774774777e+00	3.2772500000000001e-04
3.7374874874874875e+00	3.3666000000000002e-04
3.7374974974974977e+00	3.4556200000000000e-04
3.7375075075075075e+00	3.5442999999999998e-04
3.7375175175175177e+00	3.6326199999999999e-04
3.7375275275275275e+00	3.7205700000000002e-04
3.7375375375375377e+00	3.8081299999999997e-04
3.7375475475475479e+00	3.8952900000000000e-04
3.7375575575575577e+00	3.9820500000000000e-04
3.7375675675675679e+00	4.0683899999999999e-04
3.7375775775775777e+00	4.1543000000000000e-04
3.7375875875875879e+00	4.2397799999999999e-04
3.7375975975975977e+00	4.3248199999999998e-04
3.7376076076076079e+00	4.4094099999999998e-04
3.7376176176176177e+00	4.4935500000000002e-04
3.7376276276276279e+00	4.5772400000000001e-04
3.7376376376376377e+00	4.6604699999999998e-04
3.7376476476476479e+00	4.7432399999999998e-04
3.7376576576576577e+00	4.8255400000000000e-04
3.7376676676676679e+00	4.9073699999999999e-04
3.7376776776776777e+00	4.9887399999999995e-04
3.7376876876876879e+00	5.0696400000000005e-04
3.7376976976976977e+00	5.1500600000000004e-04
3.7377077077077079e+00	5.2300199999999995e-04
3.7377177177177177e+00	5.3094999999999998e-04
3.7377277277277279e+00	5.3885200000000004e-04
3.7377377377377381e+00	5.4670599999999999e-04
3.7377477477477479e+00	5.5451399999999998e-04
3.7377577577577581e+00	5.6227399999999998e-04
3.7377677677677679e+00	5.6998800000000001e-04
3.7377777777777781e+00	5.7765500000000005e-04
3.7377877877877879e+00	5.8527600000000003e-04
3.7377977977977981e+00	5.9285100000000003e-04
3.7378078078078079e+00	6.0037999999999997e-04
3.7378178178178181e+00	6.0786300000000004e-04
3.7378278278278279e+00	6.1530000000000005e-04
3.7378378378378381e+00	6.2269300000000001e-04
3.7378478478478478e+00	6.3004000000000001e-04
3.7378578578578581e+00	6.3734299999999996e-04
3.7378678678678678e+00	6.4460099999999996e-04
3.7378778778778781e+00	6.5181500000000003e-04
3.7378878878878878e+00	6.5898499999999995e-04
3.7378978978978981e+00	6.6611199999999995e-04
3.7379079079079083e+00	6.7319500000000002e-04
3.7379179179179181e+00	6.8023499999999995e-04
3.7379279279279283e+00	6.8723299999999998e-04
3.7379379379379380e+00	6.9418900000000000e-04
3.7379479479479483e+00	7.0110300000000001e-04
3.7379579579579580e+00	7.0797500000000001e-04
3.7379679679679683e+00	7.1480600000000001e-04
3.7379779779779780e+00	7.2159600000000002e-04
3.7379879879879883e+00	7.2834600000000005e-04
3.7379979979979980e+00	7.3505499999999997e-04
3.7380080080080083e+00	7.4172500000000004e-04
3.7380180180180180e+00	7.4835500000000003e-04
3.7380280280280282e+00	7.5494600000000005e-04
3.7380380380380380e+00	7.6149799999999999e-04
3.7380480480480482e+00	7.6801099999999998e-04
3.7380580580580580e+00	7.7448700000000003e-04
3.7380680680680682e+00	7.8092500000000002e-04
3.7380780780780785e+00	7.8732499999999996e-04
3.7380880880880882e+00	7.9368899999999998e-04
3.7380980980980985e+00	8.0001499999999995e-04
3.7381081081081082e+00	8.0630600000000001e-04
3.7381181181181184e+00	8.1256000000000004e-04
3.7381281281281282e+00	8.1877899999999995e-04
3.7381381381381384e+00	8.2496200000000005e-04
3.7381481481481482e+00	8.3111000000000003e-04
3.7381581581581584e+00	8.3722400000000002e-04
3.7381681681681682e+00	8.4330300000000000e-04
3.7381781781781784e+00	8.4934900000000000e-04
3.7381881881881882e+00	8.5536100000000001e-04
3.7381981981981984e+00	8.6133900000000003e-04
3.7382082082082082e+00	8.6728499999999997e-04
3.7382182182182184e+00	8.7319700000000004e-04
3.7382282282282282e+00	8.7907800000000004e-04
3.7382382382382384e+00	8.8492599999999996e-04
3.7382482482482486e+00	8.9074300000000005e-04
3.7382582582582584e+00	8.9652799999999995e-04
3.7382682682682686e+00	9.0228300000000003e-04
3.7382782782782784e+00	9.0800600000000005e-04
3.7382882882882886e+00	9.1369900000000002e-04
3.7382982982982984e+00	9.1936199999999996e-04
3.7383083083083086e+00	9.2499499999999996e-04
3.7383183183183184e+00	9.3059800000000004e-04
3.7383283283283286e+00	9.3617199999999998e-04
3.7383383383383384e+00	9.4171700000000001e-04
3.7383483483483486e+00	9.4723400000000003e-04
3.7383583583583584e+00	9.5272200000000003e-04
3.7383683683683686e+00	9.5818200000000002e-04
3.7383783783783784e+00	9.6361400000000001e-04
3.7383883883883886e+00	9.6901799999999998e-04
3.7383983983983984e+00	9.7439499999999997e-04
3.7384084084084086e+00	9.7974499999999996e-04
3.7384184184184184e+00	9.8506900000000009e-04
3.7384284284284286e+00	9.9036599999999990e-04
3.7384384384384388e+00	9.9563600000000005e-04
3.7384484484484486e+00	1.0008800000000000e-03
3.7384584584584588e+00	1.0061000000000000e-03
3.7384684684684686e+00	1.0112900000000000e-03
3.7384784784784788e+00	1.0164600000000001e-03
3.7384884884884886e+00	1.0215999999999999e-03
3.7384984984984988e+00	1.0267200000000001e-03
3.7385085085085086e+00	1.0318199999999999e-03
3.7385185185185188e+00	1.0368899999999999e-03
3.7385285285285286e+00	1.0419299999999999e-03
3.7385385385385388e+00	1.0469600000000000e-03
3.7385485485485486e+00	1.0519500000000001e-03
3.7385585585585588e+00	1.0569300000000000e-03
3.7385685685685686e+00	1.0618800000000001e-03
3.7385785785785788e+00	1.0668100000000001e-03
3.7385885885885886e+00	1.0717200000000000e-03
3.7385985985985988e+00	1.0766000000000000e-03
3.7386086086086090e+00	1.0814600000000000e-03
3.7386186186186188e+00	1.0862999999999999e-03
3.7386286286286290e+00	1.0911199999999999e-03
3.7386386386386388e+00	1.0959200000000000e-03
3.7386486486486490e+00	1.1007000000000000e-03
3.7386586586586588e+00	1.1054500000000000e-03
3.7386686686686690e+00	1.1101800000000001e-03
3.7386786786786788e+00	1.1149000000000000e-03
3.7386886886886890e+00	1.1195900000000000e-03
3.7386986986986988e+00	1.1242600000000000e-03
3.7387087087087090e+00	1.1289099999999999e-03
3.7387187187187187e+00	1.1335399999999999e-03
3.7387287287287290e+00	1.1381600000000000e-03
3.7387387387387387e+00	1.1427500000000001e-03
3.7387487487487490e+00	1.1473200000000001e-03
3.7387587587587587e+00	1.1518699999999999e-03
3.7387687687687690e+00	1.1564100000000001e-03
3.7387787787787792e+00	1.1609200000000000e-03
3.7387887887887890e+00	1.1654199999999999e-03
3.7387987987987992e+00	1.1699000000000000e-03
3.7388088088088089e+00	1.1743599999999999e-03
3.7388188188188192e+00	1.1788000000000000e-03
3.7388288288288289e+00	1.1832300000000000e-03
3.7388388388388392e+00	1.1876300000000001e-03
3.7388488488488489e+00	1.1920200000000000e-03
3.7388588588588592e+00	1.1963900000000001e-03
3.7388688688688689e+00	1.2007500000000000e-03
3.7388788788788792e+00	1.2050800000000001e-03
3.7388888888888889e+00	1.2094000000000000e-03
3.7388988988988991e+00	1.2137100000000000e-03
3.7389089089089089e+00	1.2179900000000000e-03
3.7389189189189191e+00	1.2222600000000000e-03
3.7389289289289289e+00	1.2265200000000000e-03
3.7389389389389391e+00	1.2307500000000001e-03
3.7389489489489494e+00	1.2349699999999999e-03
3.7389589589589591e+00	1.2391800000000001e-03
3.7389689689689694e+00	1.2433699999999999e-03
3.7389789789789791e+00	1.2475400000000001e-03
3.7389889889889893e+00	1.2516999999999999e-03
3.7389989989989991e+00	1.2558400000000000e-03
3.7390090090090093e+00	1.2599700000000000e-03
3.7390190190190191e+00	1.2640800000000001e-03
3.7390290290290293e+00	1.2681700000000001e-03
3.7390390390390391e+00	1.2722600000000001e-03
3.7390490490490493e+00	1.2763200000000001e-03
3.7390590590590591e+00	1.2803800000000000e-03
3.7390690690690693e+00	1.2844099999999999e-03
3.7390790790790791e+00	1.2884400000000001e-03
3.7390890890890893e+00	1.2924499999999999e-03
3.7390990990990991e+00	1.2964400000000000e-03
3.7391091091091093e+00	1.3004200000000000e-03
3.7391191191191191e+00	1.3043900000000001e-03
3.7391291291291293e+00	1.3083400000000001e-03
3.7391391391391395e+00	1.3122800000000001e-03
3.7391491491491493e+00	1.3162099999999999e-03
3.7391591591591595e+00	1.3201199999999999e-03
3.7391691691691693e+00	1.3240200000000000e-03
3.7391791791791795e+00	1.3279100000000001e-03
3.7391891891891893e+00	1.3317800000000001e-03
3.7391991991991995e+00	1.3356399999999999e-03
3.7392092092092093e+00	1.3394900000000000e-03
3.7392192192192195e+00	1.3433300000000000e-03
3.7392292292292293e+00	1.3471500000000001e-03
3.7392392392392395e+00	1.3509600000000000e-03
3.7392492492492493e+00	1.3547600000000000e-03
3.7392592592592595e+00	1.3585400000000001e-03
3.7392692692692693e+00	1.3623100000000000e-03
3.7392792792792795e+00	1.3660800000000000e-03
3.7392892892892893e+00	1.3698199999999999e-03
3.7392992992992995e+00	1.3735600000000000e-03
3.7393093093093097e+00	1.3772900000000000e-03
3.7393193193193195e+00	1.3810000000000001e-03
3.7393293293293297e+00	1.3847000000000000e-03
3.7393393393393395e+00	1.3883900000000000e-03
3.7393493493493497e+00	1.3920700000000000e-03
3.7393593593593595e+00	1.3957399999999999e-03
3.7393693693693697e+00	1.3993899999999999e-03
3.7393793793793795e+00	1.4030399999999999e-03
3.7393893893893897e+00	1.4066700000000001e-03
3.7393993993993995e+00	1.4102900000000000e-03
3.7394094094094097e+00	1.4139100000000000e-03
3.7394194194194195e+00	1.4175100000000001e-03
3.7394294294294297e+00	1.4211000000000000e-03
3.7394394394394395e+00	1.4246800000000000e-03
3.7394494494494497e+00	1.4282400000000001e-03
3.7394594594594595e+00	1.4318000000000000e-03
3.7394694694694697e+00	1.4353500000000000e-03
3.7394794794794799e+00	1.4388900000000000e-03
3.7394894894894897e+00	1.4424200000000000e-03
3.7394994994994999e+00	1.4459300000000000e-03
3.7395095095095097e+00	1.4494400000000000e-03
3.7395195195195199e+00	1.4529400000000000e-03
3.7395295295295297e+00	1.4564300000000001e-03
3.7395395395395399e+00	1.4599000000000001e-03
3.7395495495495497e+00	1.4633700000000001e-03
3.7395595595595599e+00	1.4668299999999999e-03
3.7395695695695697e+00	1.4702800000000000e-03
3.7395795795795799e+00	1.4737200000000000e-03
3.7395895895895896e+00	1.4771500000000000e-03
3.7395995995995999e+00	1.4805700000000001e-03
3.7396096096096096e+00	1.4839800000000000e-03
3.7396196196196199e+00	1.4873800000000000e-03
3.7396296296296296e+00	1.4907700000000000e-03
3.7396396396396399e+00	1.4941500000000001e-03
3.7396496496496501e+00	1.4975300000000000e-03
3.7396596596596599e+00	1.5008899999999999e-03
3.7396696696696701e+00	1.5042499999999999e-03
3.7396796796796798e+00	1.5076000000000000e-03
3.7396896896896901e+00	1.5109399999999999e-03
3.7396996996996998e+00	1.5142700000000001e-03
3.7397097097097101e+00	1.5175900000000001e-03
3.7397197197197198e+00	1.5208999999999999e-03
3.7397297297297301e+00	1.5242000000000001e-03
3.7397397397397398e+00	1.5275000000000000e-03
3.7397497497497501e+00	1.5307900000000000e-03
3.7397597597597598e+00	1.5340600000000001e-03
3.7397697697697700e+00	1.5373400000000001e-03
3.7397797797797798e+00	1.5406000000000000e-03
3.7397897897897900e+00	1.5438500000000000e-03
3.7397997997997998e+00	1.5471000000000000e-03
3.7398098098098100e+00	1.5503400000000001e-03
3.7398198198198198e+00	1.5535600000000001e-03
3.7398298298298300e+00	1.5567900000000000e-03
3.7398398398398403e+00	1.5600000000000000e-03
3.7398498498498500e+00	1.5632100000000000e-03
3.7398598598598602e+00	1.5664100000000001e-03
3.7398698698698700e+00	1.5696000000000000e-03
3.7398798798798802e+00	1.5727800000000000e-03
3.7398898898898900e+00	1.5759500000000000e-03
3.7398998998999002e+00	1.5791200000000000e-03
3.7399099099099100e+00	1.5822799999999999e-03
3.7399199199199202e+00	1.5854400000000000e-03
3.7399299299299300e+00	1.5885800000000000e-03
3.7399399399399402e+00	1.5917200000000000e-03
3.7399499499499500e+00	1.5948500000000001e-03
3.7399599599599602e+00	1.5979700000000000e-03
3.7399699699699700e+00	1.6010899999999999e-03
3.7399799799799802e+00	1.6042000000000001e-03
3.7399899899899900e+00	1.6073000000000001e-03
3.7400000000000002e+00	1.6103999999999999e-03
