3.7300000000000000e+00	8.0936500000000004e-04
3.7300100100100102e+00	8.1166799999999998e-04
3.7300200200200200e+00	8.1397399999999997e-04
3.7300300300300302e+00	8.1628400000000002e-04
3.7300400400400400e+00	8.1859800000000003e-04
3.7300500500500502e+00	8.2091399999999995e-04
3.7300600600600600e+00	8.2323499999999996e-04
3.7300700700700702e+00	8.2555900000000002e-04
3.7300800800800800e+00	8.2788600000000001e-04
3.7300900900900902e+00	8.3021699999999996e-04
3.7301001001001000e+00	8.3255099999999995e-04
3.7301101101101102e+00	8.3489000000000002e-04
3.7301201201201200e+00	8.3723100000000002e-04
3.7301301301301302e+00	8.3957599999999997e-04
3.7301401401401399e+00	8.4192499999999999e-04
3.7301501501501502e+00	8.4427799999999996e-04
3.7301601601601599e+00	8.4663399999999997e-04
3.7301701701701702e+00	8.4899400000000005e-04
3.7301801801801804e+00	8.5135699999999996e-04
3.7301901901901902e+00	8.5372400000000004e-04
3.7302002002002004e+00	8.5609499999999997e-04
3.7302102102102102e+00	8.5846900000000005e-04
3.7302202202202204e+00	8.6084699999999998e-04
3.7302302302302301e+00	8.6322899999999997e-04
3.7302402402402404e+00	8.6561500000000003e-04
3.7302502502502501e+00	8.6800400000000002e-04
3.7302602602602604e+00	8.7039699999999997e-04
3.7302702702702701e+00	8.7279399999999998e-04
3.7302802802802804e+00	8.7519400000000004e-04
3.7302902902902901e+00	8.7759899999999996e-04
3.7303003003003004e+00	8.8000700000000003e-04
3.7303103103103101e+00	8.8241899999999996e-04
3.7303203203203203e+00	8.8483400000000003e-04
3.7303303303303301e+00	8.8725399999999997e-04
3.7303403403403403e+00	8.8967799999999997e-04
3.7303503503503501e+00	8.9210500000000002e-04
3.7303603603603603e+00	8.9453600000000003e-04
3.7303703703703706e+00	8.9697200000000000e-04
3.7303803803803803e+00	8.9941100000000003e-04
3.7303903903903906e+00	9.0185400000000000e-04
3.7304004004004003e+00	9.0430100000000004e-04
3.7304104104104105e+00	9.0675200000000004e-04
3.7304204204204203e+00	9.0920699999999998e-04
3.7304304304304305e+00	9.1166600000000000e-04
3.7304404404404403e+00	9.1412899999999996e-04
3.7304504504504505e+00	9.1659599999999999e-04
3.7304604604604603e+00	9.1906699999999997e-04
3.7304704704704705e+00	9.2154200000000002e-04
3.7304804804804803e+00	9.2402100000000002e-04
3.7304904904904905e+00	9.2650399999999998e-04
3.7305005005005003e+00	9.2899200000000001e-04
3.7305105105105105e+00	9.3148299999999999e-04
3.7305205205205203e+00	9.3397900000000004e-04
3.7305305305305305e+00	9.3647900000000004e-04
3.7305405405405407e+00	9.3898300000000001e-04
3.7305505505505505e+00	9.4149100000000003e-04
3.7305605605605607e+00	9.4400300000000001e-04
3.7305705705705705e+00	9.4651999999999996e-04
3.7305805805805807e+00	9.4904099999999997e-04
3.7305905905905905e+00	9.5156600000000004e-04
3.7306006006006007e+00	9.5409599999999998e-04
3.7306106106106105e+00	9.5662999999999998e-04
3.7306206206206207e+00	9.5916800000000004e-04
3.7306306306306305e+00	9.6170999999999995e-04
3.7306406406406407e+00	9.6425700000000005e-04
3.7306506506506505e+00	9.6680799999999999e-04
3.7306606606606607e+00	9.6936400000000001e-04
3.7306706706706705e+00	9.7192399999999999e-04
3.7306806806806807e+00	9.7448800000000003e-04
3.7306906906906905e+00	9.7705699999999993e-04
3.7307007007007007e+00	9.7963099999999990e-04
3.7307107107107109e+00	9.8220899999999995e-04
3.7307207207207207e+00	9.8479100000000005e-04
3.7307307307307309e+00	9.8737799999999991e-04
3.7307407407407407e+00	9.8996999999999996e-04
3.7307507507507509e+00	9.9256600000000006e-04
3.7307607607607607e+00	9.9516699999999993e-04
3.7307707707707709e+00	9.9777299999999998e-04
3.7307807807807807e+00	1.0003799999999999e-03
3.7307907907907909e+00	1.0030000000000000e-03
3.7308008008008007e+00	1.0056200000000000e-03
3.7308108108108109e+00	1.0082400000000001e-03
3.7308208208208207e+00	1.0108700000000001e-03
3.7308308308308309e+00	1.0135000000000001e-03
3.7308408408408407e+00	1.0161400000000000e-03
3.7308508508508509e+00	1.0187900000000001e-03
3.7308608608608607e+00	1.0214300000000000e-03
3.7308708708708709e+00	1.0240900000000001e-03
3.7308808808808811e+00	1.0267500000000001e-03
3.7308908908908909e+00	1.0294099999999999e-03
3.7309009009009011e+00	1.0320800000000001e-03
3.7309109109109109e+00	1.0347500000000001e-03
3.7309209209209211e+00	1.0374300000000000e-03
3.7309309309309309e+00	1.0401099999999999e-03
3.7309409409409411e+00	1.0428000000000000e-03
3.7309509509509509e+00	1.0454900000000000e-03
3.7309609609609611e+00	1.0481900000000001e-03
3.7309709709709709e+00	1.0508900000000001e-03
3.7309809809809811e+00	1.0536000000000000e-03
3.7309909909909909e+00	1.0563100000000000e-03
3.7310010010010011e+00	1.0590300000000001e-03
3.7310110110110108e+00	1.0617599999999999e-03
3.7310210210210211e+00	1.0644900000000000e-03
3.7310310310310308e+00	1.0672200000000000e-03
3.7310410410410411e+00	1.0699600000000000e-03
3.7310510510510508e+00	1.0727099999999999e-03
3.7310610610610611e+00	1.0754600000000001e-03
3.7310710710710713e+00	1.0782100000000000e-03
3.7310810810810811e+00	1.0809800000000000e-03
3.7310910910910913e+00	1.0837399999999999e-03
3.7311011011011010e+00	1.0865200000000001e-03
3.7311111111111113e+00	1.0892899999999999e-03
3.7311211211211210e+00	1.0920800000000000e-03
3.7311311311311313e+00	1.0948700000000000e-03
3.7311411411411410e+00	1.0976600000000001e-03
3.7311511511511513e+00	1.1004599999999999e-03
3.7311611611611610e+00	1.1032699999999999e-03
3.7311711711711713e+00	1.1060800000000000e-03
3.7311811811811810e+00	1.1088999999999999e-03
3.7311911911911912e+00	1.1117200000000001e-03
3.7312012012012010e+00	1.1145500000000000e-03
3.7312112112112112e+00	1.1173900000000000e-03
3.7312212212212210e+00	1.1202300000000001e-03
3.7312312312312312e+00	1.1230800000000000e-03
3.7312412412412415e+00	1.1259300000000000e-03
3.7312512512512512e+00	1.1287900000000000e-03
3.7312612612612615e+00	1.1316500000000001e-03
3.7312712712712712e+00	1.1345200000000000e-03
3.7312812812812814e+00	1.1374000000000000e-03
3.7312912912912912e+00	1.1402900000000000e-03
3.7313013013013014e+00	1.1431799999999999e-03
3.7313113113113112e+00	1.1460699999999999e-03
3.7313213213213214e+00	1.1489700000000000e-03
3.7313313313313312e+00	1.1518800000000001e-03
3.7313413413413414e+00	1.1548000000000001e-03
3.7313513513513512e+00	1.1577200000000001e-03
3.7313613613613614e+00	1.1606500000000000e-03
3.7313713713713712e+00	1.1635800000000000e-03
3.7313813813813814e+00	1.1665200000000001e-03
3.7313913913913912e+00	1.1694699999999999e-03
3.7314014014014014e+00	1.1724200000000000e-03
3.7314114114114116e+00	1.1753800000000000e-03
3.7314214214214214e+00	1.1783500000000001e-03
3.7314314314314316e+00	1.1813300000000000e-03
3.7314414414414414e+00	1.1843100000000001e-03
3.7314514514514516e+00	1.1872899999999999e-03
3.7314614614614614e+00	1.1902900000000001e-03
3.7314714714714716e+00	1.1932900000000001e-03
3.7314814814814814e+00	1.1963000000000000e-03
3.7314914914914916e+00	1.1993100000000001e-03
3.7315015015015014e+00	1.2023400000000001e-03
3.7315115115115116e+00	1.2053700000000001e-03
3.7315215215215214e+00	1.2084000000000001e-03
3.7315315315315316e+00	1.2114500000000000e-03
3.7315415415415414e+00	1.2145000000000001e-03
3.7315515515515516e+00	1.2175599999999999e-03
3.7315615615615614e+00	1.2206200000000000e-03
3.7315715715715716e+00	1.2237000000000001e-03
3.7315815815815818e+00	1.2267800000000000e-03
3.7315915915915916e+00	1.2298700000000001e-03
3.7316016016016018e+00	1.2329600000000000e-03
3.7316116116116116e+00	1.2360699999999999e-03
3.7316216216216218e+00	1.2391800000000001e-03
3.7316316316316316e+00	1.2423000000000000e-03
3.7316416416416418e+00	1.2454199999999999e-03
3.7316516516516516e+00	1.2485599999999999e-03
3.7316616616616618e+00	1.2516999999999999e-03
3.7316716716716716e+00	1.2548500000000001e-03
3.7316816816816818e+00	1.2580099999999999e-03
3.7316916916916916e+00	1.2611800000000000e-03
3.7317017017017018e+00	1.2643500000000000e-03
3.7317117117117116e+00	1.2675300000000000e-03
3.7317217217217218e+00	1.2707199999999999e-03
3.7317317317317316e+00	1.2739200000000000e-03
3.7317417417417418e+00	1.2771300000000000e-03
3.7317517517517516e+00	1.2803500000000000e-03
3.7317617617617618e+00	1.2835699999999999e-03
3.7317717717717720e+00	1.2868000000000001e-03
3.7317817817817818e+00	1.2900500000000001e-03
3.7317917917917920e+00	1.2933000000000000e-03
3.7318018018018018e+00	1.2965600000000000e-03
3.7318118118118120e+00	1.2998199999999999e-03
3.7318218218218218e+00	1.3031000000000000e-03
3.7318318318318320e+00	1.3063899999999999e-03
3.7318418418418418e+00	1.3096799999999999e-03
3.7318518518518520e+00	1.3129900000000000e-03
3.7318618618618618e+00	1.3163000000000001e-03
3.7318718718718720e+00	1.3196200000000001e-03
3.7318818818818817e+00	1.3229500000000000e-03
3.7318918918918920e+00	1.3263000000000001e-03
3.7319019019019017e+00	1.3296499999999999e-03
3.7319119119119120e+00	1.3330099999999999e-03
3.7319219219219217e+00	1.3363800000000001e-03
3.7319319319319320e+00	1.3397600000000000e-03
3.7319419419419422e+00	1.3431500000000000e-03
3.7319519519519520e+00	1.3465400000000000e-03
3.7319619619619622e+00	1.3499499999999999e-03
3.7319719719719719e+00	1.3533700000000000e-03
3.7319819819819822e+00	1.3568000000000000e-03
3.7319919919919919e+00	1.3602400000000000e-03
3.7320020020020022e+00	1.3636900000000001e-03
3.7320120120120119e+00	1.3671499999999999e-03
3.7320220220220222e+00	1.3706199999999999e-03
3.7320320320320319e+00	1.3741000000000001e-03
3.7320420420420422e+00	1.3775899999999999e-03
3.7320520520520519e+00	1.3810999999999999e-03
3.7320620620620621e+00	1.3846100000000001e-03
3.7320720720720719e+00	1.3881300000000000e-03
3.7320820820820821e+00	1.3916700000000000e-03
3.7320920920920919e+00	1.3952100000000000e-03
3.7321021021021021e+00	1.3987699999999999e-03
3.7321121121121124e+00	1.4023400000000000e-03
3.7321221221221221e+00	1.4059200000000000e-03
3.7321321321321324e+00	1.4095100000000001e-03
3.7321421421421421e+00	1.4131100000000000e-03
3.7321521521521523e+00	1.4167299999999999e-03
3.7321621621621621e+00	1.4203600000000001e-03
3.7321721721721723e+00	1.4239900000000000e-03
3.7321821821821821e+00	1.4276400000000000e-03
3.7321921921921923e+00	1.4313100000000001e-03
3.7322022022022021e+00	1.4349800000000000e-03
3.7322122122122123e+00	1.4386700000000000e-03
3.7322222222222221e+00	1.4423699999999999e-03
3.7322322322322323e+00	1.4460800000000000e-03
3.7322422422422421e+00	1.4498000000000000e-03
3.7322522522522523e+00	1.4535399999999999e-03
3.7322622622622621e+00	1.4572900000000000e-03
3.7322722722722723e+00	1.4610500000000000e-03
3.7322822822822825e+00	1.4648300000000001e-03
3.7322922922922923e+00	1.4686199999999999e-03
3.7323023023023025e+00	1.4724199999999999e-03
3.7323123123123123e+00	1.4762400000000000e-03
3.7323223223223225e+00	1.4800700000000000e-03
3.7323323323323323e+00	1.4839100000000000e-03
3.7323423423423425e+00	1.4877700000000000e-03
3.7323523523523523e+00	1.4916400000000000e-03
3.7323623623623625e+00	1.4955200000000000e-03
3.7323723723723723e+00	1.4994200000000000e-03
3.7323823823823825e+00	1.5033399999999999e-03
3.7323923923923923e+00	1.5072700000000000e-03
3.7324024024024025e+00	1.5112100000000000e-03
3.7324124124124123e+00	1.5151699999999999e-03
3.7324224224224225e+00	1.5191400000000000e-03
3.7324324324324323e+00	1.5231299999999999e-03
3.7324424424424425e+00	1.5271300000000000e-03
3.7324524524524523e+00	1.5311500000000000e-03
3.7324624624624625e+00	1.5351900000000001e-03
3.7324724724724727e+00	1.5392400000000001e-03
3.7324824824824825e+00	1.5433000000000001e-03
3.7324924924924927e+00	1.5473900000000001e-03
3.7325025025025025e+00	1.5514900000000000e-03
3.7325125125125127e+00	1.5556000000000001e-03
3.7325225225225225e+00	1.5597300000000001e-03
3.7325325325325327e+00	1.5638799999999999e-03
3.7325425425425425e+00	1.5680500000000001e-03
3.7325525525525527e+00	1.5722300000000000e-03
3.7325625625625625e+00	1.5764300000000000e-03
3.7325725725725727e+00	1.5806399999999999e-03
3.7325825825825825e+00	1.5848800000000001e-03
3.7325925925925927e+00	1.5891300000000000e-03
3.7326026026026025e+00	1.5934000000000000e-03
3.7326126126126127e+00	1.5976899999999999e-03
3.7326226226226225e+00	1.6019999999999999e-03
3.7326326326326327e+00	1.6063200000000001e-03
3.7326426426426429e+00	1.6106700000000000e-03
3.7326526526526527e+00	1.6150299999999999e-03
3.7326626626626629e+00	1.6194099999999999e-03
3.7326726726726727e+00	1.6238100000000001e-03
3.7326826826826829e+00	1.6282300000000000e-03
3.7326926926926927e+00	1.6326800000000001e-03
3.7327027027027029e+00	1.6371400000000000e-03
3.7327127127127127e+00	1.6416200000000001e-03
3.7327227227227229e+00	1.6461200000000000e-03
3.7327327327327327e+00	1.6506400000000001e-03
3.7327427427427429e+00	1.6551900000000000e-03
3.7327527527527526e+00	1.6597500000000000e-03
3.7327627627627629e+00	1.6643400000000000e-03
3.7327727727727726e+00	1.6689400000000001e-03
3.7327827827827829e+00	1.6735700000000001e-03
3.7327927927927926e+00	1.6782200000000000e-03
3.7328028028028029e+00	1.6829000000000000e-03
3.7328128128128131e+00	1.6876000000000000e-03
3.7328228228228229e+00	1.6923200000000000e-03
3.7328328328328331e+00	1.6970600000000000e-03
3.7328428428428428e+00	1.7018199999999999e-03
3.7328528528528531e+00	1.7066099999999999e-03
3.7328628628628628e+00	1.7114299999999999e-03
3.7328728728728731e+00	1.7162700000000000e-03
3.7328828828828828e+00	1.7211300000000000e-03
3.7328928928928931e+00	1.7260200000000000e-03
3.7329029029029028e+00	1.7309300000000001e-03
3.7329129129129131e+00	1.7358700000000000e-03
3.7329229229229228e+00	1.7408300000000001e-03
3.7329329329329330e+00	1.7458199999999999e-03
3.7329429429429428e+00	1.7508400000000000e-03
3.7329529529529530e+00	1.7558800000000000e-03
3.7329629629629628e+00	1.7609500000000001e-03
3.7329729729729730e+00	1.7660499999999999e-03
3.7329829829829833e+00	1.7711800000000000e-03
3.7329929929929930e+00	1.7763300000000000e-03
3.7330030030030033e+00	1.7815100000000000e-03
3.7330130130130130e+00	1.7867300000000000e-03
3.7330230230230232e+00	1.7919699999999999e-03
3.7330330330330330e+00	1.7972400000000001e-03
3.7330430430430432e+00	1.8025400000000000e-03
3.7330530530530530e+00	1.8078700000000000e-03
3.7330630630630632e+00	1.8132300000000001e-03
3.7330730730730730e+00	1.8186200000000000e-03
3.7330830830830832e+00	1.8240400000000001e-03
3.7330930930930930e+00	1.8295000000000000e-03
3.7331031031031032e+00	1.8349900000000001e-03
3.7331131131131130e+00	1.8405100000000001e-03
3.7331231231231232e+00	1.8460600000000001e-03
3.7331331331331330e+00	1.8516500000000000e-03
3.7331431431431432e+00	1.8572700000000001e-03
3.7331531531531530e+00	1.8629300000000001e-03
3.7331631631631632e+00	1.8686200000000001e-03
3.7331731731731734e+00	1.8743500000000001e-03
3.7331831831831832e+00	1.8801099999999999e-03
3.7331931931931934e+00	1.8859100000000000e-03
3.7332032032032032e+00	1.8917400000000000e-03
3.7332132132132134e+00	1.8976200000000000e-03
3.7332232232232232e+00	1.9035300000000001e-03
3.7332332332332334e+00	1.9094800000000001e-03
3.7332432432432432e+00	1.9154700000000001e-03
3.7332532532532534e+00	1.9215000000000000e-03
3.7332632632632632e+00	1.9275700000000000e-03
3.7332732732732734e+00	1.9336799999999999e-03
3.7332832832832832e+00	1.9398400000000000e-03
3.7332932932932934e+00	1.9460300000000001e-03
3.7333033033033032e+00	1.9522700000000001e-03
3.7333133133133134e+00	1.9585499999999999e-03
3.7333233233233232e+00	1.9648700000000001e-03
3.7333333333333334e+00	1.9712400000000000e-03
3.7333433433433436e+00	1.9776500000000001e-03
3.7333533533533534e+00	1.9841099999999999e-03
3.7333633633633636e+00	1.9906199999999998e-03
3.7333733733733734e+00	1.9971799999999999e-03
3.7333833833833836e+00	2.0037800000000001e-03
3.7333933933933934e+00	2.0104300000000001e-03
3.7334034034034036e+00	2.0171299999999998e-03
3.7334134134134134e+00	2.0238800000000000e-03
3.7334234234234236e+00	2.0306800000000000e-03
3.7334334334334334e+00	2.0375400000000000e-03
3.7334434434434436e+00	2.0444399999999998e-03
3.7334534534534534e+00	2.0514000000000001e-03
3.7334634634634636e+00	2.0584200000000000e-03
3.7334734734734734e+00	2.0654900000000001e-03
3.7334834834834836e+00	2.0726099999999999e-03
3.7334934934934934e+00	2.0798000000000001e-03
3.7335035035035036e+00	2.0870400000000001e-03
3.7335135135135138e+00	2.0943400000000001e-03
3.7335235235235236e+00	2.1017000000000002e-03
3.7335335335335338e+00	2.1091199999999999e-03
3.7335435435435436e+00	2.1166000000000002e-03
3.7335535535535538e+00	2.1241500000000000e-03
3.7335635635635636e+00	2.1317599999999999e-03
3.7335735735735738e+00	2.1394299999999999e-03
3.7335835835835836e+00	2.1471699999999999e-03
3.7335935935935938e+00	2.1549799999999999e-03
3.7336036036036035e+00	2.1628600000000000e-03
3.7336136136136138e+00	2.1708100000000000e-03
3.7336236236236235e+00	2.1788200000000001e-03
3.7336336336336338e+00	2.1869099999999998e-03
3.7336436436436435e+00	2.1950799999999999e-03
3.7336536536536538e+00	2.2033199999999999e-03
3.7336636636636635e+00	2.2116300000000000e-03
3.7336736736736738e+00	2.2200200000000001e-03
3.7336836836836835e+00	2.2285000000000000e-03
3.7336936936936937e+00	2.2370500000000000e-03
3.7337037037037040e+00	2.2456799999999999e-03
3.7337137137137137e+00	2.2544000000000002e-03
3.7337237237237240e+00	2.2631999999999999e-03
3.7337337337337337e+00	2.2720900000000000e-03
3.7337437437437440e+00	2.2810700000000001e-03
3.7337537537537537e+00	2.2901300000000000e-03
3.7337637637637640e+00	2.2992899999999998e-03
3.7337737737737737e+00	2.3085499999999999e-03
3.7337837837837839e+00	2.3178900000000000e-03
3.7337937937937937e+00	2.3273399999999998e-03
3.7338038038038039e+00	2.3368799999999999e-03
3.7338138138138137e+00	2.3465299999999999e-03
3.7338238238238239e+00	2.3562700000000002e-03
3.7338338338338337e+00	2.3661300000000001e-03
3.7338438438438439e+00	2.3760900000000000e-03
3.7338538538538537e+00	2.3861600000000000e-03
3.7338638638638639e+00	2.3963399999999998e-03
3.7338738738738741e+00	2.4066299999999999e-03
3.7338838838838839e+00	2.4170400000000001e-03
3.7338938938938941e+00	2.4275700000000000e-03
3.7339039039039039e+00	2.4382300000000000e-03
3.7339139139139141e+00	2.4489999999999998e-03
3.7339239239239239e+00	2.4599100000000000e-03
3.7339339339339341e+00	2.4709400000000000e-03
3.7339439439439439e+00	2.4821000000000001e-03
3.7339539539539541e+00	2.4933999999999998e-03
3.7339639639639639e+00	2.5048399999999999e-03
3.7339739739739741e+00	2.5164200000000001e-03
3.7339839839839839e+00	2.5281399999999999e-03
3.7339939939939941e+00	2.5400100000000001e-03
3.7340040040040039e+00	2.5520400000000002e-03
3.7340140140140141e+00	2.5642099999999999e-03
3.7340240240240239e+00	2.5765499999999999e-03
3.7340340340340341e+00	2.5890499999999999e-03
3.7340440440440443e+00	2.6017100000000001e-03
3.7340540540540541e+00	2.6145500000000002e-03
3.7340640640640643e+00	2.6275500000000002e-03
3.7340740740740741e+00	2.6407399999999999e-03
3.7340840840840843e+00	2.6541099999999999e-03
3.7340940940940941e+00	2.6676600000000001e-03
3.7341041041041043e+00	2.6814100000000000e-03
3.7341141141141141e+00	2.6953599999999999e-03
3.7341241241241243e+00	2.7095000000000001e-03
3.7341341341341341e+00	2.7238599999999998e-03
3.7341441441441443e+00	2.7384200000000001e-03
3.7341541541541541e+00	2.7531999999999999e-03
3.7341641641641643e+00	2.7682100000000001e-03
3.7341741741741741e+00	2.7834499999999998e-03
3.7341841841841843e+00	2.7989199999999999e-03
3.7341941941941941e+00	2.8146400000000002e-03
3.7342042042042043e+00	2.8306000000000000e-03
3.7342142142142145e+00	2.8468199999999999e-03
3.7342242242242243e+00	2.8633000000000000e-03
3.7342342342342345e+00	2.8800499999999999e-03
3.7342442442442443e+00	2.8970799999999998e-03
3.7342542542542545e+00	2.9144000000000002e-03
3.7342642642642643e+00	2.9320100000000001e-03
3.7342742742742745e+00	2.9499299999999999e-03
3.7342842842842843e+00	2.9681500000000001e-03
3.7342942942942945e+00	2.9867000000000001e-03
3.7343043043043043e+00	3.0055799999999999e-03
3.7343143143143145e+00	3.0248100000000002e-03
3.7343243243243243e+00	3.0443800000000002e-03
3.7343343343343345e+00	3.0643200000000002e-03
3.7343443443443443e+00	3.0846300000000001e-03
3.7343543543543545e+00	3.1053299999999999e-03
3.7343643643643643e+00	3.1264299999999999e-03
3.7343743743743745e+00	3.1479500000000001e-03
3.7343843843843842e+00	3.1698899999999999e-03
3.7343943943943945e+00	3.1922700000000001e-03
3.7344044044044047e+00	3.2151100000000002e-03
3.7344144144144145e+00	3.2384200000000001e-03
3.7344244244244247e+00	3.2622100000000002e-03
3.7344344344344345e+00	3.2865199999999998e-03
3.7344444444444447e+00	3.3113499999999998e-03
3.7344544544544545e+00	3.3367200000000001e-03
3.7344644644644647e+00	3.3626600000000000e-03
3.7344744744744744e+00	3.3891799999999999e-03
3.7344844844844847e+00	3.4163000000000002e-03
3.7344944944944944e+00	3.4440600000000001e-03
3.7345045045045047e+00	3.4724700000000001e-03
3.7345145145145144e+00	3.5015599999999999e-03
3.7345245245245247e+00	3.5313599999999999e-03
3.7345345345345344e+00	3.5618899999999998e-03
3.7345445445445447e+00	3.5931900000000000e-03
3.7345545545545544e+00	3.6252900000000002e-03
3.7345645645645646e+00	3.6582199999999998e-03
3.7345745745745749e+00	3.6920199999999999e-03
3.7345845845845846e+00	3.7267300000000001e-03
3.7345945945945949e+00	3.7623800000000001e-03
3.7346046046046046e+00	3.7990300000000001e-03
3.7346146146146149e+00	3.8367000000000002e-03
3.7346246246246246e+00	3.8754599999999998e-03
3.7346346346346349e+00	3.9153599999999997e-03
3.7346446446446446e+00	3.9564400000000003e-03
3.7346546546546548e+00	3.9987699999999996e-03
3.7346646646646646e+00	4.0424099999999998e-03
3.7346746746746748e+00	4.0874199999999996e-03
3.7346846846846846e+00	4.1338800000000004e-03
3.7346946946946948e+00	4.1818599999999999e-03
3.7347047047047046e+00	4.2314500000000003e-03
3.7347147147147148e+00	4.2827300000000002e-03
3.7347247247247246e+00	4.3357999999999999e-03
3.7347347347347348e+00	4.3907499999999997e-03
3.7347447447447450e+00	4.4477099999999997e-03
3.7347547547547548e+00	4.5067700000000002e-03
3.7347647647647650e+00	4.5680800000000004e-03
3.7347747747747748e+00	4.6317700000000003e-03
3.7347847847847850e+00	4.6979900000000000e-03
3.7347947947947948e+00	4.7669100000000001e-03
3.7348048048048050e+00	4.8386899999999997e-03
3.7348148148148148e+00	4.9135400000000001e-03
3.7348248248248250e+00	4.9916600000000002e-03
3.7348348348348348e+00	5.0732900000000003e-03
3.7348448448448450e+00	5.1586699999999997e-03
3.7348548548548548e+00	5.2480900000000004e-03
3.7348648648648650e+00	5.3418600000000004e-03
3.7348748748748748e+00	5.4403000000000003e-03
3.7348848848848850e+00	5.5437999999999998e-03
3.7348948948948948e+00	5.6527699999999997e-03
3.7349049049049050e+00	5.7676699999999999e-03
3.7349149149149152e+00	5.8890300000000000e-03
3.7349249249249250e+00	6.0174000000000000e-03
3.7349349349349352e+00	6.1534500000000004e-03
3.7349449449449450e+00	6.2979100000000003e-03
3.7349549549549552e+00	6.4515900000000001e-03
3.7349649649649650e+00	6.6154300000000003e-03
3.7349749749749752e+00	6.7905099999999996e-03
3.7349849849849850e+00	6.9780299999999996e-03
3.7349949949949952e+00	7.1793899999999999e-03
3.7350050050050050e+00	7.3962300000000002e-03
3.7350150150150152e+00	7.6303899999999999e-03
3.7350250250250250e+00	7.8840799999999999e-03
3.7350350350350352e+00	8.1598599999999997e-03
3.7350450450450450e+00	8.4607399999999996e-03
3.7350550550550552e+00	8.7903200000000008e-03
3.7350650650650650e+00	9.1529000000000003e-03
3.7350750750750752e+00	9.5536600000000003e-03
3.7350850850850850e+00	9.9988999999999998e-03
3.7350950950950952e+00	1.0496399999999999e-02
3.7351051051051054e+00	1.1055600000000000e-02
3.7351151151151152e+00	1.1688600000000000e-02
3.7351251251251254e+00	1.2410700000000000e-02
3.7351351351351352e+00	1.3241400000000000e-02
3.7351451451451454e+00	1.4206200000000000e-02
3.7351551551551552e+00	1.5339000000000000e-02
3.7351651651651654e+00	1.6685599999999998e-02
3.7351751751751752e+00	1.8309400000000000e-02
3.7351851851851854e+00	2.0299800000000000e-02
3.7351951951951952e+00	2.2787300000000000e-02
3.7352052052052054e+00	2.5968100000000001e-02
3.7352152152152152e+00	3.0148800000000000e-02
3.7352252252252254e+00	3.5831500000000002e-02
3.7352352352352352e+00	4.3884300000000001e-02
3.7352452452452454e+00	5.5910700000000001e-02
3.7352552552552551e+00	7.5115699999999994e-02
3.7352652652652654e+00	1.0849499999999999e-01
3.7352752752752756e+00	1.7235000000000000e-01
3.7352852852852854e+00	2.9842200000000002e-01
3.7352952952952956e+00	4.4242700000000001e-01
3.7353053053053054e+00	3.2313799999999998e-01
3.7353153153153156e+00	1.4990100000000001e-01
3.7353253253253254e+00	7.0449499999999998e-02
3.7353353353353356e+00	3.6384699999999999e-02
3.7353453453453453e+00	2.0258999999999999e-02
3.7353553553553556e+00	1.1856100000000000e-02
3.7353653653653653e+00	7.1445500000000004e-03
3.7353753753753756e+00	4.3592900000000000e-03
3.7353853853853853e+00	2.6519299999999998e-03
3.7353953953953956e+00	1.5820400000000001e-03
3.7354054054054053e+00	9.0616600000000002e-04
3.7354154154154156e+00	4.8266999999999998e-04
3.7354254254254253e+00	2.2561099999999999e-04
3.7354354354354355e+00	8.0975899999999998e-05
3.7354454454454458e+00	1.3811299999999999e-05
3.7354554554554555e+00	9.3752099999999997e-07
3.7354654654654658e+00	2.6665600000000001e-05
3.7354754754754755e+00	8.0197099999999998e-05
3.7354854854854858e+00	1.5399899999999999e-04
3.7354954954954955e+00	2.4276500000000001e-04
3.7355055055055058e+00	3.4273000000000002e-04
3.7355155155155155e+00	4.5121899999999999e-04
3.7355255255255257e+00	5.6633800000000000e-04
3.7355355355355355e+00	6.8675900000000000e-04
3.7355455455455457e+00	8.1157400000000002e-04
3.7355555555555555e+00	9.4018699999999999e-04
3.7355655655655657e+00	1.0722399999999999e-03
3.7355755755755755e+00	1.2075800000000000e-03
3.7355855855855857e+00	1.3461700000000000e-03
3.7355955955955955e+00	1.4881100000000000e-03
3.7356056056056057e+00	1.6336300000000001e-03
3.7356156156156159e+00	1.7830200000000000e-03
3.7356256256256257e+00	1.9366600000000000e-03
3.7356356356356359e+00	2.0950200000000000e-03
3.7356456456456457e+00	2.2586400000000001e-03
3.7356556556556559e+00	2.4281699999999999e-03
3.7356656656656657e+00	2.6043099999999999e-03
3.7356756756756759e+00	2.7879100000000002e-03
3.7356856856856857e+00	2.9798799999999999e-03
3.7356956956956959e+00	3.1812899999999998e-03
3.7357057057057057e+00	3.3933600000000002e-03
3.7357157157157159e+00	3.6174400000000000e-03
3.7357257257257257e+00	3.8551200000000001e-03
3.7357357357357359e+00	4.1082100000000002e-03
3.7357457457457457e+00	4.3787899999999996e-03
3.7357557557557559e+00	4.6692900000000004e-03
3.7357657657657657e+00	4.9825299999999998e-03
3.7357757757757759e+00	5.3218199999999997e-03
3.7357857857857857e+00	5.6910800000000003e-03
3.7357957957957959e+00	6.0949400000000001e-03
3.7358058058058061e+00	6.5389500000000000e-03
3.7358158158158159e+00	7.0298200000000000e-03
3.7358258258258261e+00	7.5756599999999997e-03
3.7358358358358359e+00	8.1864399999999997e-03
3.7358458458458461e+00	8.8744700000000006e-03
3.7358558558558559e+00	9.6551399999999996e-03
3.7358658658658661e+00	1.0547900000000001e-02
3.7358758758758759e+00	1.1577499999999999e-02
3.7358858858858861e+00	1.2776200000000000e-02
3.7358958958958959e+00	1.4186200000000000e-02
3.7359059059059061e+00	1.5864000000000000e-02
3.7359159159159159e+00	1.7886300000000001e-02
3.7359259259259261e+00	2.0359700000000001e-02
3.7359359359359359e+00	2.3435399999999999e-02
3.7359459459459461e+00	2.7333500000000000e-02
3.7359559559559559e+00	3.2384499999999997e-02
3.7359659659659661e+00	3.9100299999999998e-02
3.7359759759759763e+00	4.8304800000000002e-02
3.7359859859859861e+00	6.1380200000000003e-02
3.7359959959959963e+00	8.0748100000000003e-02
3.7360060060060061e+00	1.1081500000000000e-01
3.7360160160160163e+00	1.5964500000000001e-01
3.7360260260260261e+00	2.4012300000000000e-01
3.7360360360360363e+00	3.5768200000000000e-01
3.7360460460460461e+00	4.4680799999999998e-01
3.7360560560560563e+00	3.8700000000000001e-01
3.7360660660660661e+00	2.5382100000000002e-01
3.7360760760760763e+00	1.5557199999999999e-01
3.7360860860860861e+00	9.8142900000000005e-02
3.7360960960960963e+00	6.4992700000000000e-02
3.7361061061061061e+00	4.5030800000000003e-02
3.7361161161161163e+00	3.2395399999999998e-02
3.7361261261261260e+00	2.4025000000000001e-02
3.7361361361361363e+00	1.8259899999999999e-02
3.7361461461461465e+00	1.4157299999999999e-02
3.7361561561561563e+00	1.1156299999999999e-02
3.7361661661661665e+00	8.9097499999999993e-03
3.7361761761761763e+00	7.1945600000000000e-03
3.7361861861861865e+00	5.8628800000000000e-03
3.7361961961961963e+00	4.8139100000000002e-03
3.7362062062062065e+00	3.9772799999999997e-03
3.7362162162162162e+00	3.3027500000000001e-03
3.7362262262262265e+00	2.7537899999999999e-03
3.7362362362362362e+00	2.3033400000000001e-03
3.7362462462462465e+00	1.9311100000000000e-03
3.7362562562562562e+00	1.6215900000000000e-03
3.7362662662662665e+00	1.3628500000000001e-03
3.7362762762762762e+00	1.1455700000000001e-03
3.7362862862862865e+00	9.6241100000000004e-04
3.7362962962962962e+00	8.0751700000000000e-04
3.7363063063063064e+00	6.7619700000000002e-04
3.7363163163163167e+00	5.6465200000000001e-04
3.7363263263263264e+00	4.6978500000000002e-04
3.7363363363363367e+00	3.8905500000000002e-04
3.7363463463463464e+00	3.2036000000000000e-04
3.7363563563563567e+00	2.6195700000000000e-04
3.7363663663663664e+00	2.1238600000000001e-04
3.7363763763763767e+00	1.7042399999999999e-04
3.7363863863863864e+00	1.3503699999999999e-04
3.7363963963963966e+00	1.0534900000000000e-04
3.7364064064064064e+00	8.0614900000000006e-05
3.7364164164164166e+00	6.0196900000000000e-05
3.7364264264264264e+00	4.3548799999999999e-05
3.7364364364364366e+00	3.0199899999999999e-05
3.7364464464464464e+00	1.9744200000000000e-05
3.7364564564564566e+00	1.1829700000000000e-05
3.7364664664664664e+00	6.1504900000000000e-06
3.7364764764764766e+00	2.4403499999999999e-06
3.7364864864864864e+00	4.6660200000000001e-07
3.7364964964964966e+00	2.5523299999999999e-08
3.7365065065065068e+00	9.3834599999999998e-07
3.7365165165165166e+00	3.0478400000000001e-06
3.7365265265265268e+00	6.2154200000000004e-06
3.7365365365365366e+00	1.0318700000000000e-05
3.7365465465465468e+00	1.5249600000000000e-05
3.7365565565565566e+00	2.0911899999999999e-05
3.7365665665665668e+00	2.7220699999999998e-05
3.7365765765765766e+00	3.4100200000000003e-05
3.7365865865865868e+00	4.1483100000000003e-05
3.7365965965965966e+00	4.9309199999999999e-05
3.7366066066066068e+00	5.7525100000000003e-05
3.7366166166166166e+00	6.6082799999999997e-05
3.7366266266266268e+00	7.4939399999999996e-05
3.7366366366366366e+00	8.4056599999999997e-05
3.7366466466466468e+00	9.3400100000000000e-05
3.7366566566566566e+00	1.0293900000000000e-04
3.7366666666666668e+00	1.1264600000000001e-04
3.7366766766766770e+00	1.2249500000000000e-04
3.7366866866866868e+00	1.3246500000000001e-04
3.7366966966966970e+00	1.4253599999999999e-04
3.7367067067067068e+00	1.5268899999999999e-04
3.7367167167167170e+00	1.6290799999999999e-04
3.7367267267267268e+00	1.7317900000000000e-04
3.7367367367367370e+00	1.8348799999999999e-04
3.7367467467467468e+00	1.9382399999999999e-04
3.7367567567567570e+00	2.0417499999999999e-04
3.7367667667667668e+00	2.1453400000000000e-04
3.7367767767767770e+00	2.2488900000000001e-04
3.7367867867867868e+00	2.3523600000000000e-04
3.7367967967967970e+00	2.4556500000000000e-04
3.7368068068068068e+00	2.5587100000000002e-04
3.7368168168168170e+00	2.6614800000000001e-04
3.7368268268268268e+00	2.7639100000000002e-04
3.7368368368368370e+00	2.8659699999999998e-04
3.7368468468468472e+00	2.9676000000000003e-04
3.7368568568568570e+00	3.0687700000000000e-04
3.7368668668668672e+00	3.1694600000000002e-04
3.7368768768768770e+00	3.2696299999999999e-04
3.7368868868868872e+00	3.3692500000000002e-04
3.7368968968968970e+00	3.4683099999999997e-04
3.7369069069069072e+00	3.5667899999999999e-04
3.7369169169169170e+00	3.6646699999999999e-04
3.7369269269269272e+00	3.7619400000000000e-04
3.7369369369369370e+00	3.8585799999999999e-04
3.7369469469469472e+00	3.9545800000000001e-04
3.7369569569569570e+00	4.0499399999999999e-04
3.7369669669669672e+00	4.1446400000000002e-04
3.7369769769769769e+00	4.2386799999999999e-04
3.7369869869869872e+00	4.3320700000000001e-04
3.7369969969969969e+00	4.4247800000000000e-04
3.7370070070070072e+00	4.5168200000000002e-04
3.7370170170170169e+00	4.6082000000000002e-04
3.7370270270270272e+00	4.6988999999999999e-04
3.7370370370370374e+00	4.7889299999999998e-04
3.7370470470470472e+00	4.8782799999999999e-04
3.7370570570570574e+00	4.9669700000000005e-04
3.7370670670670671e+00	5.0549899999999997e-04
3.7370770770770774e+00	5.1423400000000002e-04
3.7370870870870871e+00	5.2290400000000003e-04
3.7370970970970974e+00	5.3150699999999996e-04
3.7371071071071071e+00	5.4004499999999996e-04
3.7371171171171174e+00	5.4851699999999999e-04
3.7371271271271271e+00	5.5692500000000000e-04
3.7371371371371374e+00	5.6526899999999997e-04
3.7371471471471471e+00	5.7354900000000002e-04
3.7371571571571574e+00	5.8176500000000004e-04
3.7371671671671671e+00	5.8991899999999995e-04
3.7371771771771773e+00	5.9801099999999996e-04
3.7371871871871871e+00	6.0604099999999998e-04
3.7371971971971973e+00	6.1401100000000003e-04
3.7372072072072076e+00	6.2191899999999997e-04
3.7372172172172173e+00	6.2976799999999995e-04
3.7372272272272276e+00	6.3755799999999998e-04
3.7372372372372373e+00	6.4528899999999995e-04
3.7372472472472476e+00	6.5296199999999999e-04
3.7372572572572573e+00	6.6057799999999999e-04
3.7372672672672675e+00	6.6813699999999996e-04
3.7372772772772773e+00	6.7564000000000003e-04
3.7372872872872875e+00	6.8308699999999997e-04
3.7372972972972973e+00	6.9047900000000003e-04
3.7373073073073075e+00	6.9781699999999999e-04
3.7373173173173173e+00	7.0510199999999999e-04
3.7373273273273275e+00	7.1233300000000000e-04
3.7373373373373373e+00	7.1951100000000004e-04
3.7373473473473475e+00	7.2663800000000005e-04
3.7373573573573573e+00	7.3371400000000000e-04
3.7373673673673675e+00	7.4073900000000002e-04
3.7373773773773777e+00	7.4771400000000002e-04
3.7373873873873875e+00	7.5464000000000000e-04
3.7373973973973977e+00	7.6151599999999995e-04
3.7374074074074075e+00	7.6834500000000003e-04
3.7374174174174177e+00	7.7512600000000001e-04
3.7374274274274275e+00	7.8185899999999998e-04
3.7374374374374377e+00	7.8854600000000000e-04
3.7374474474474475e+00	7.9518700000000004e-04
3.7374574574574577e+00	8.0178300000000003e-04
3.7374674674674675e+00	8.0833399999999996e-04
3.7374774774774777e+00	8.1484099999999996e-04
3.7374874874874875e+00	8.2130400000000002e-04
3.7374974974974977e+00	8.2772300000000004e-04
3.7375075075075075e+00	8.3410000000000005e-04
3.7375175175175177e+00	8.4043500000000005e-04
3.7375275275275275e+00	8.4672800000000004e-04
3.7375375375375377e+00	8.5298000000000004e-04
3.7375475475475479e+00	8.5919100000000003e-04
3.7375575575575577e+00	8.6536200000000005e-04
3.7375675675675679e+00	8.7149299999999999e-04
3.7375775775775777e+00	8.7758499999999995e-04
3.7375875875875879e+00	8.8363899999999997e-04
3.7375975975975977e+00	8.8965400000000003e-04
3.7376076076076079e+00	8.9563200000000005e-04
3.7376176176176177e+00	9.0157200000000001e-04
3.7376276276276279e+00	9.0747500000000004e-04
3.7376376376376377e+00	9.1334200000000004e-04
3.7376476476476479e+00	9.1917300000000002e-04
3.7376576576576577e+00	9.2496899999999999e-04
3.7376676676676679e+00	9.3072900000000004e-04
3.7376776776776777e+00	9.3645499999999999e-04
3.7376876876876879e+00	9.4214600000000004e-04
3.7376976976976977e+00	9.4780400000000001e-04
3.7377077077077079e+00	9.5342799999999998e-04
3.7377177177177177e+00	9.5901899999999997e-04
3.7377277277277279e+00	9.6457699999999999e-04
3.7377377377377381e+00	9.7010300000000005e-04
3.7377477477477479e+00	9.7559800000000005e-04
3.7377577577577581e+00	9.8106100000000009e-04
3.7377677677677679e+00	9.8649200000000005e-04
3.7377777777777781e+00	9.9189299999999998e-04
3.7377877877877879e+00	9.9726400000000009e-04
3.7377977977977981e+00	1.0026000000000000e-03
3.7378078078078079e+00	1.0079100000000001e-03
3.7378178178178181e+00	1.0131999999999999e-03
3.7378278278278279e+00	1.0184500000000000e-03
3.7378378378378381e+00	1.0236700000000000e-03
3.7378478478478478e+00	1.0288700000000001e-03
3.7378578578578581e+00	1.0340400000000000e-03
3.7378678678678678e+00	1.0391800000000000e-03
3.7378778778778781e+00	1.0442900000000000e-03
3.7378878878878878e+00	1.0493700000000000e-03
3.7378978978978981e+00	1.0544300000000001e-03
3.7379079079079083e+00	1.0594599999999999e-03
3.7379179179179181e+00	1.0644700000000001e-03
3.7379279279279283e+00	1.0694500000000000e-03
3.7379379379379380e+00	1.0744000000000001e-03
3.7379479479479483e+00	1.0793300000000001e-03
3.7379579579579580e+00	1.0842400000000000e-03
3.7379679679679683e+00	1.0891200000000001e-03
3.7379779779779780e+00	1.0939700000000001e-03
3.7379879879879883e+00	1.0988000000000000e-03
3.7379979979979980e+00	1.1036100000000001e-03
3.7380080080080083e+00	1.1084000000000001e-03
3.7380180180180180e+00	1.1131600000000000e-03
3.7380280280280282e+00	1.1178900000000001e-03
3.7380380380380380e+00	1.1226100000000000e-03
3.7380480480480482e+00	1.1272999999999999e-03
3.7380580580580580e+00	1.1319699999999999e-03
3.7380680680680682e+00	1.1366200000000001e-03
3.7380780780780785e+00	1.1412400000000000e-03
3.7380880880880882e+00	1.1458499999999999e-03
3.7380980980980985e+00	1.1504300000000000e-03
3.7381081081081082e+00	1.1549900000000001e-03
3.7381181181181184e+00	1.1595300000000000e-03
3.7381281281281282e+00	1.1640500000000000e-03
3.7381381381381384e+00	1.1685500000000000e-03
3.7381481481481482e+00	1.1730300000000000e-03
3.7381581581581584e+00	1.1774900000000000e-03
3.7381681681681682e+00	1.1819300000000001e-03
3.7381781781781784e+00	1.1863399999999999e-03
3.7381881881881882e+00	1.1907400000000000e-03
3.7381981981981984e+00	1.1951300000000000e-03
3.7382082082082082e+00	1.1994900000000001e-03
3.7382182182182184e+00	1.2038299999999999e-03
3.7382282282282282e+00	1.2081500000000001e-03
3.7382382382382384e+00	1.2124600000000001e-03
3.7382482482482486e+00	1.2167499999999999e-03
3.7382582582582584e+00	1.2210200000000000e-03
3.7382682682682686e+00	1.2252700000000001e-03
3.7382782782782784e+00	1.2294999999999999e-03
3.7382882882882886e+00	1.2337200000000000e-03
3.7382982982982984e+00	1.2379200000000000e-03
3.7383083083083086e+00	1.2421000000000001e-03
3.7383183183183184e+00	1.2462599999999999e-03
3.7383283283283286e+00	1.2504100000000000e-03
3.7383383383383384e+00	1.2545400000000000e-03
3.7383483483483486e+00	1.2586600000000000e-03
3.7383583583583584e+00	1.2627500000000000e-03
3.7383683683683686e+00	1.2668400000000000e-03
3.7383783783783784e+00	1.2708999999999999e-03
3.7383883883883886e+00	1.2749500000000000e-03
3.7383983983983984e+00	1.2789900000000000e-03
3.7384084084084086e+00	1.2830100000000000e-03
3.7384184184184184e+00	1.2870100000000001e-03
3.7384284284284286e+00	1.2910000000000000e-03
3.7384384384384388e+00	1.2949700000000001e-03
3.7384484484484486e+00	1.2989300000000000e-03
3.7384584584584588e+00	1.3028700000000000e-03
3.7384684684684686e+00	1.3068000000000001e-03
3.7384784784784788e+00	1.3107200000000000e-03
3.7384884884884886e+00	1.3146200000000001e-03
3.7384984984984988e+00	1.3185000000000000e-03
3.7385085085085086e+00	1.3223700000000000e-03
3.7385185185185188e+00	1.3262300000000001e-03
3.7385285285285286e+00	1.3300700000000000e-03
3.7385385385385388e+00	1.3339000000000001e-03
3.7385485485485486e+00	1.3377199999999999e-03
3.7385585585585588e+00	1.3415199999999999e-03
3.7385685685685686e+00	1.3453100000000000e-03
3.7385785785785788e+00	1.3490900000000001e-03
3.7385885885885886e+00	1.3528500000000001e-03
3.7385985985985988e+00	1.3565999999999999e-03
3.7386086086086090e+00	1.3603400000000000e-03
3.7386186186186188e+00	1.3640600000000001e-03
3.7386286286286290e+00	1.3677699999999999e-03
3.7386386386386388e+00	1.3714700000000001e-03
3.7386486486486490e+00	1.3751600000000001e-03
3.7386586586586588e+00	1.3788299999999999e-03
3.7386686686686690e+00	1.3825000000000000e-03
3.7386786786786788e+00	1.3861500000000001e-03
3.7386886886886890e+00	1.3897899999999999e-03
3.7386986986986988e+00	1.3934100000000001e-03
3.7387087087087090e+00	1.3970300000000001e-03
3.7387187187187187e+00	1.4006299999999999e-03
3.7387287287287290e+00	1.4042200000000001e-03
3.7387387387387387e+00	1.4078000000000001e-03
3.7387487487487490e+00	1.4113699999999999e-03
3.7387587587587587e+00	1.4149300000000000e-03
3.7387687687687690e+00	1.4184700000000000e-03
3.7387787787787792e+00	1.4220100000000000e-03
3.7387887887887890e+00	1.4255299999999999e-03
3.7387987987987992e+00	1.4290500000000001e-03
3.7388088088088089e+00	1.4325500000000001e-03
3.7388188188188192e+00	1.4360400000000000e-03
3.7388288288288289e+00	1.4395199999999999e-03
3.7388388388388392e+00	1.4429899999999999e-03
3.7388488488488489e+00	1.4464499999999999e-03
3.7388588588588592e+00	1.4499000000000001e-03
3.7388688688688689e+00	1.4533400000000000e-03
3.7388788788788792e+00	1.4567700000000000e-03
3.7388888888888889e+00	1.4601900000000001e-03
3.7388988988988991e+00	1.4636000000000000e-03
3.7389089089089089e+00	1.4670000000000000e-03
3.7389189189189191e+00	1.4703900000000000e-03
3.7389289289289289e+00	1.4737699999999999e-03
3.7389389389389391e+00	1.4771400000000001e-03
3.7389489489489494e+00	1.4805000000000000e-03
3.7389589589589591e+00	1.4838500000000001e-03
3.7389689689689694e+00	1.4871900000000000e-03
3.7389789789789791e+00	1.4905299999999999e-03
3.7389889889889893e+00	1.4938499999999999e-03
3.7389989989989991e+00	1.4971600000000000e-03
3.7390090090090093e+00	1.5004700000000001e-03
3.7390190190190191e+00	1.5037600000000000e-03
3.7390290290290293e+00	1.5070500000000000e-03
3.7390390390390391e+00	1.5103300000000000e-03
3.7390490490490493e+00	1.5135999999999999e-03
3.7390590590590591e+00	1.5168600000000001e-03
3.7390690690690693e+00	1.5201100000000001e-03
3.7390790790790791e+00	1.5233499999999999e-03
3.7390890890890893e+00	1.5265900000000000e-03
3.7390990990990991e+00	1.5298099999999999e-03
3.7391091091091093e+00	1.5330299999999999e-03
3.7391191191191191e+00	1.5362399999999999e-03
3.7391291291291293e+00	1.5394400000000000e-03
3.7391391391391395e+00	1.5426299999999999e-03
3.7391491491491493e+00	1.5458200000000000e-03
3.7391591591591595e+00	1.5490000000000000e-03
3.7391691691691693e+00	1.5521599999999999e-03
3.7391791791791795e+00	1.5553200000000000e-03
3.7391891891891893e+00	1.5584800000000001e-03
3.7391991991991995e+00	1.5616199999999999e-03
3.7392092092092093e+00	1.5647599999999999e-03
3.7392192192192195e+00	1.5678900000000000e-03
3.7392292292292293e+00	1.5710100000000001e-03
3.7392392392392395e+00	1.5741200000000000e-03
3.7392492492492493e+00	1.5772300000000000e-03
3.7392592592592595e+00	1.5803300000000000e-03
3.7392692692692693e+00	1.5834200000000001e-03
3.7392792792792795e+00	1.5865000000000000e-03
3.7392892892892893e+00	1.5895799999999999e-03
3.7392992992992995e+00	1.5926499999999999e-03
3.7393093093093097e+00	1.5957100000000000e-03
3.7393193193193195e+00	1.5987600000000001e-03
3.7393293293293297e+00	1.6018100000000000e-03
3.7393393393393395e+00	1.6048499999999999e-03
3.7393493493493497e+00	1.6078900000000001e-03
3.7393593593593595e+00	1.6109099999999999e-03
3.7393693693693697e+00	1.6139300000000000e-03
3.7393793793793795e+00	1.6169400000000001e-03
3.7393893893893897e+00	1.6199500000000000e-03
3.7393993993993995e+00	1.6229500000000000e-03
3.7394094094094097e+00	1.6259400000000000e-03
3.7394194194194195e+00	1.6289300000000000e-03
3.7394294294294297e+00	1.6319100000000001e-03
3.7394394394394395e+00	1.6348800000000000e-03
3.7394494494494497e+00	1.6378400000000000e-03
3.7394594594594595e+00	1.6408000000000000e-03
3.7394694694694697e+00	1.6437600000000000e-03
3.7394794794794799e+00	1.6467000000000001e-03
3.7394894894894897e+00	1.6496400000000000e-03
3.7394994994994999e+00	1.6525800000000001e-03
3.7395095095095097e+00	1.6555000000000001e-03
3.7395195195195199e+00	1.6584300000000000e-03
3.7395295295295297e+00	1.6613400000000001e-03
3.7395395395395399e+00	1.6642499999999999e-03
3.7395495495495497e+00	1.6671500000000001e-03
3.7395595595595599e+00	1.6700500000000000e-03
3.7395695695695697e+00	1.6729399999999999e-03
3.7395795795795799e+00	1.6758299999999999e-03
3.7395895895895896e+00	1.6787000000000000e-03
3.7395995995995999e+00	1.6815800000000000e-03
3.7396096096096096e+00	1.6844500000000001e-03
3.7396196196196199e+00	1.6873100000000000e-03
3.7396296296296296e+00	1.6901600000000000e-03
3.7396396396396399e+00	1.6930100000000000e-03
3.7396496496496501e+00	1.6958600000000000e-03
3.7396596596596599e+00	1.6986900000000001e-03
3.7396696696696701e+00	1.7015299999999999e-03
3.7396796796796798e+00	1.7043500000000001e-03
3.7396896896896901e+00	1.7071800000000000e-03
3.7396996996996998e+00	1.7099900000000000e-03
3.7397097097097101e+00	1.7128000000000000e-03
3.7397197197197198e+00	1.7156100000000000e-03
3.7397297297297301e+00	1.7184100000000001e-03
3.7397397397397398e+00	1.7212000000000000e-03
3.7397497497497501e+00	1.7239899999999999e-03
3.7397597597597598e+00	1.7267800000000000e-03
3.7397697697697700e+00	1.7295500000000001e-03
3.7397797797797798e+00	1.7323300000000000e-03
3.7397897897897900e+00	1.7351000000000001e-03
3.7397997997997998e+00	1.7378599999999999e-03
3.7398098098098100e+00	1.7406200000000000e-03
3.7398198198198198e+00	1.7433699999999999e-03
3.7398298298298300e+00	1.7461200000000001e-03
3.7398398398398403e+00	1.7488600000000001e-03
3.7398498498498500e+00	1.7516000000000001e-03
3.7398598598598602e+00	1.7543299999999999e-03
3.7398698698698700e+00	1.7570600000000000e-03
3.7398798798798802e+00	1.7597800000000001e-03
3.7398898898898900e+00	1.7625000000000000e-03
3.7398998998999002e+00	1.7652099999999999e-03
3.7399099099099100e+00	1.7679200000000001e-03
3.7399199199199202e+00	1.7706200000000001e-03
3.7399299299299300e+00	1.7733200000000001e-03
3.7399399399399402e+00	1.7760100000000000e-03
3.7399499499499500e+00	1.7787000000000000e-03
3.7399599599599602e+00	1.7813900000000001e-03
3.7399699699699700e+00	1.7840700000000000e-03
3.7399799799799802e+00	1.7867400000000000e-03
3.7399899899899900e+00	1.7894100000000000e-03
3.7400000000000002e+00	1.7920799999999999e-03
