3.7320000000000002e+00	7.9975599999999994e-02
3.7320010010010014e+00	7.9967300000000005e-02
3.7320020020020022e+00	7.9959000000000002e-02
3.7320030030030034e+00	7.9950700000000000e-02
3.7320040040040041e+00	7.9942399999999997e-02
3.7320050050050053e+00	7.9934099999999994e-02
3.7320060060060061e+00	7.9925800000000005e-02
3.7320070070070073e+00	7.9917500000000002e-02
3.7320080080080080e+00	7.9909099999999997e-02
3.7320090090090092e+00	7.9900799999999994e-02
3.7320100100100104e+00	7.9892500000000005e-02
3.7320110110110112e+00	7.9884200000000002e-02
3.7320120120120124e+00	7.9875900000000000e-02
3.7320130130130131e+00	7.9867599999999997e-02
3.7320140140140143e+00	7.9859299999999994e-02
3.7320150150150151e+00	7.9850900000000002e-02
3.7320160160160163e+00	7.9842600000000000e-02
3.7320170170170170e+00	7.9834299999999997e-02
3.7320180180180182e+00	7.9825999999999994e-02
3.7320190190190190e+00	7.9817600000000002e-02
3.7320200200200202e+00	7.9809300000000000e-02
3.7320210210210214e+00	7.9800999999999997e-02
3.7320220220220222e+00	7.9792699999999994e-02
3.7320230230230234e+00	7.9784300000000002e-02
3.7320240240240241e+00	7.9776000000000000e-02
3.7320250250250253e+00	7.9767699999999997e-02
3.7320260260260261e+00	7.9759300000000005e-02
3.7320270270270273e+00	7.9751000000000002e-02
3.7320280280280280e+00	7.9742599999999997e-02
3.7320290290290292e+00	7.9734299999999994e-02
3.7320300300300304e+00	7.9726000000000005e-02
3.7320310310310312e+00	7.9717600000000000e-02
3.7320320320320324e+00	7.9709299999999997e-02
3.7320330330330331e+00	7.9700900000000005e-02
3.7320340340340343e+00	7.9692600000000002e-02
3.7320350350350351e+00	7.9684199999999997e-02
3.7320360360360363e+00	7.9675899999999994e-02
3.7320370370370370e+00	7.9667500000000002e-02
3.7320380380380382e+00	7.9659199999999999e-02
3.7320390390390394e+00	7.9650799999999994e-02
3.7320400400400402e+00	7.9642500000000005e-02
3.7320410410410414e+00	7.9634099999999999e-02
3.7320420420420422e+00	7.9625699999999994e-02
3.7320430430430434e+00	7.9617400000000005e-02
3.7320440440440441e+00	7.9608999999999999e-02
3.7320450450450453e+00	7.9600699999999996e-02
3.7320460460460461e+00	7.9592300000000005e-02
3.7320470470470473e+00	7.9583899999999999e-02
3.7320480480480485e+00	7.9575499999999993e-02
3.7320490490490492e+00	7.9567200000000005e-02
3.7320500500500504e+00	7.9558799999999999e-02
3.7320510510510512e+00	7.9550399999999993e-02
3.7320520520520524e+00	7.9542000000000002e-02
3.7320530530530531e+00	7.9533699999999999e-02
3.7320540540540543e+00	7.9525299999999993e-02
3.7320550550550551e+00	7.9516900000000001e-02
3.7320560560560563e+00	7.9508499999999996e-02
3.7320570570570570e+00	7.9500100000000004e-02
3.7320580580580582e+00	7.9491699999999998e-02
3.7320590590590594e+00	7.9483300000000007e-02
3.7320600600600602e+00	7.9474900000000001e-02
3.7320610610610614e+00	7.9466499999999995e-02
3.7320620620620621e+00	7.9458100000000004e-02
3.7320630630630633e+00	7.9449699999999998e-02
3.7320640640640641e+00	7.9441300000000006e-02
3.7320650650650653e+00	7.9432900000000001e-02
3.7320660660660661e+00	7.9424499999999995e-02
3.7320670670670673e+00	7.9416100000000003e-02
3.7320680680680685e+00	7.9407699999999998e-02
3.7320690690690692e+00	7.9399300000000006e-02
3.7320700700700704e+00	7.9390900000000000e-02
3.7320710710710712e+00	7.9382400000000006e-02
3.7320720720720724e+00	7.9374000000000000e-02
3.7320730730730731e+00	7.9365599999999994e-02
3.7320740740740743e+00	7.9357200000000003e-02
3.7320750750750751e+00	7.9348699999999994e-02
3.7320760760760763e+00	7.9340300000000002e-02
3.7320770770770775e+00	7.9331899999999997e-02
3.7320780780780782e+00	7.9323400000000002e-02
3.7320790790790794e+00	7.9314999999999997e-02
3.7320800800800802e+00	7.9306600000000005e-02
3.7320810810810814e+00	7.9298099999999996e-02
3.7320820820820821e+00	7.9289700000000005e-02
3.7320830830830833e+00	7.9281199999999996e-02
3.7320840840840841e+00	7.9272800000000004e-02
3.7320850850850853e+00	7.9264299999999996e-02
3.7320860860860865e+00	7.9255900000000004e-02
3.7320870870870873e+00	7.9247399999999996e-02
3.7320880880880885e+00	7.9238900000000001e-02
3.7320890890890892e+00	7.9230499999999995e-02
3.7320900900900904e+00	7.9222000000000001e-02
3.7320910910910912e+00	7.9213500000000006e-02
3.7320920920920924e+00	7.9205100000000001e-02
3.7320930930930931e+00	7.9196600000000006e-02
3.7320940940940943e+00	7.9188099999999997e-02
3.7320950950950951e+00	7.9179600000000003e-02
3.7320960960960963e+00	7.9171099999999994e-02
3.7320970970970975e+00	7.9162700000000003e-02
3.7320980980980982e+00	7.9154199999999994e-02
3.7320990990990994e+00	7.9145699999999999e-02
3.7321001001001002e+00	7.9137200000000005e-02
3.7321011011011014e+00	7.9128699999999996e-02
3.7321021021021021e+00	7.9120200000000002e-02
3.7321031031031033e+00	7.9111699999999993e-02
3.7321041041041041e+00	7.9103199999999999e-02
3.7321051051051053e+00	7.9094600000000001e-02
3.7321061061061065e+00	7.9086100000000006e-02
3.7321071071071072e+00	7.9077599999999998e-02
3.7321081081081084e+00	7.9069100000000003e-02
3.7321091091091092e+00	7.9060599999999995e-02
3.7321101101101104e+00	7.9051999999999997e-02
3.7321111111111112e+00	7.9043500000000003e-02
3.7321121121121124e+00	7.9034999999999994e-02
3.7321131131131131e+00	7.9026399999999997e-02
3.7321141141141143e+00	7.9017900000000002e-02
3.7321151151151155e+00	7.9009300000000005e-02
3.7321161161161163e+00	7.9000799999999996e-02
3.7321171171171175e+00	7.8992199999999999e-02
3.7321181181181182e+00	7.8983700000000004e-02
3.7321191191191194e+00	7.8975100000000006e-02
3.7321201201201202e+00	7.8966599999999998e-02
3.7321211211211214e+00	7.8958000000000000e-02
3.7321221221221221e+00	7.8949400000000003e-02
3.7321231231231233e+00	7.8940800000000005e-02
3.7321241241241245e+00	7.8932299999999997e-02
3.7321251251251253e+00	7.8923699999999999e-02
3.7321261261261265e+00	7.8915100000000002e-02
3.7321271271271272e+00	7.8906500000000004e-02
3.7321281281281284e+00	7.8897900000000007e-02
3.7321291291291292e+00	7.8889299999999996e-02
3.7321301301301304e+00	7.8880699999999998e-02
3.7321311311311312e+00	7.8872100000000001e-02
3.7321321321321324e+00	7.8863500000000003e-02
3.7321331331331331e+00	7.8854900000000006e-02
3.7321341341341343e+00	7.8846299999999994e-02
3.7321351351351355e+00	7.8837599999999994e-02
3.7321361361361363e+00	7.8828999999999996e-02
3.7321371371371375e+00	7.8820399999999999e-02
3.7321381381381382e+00	7.8811800000000001e-02
3.7321391391391394e+00	7.8803100000000001e-02
3.7321401401401402e+00	7.8794500000000003e-02
3.7321411411411414e+00	7.8785800000000003e-02
3.7321421421421421e+00	7.8777200000000006e-02
3.7321431431431433e+00	7.8768500000000005e-02
3.7321441441441445e+00	7.8759899999999994e-02
3.7321451451451453e+00	7.8751199999999993e-02
3.7321461461461465e+00	7.8742500000000007e-02
3.7321471471471472e+00	7.8733800000000007e-02
3.7321481481481484e+00	7.8725199999999995e-02
3.7321491491491492e+00	7.8716499999999995e-02
3.7321501501501504e+00	7.8707799999999994e-02
3.7321511511511511e+00	7.8699099999999994e-02
3.7321521521521523e+00	7.8690399999999994e-02
3.7321531531531535e+00	7.8681699999999993e-02
3.7321541541541543e+00	7.8673000000000007e-02
3.7321551551551555e+00	7.8664300000000006e-02
3.7321561561561563e+00	7.8655500000000003e-02
3.7321571571571575e+00	7.8646800000000003e-02
3.7321581581581582e+00	7.8638100000000002e-02
3.7321591591591594e+00	7.8629400000000002e-02
3.7321601601601602e+00	7.8620599999999999e-02
3.7321611611611614e+00	7.8611899999999998e-02
3.7321621621621626e+00	7.8603099999999995e-02
3.7321631631631633e+00	7.8594399999999995e-02
3.7321641641641645e+00	7.8585600000000005e-02
3.7321651651651653e+00	7.8576800000000002e-02
3.7321661661661665e+00	7.8567999999999999e-02
3.7321671671671672e+00	7.8559299999999999e-02
3.7321681681681684e+00	7.8550499999999995e-02
3.7321691691691692e+00	7.8541700000000006e-02
3.7321701701701704e+00	7.8532900000000003e-02
3.7321711711711711e+00	7.8524099999999999e-02
3.7321721721721723e+00	7.8515299999999996e-02
3.7321731731731735e+00	7.8506500000000007e-02
3.7321741741741743e+00	7.8497600000000001e-02
3.7321751751751755e+00	7.8488799999999997e-02
3.7321761761761763e+00	7.8479999999999994e-02
3.7321771771771775e+00	7.8471200000000005e-02
3.7321781781781782e+00	7.8462299999999999e-02
3.7321791791791794e+00	7.8453499999999995e-02
3.7321801801801802e+00	7.8444600000000003e-02
3.7321811811811814e+00	7.8435699999999997e-02
3.7321821821821826e+00	7.8426899999999994e-02
3.7321831831831833e+00	7.8418000000000002e-02
3.7321841841841845e+00	7.8409099999999995e-02
3.7321851851851853e+00	7.8400200000000003e-02
3.7321861861861865e+00	7.8391299999999997e-02
3.7321871871871872e+00	7.8382400000000005e-02
3.7321881881881884e+00	7.8373499999999999e-02
3.7321891891891892e+00	7.8364600000000006e-02
3.7321901901901904e+00	7.8355599999999997e-02
3.7321911911911916e+00	7.8346700000000005e-02
3.7321921921921923e+00	7.8337799999999999e-02
3.7321931931931935e+00	7.8328800000000004e-02
3.7321941941941943e+00	7.8319899999999998e-02
3.7321951951951955e+00	7.8310900000000003e-02
3.7321961961961962e+00	7.8301899999999994e-02
3.7321971971971974e+00	7.8293000000000001e-02
3.7321981981981982e+00	7.8284000000000006e-02
3.7321991991991994e+00	7.8274999999999997e-02
3.7322002002002006e+00	7.8266000000000002e-02
3.7322012012012014e+00	7.8256999999999993e-02
3.7322022022022026e+00	7.8247899999999995e-02
3.7322032032032033e+00	7.8238900000000000e-02
3.7322042042042045e+00	7.8229900000000005e-02
3.7322052052052053e+00	7.8220799999999993e-02
3.7322062062062065e+00	7.8211799999999998e-02
3.7322072072072072e+00	7.8202700000000000e-02
3.7322082082082084e+00	7.8193700000000005e-02
3.7322092092092092e+00	7.8184600000000007e-02
3.7322102102102104e+00	7.8175499999999995e-02
3.7322112112112116e+00	7.8166399999999997e-02
3.7322122122122123e+00	7.8157299999999999e-02
3.7322132132132135e+00	7.8148200000000001e-02
3.7322142142142143e+00	7.8139100000000003e-02
3.7322152152152155e+00	7.8129900000000002e-02
3.7322162162162162e+00	7.8120800000000004e-02
3.7322172172172174e+00	7.8111700000000006e-02
3.7322182182182182e+00	7.8102500000000005e-02
3.7322192192192194e+00	7.8093300000000004e-02
3.7322202202202206e+00	7.8084200000000006e-02
3.7322212212212214e+00	7.8075000000000006e-02
3.7322222222222226e+00	7.8065800000000005e-02
3.7322232232232233e+00	7.8056600000000004e-02
3.7322242242242245e+00	7.8047400000000003e-02
3.7322252252252253e+00	7.8038099999999999e-02
3.7322262262262265e+00	7.8028899999999998e-02
3.7322272272272272e+00	7.8019599999999995e-02
3.7322282282282284e+00	7.8010399999999994e-02
3.7322292292292296e+00	7.8001100000000004e-02
3.7322302302302304e+00	7.7991800000000000e-02
3.7322312312312316e+00	7.7982499999999996e-02
3.7322322322322323e+00	7.7973200000000006e-02
3.7322332332332335e+00	7.7963900000000003e-02
3.7322342342342343e+00	7.7954599999999999e-02
3.7322352352352355e+00	7.7945299999999995e-02
3.7322362362362362e+00	7.7935900000000002e-02
3.7322372372372374e+00	7.7926599999999999e-02
3.7322382382382386e+00	7.7917200000000006e-02
3.7322392392392394e+00	7.7907799999999999e-02
3.7322402402402406e+00	7.7898400000000007e-02
3.7322412412412413e+00	7.7889000000000000e-02
3.7322422422422425e+00	7.7879599999999993e-02
3.7322432432432433e+00	7.7870200000000001e-02
3.7322442442442445e+00	7.7860700000000005e-02
3.7322452452452453e+00	7.7851299999999998e-02
3.7322462462462465e+00	7.7841800000000003e-02
3.7322472472472472e+00	7.7832299999999993e-02
3.7322482482482484e+00	7.7822799999999998e-02
3.7322492492492496e+00	7.7813300000000002e-02
3.7322502502502504e+00	7.7803800000000006e-02
3.7322512512512516e+00	7.7794299999999997e-02
3.7322522522522523e+00	7.7784699999999998e-02
3.7322532532532535e+00	7.7775200000000003e-02
3.7322542542542543e+00	7.7765600000000004e-02
3.7322552552552555e+00	7.7756000000000006e-02
3.7322562562562562e+00	7.7746399999999993e-02
3.7322572572572574e+00	7.7736799999999995e-02
3.7322582582582586e+00	7.7727199999999996e-02
3.7322592592592594e+00	7.7717499999999995e-02
3.7322602602602606e+00	7.7707799999999994e-02
3.7322612612612613e+00	7.7698199999999995e-02
3.7322622622622625e+00	7.7688499999999994e-02
3.7322632632632633e+00	7.7678800000000006e-02
3.7322642642642645e+00	7.7669000000000002e-02
3.7322652652652653e+00	7.7659300000000001e-02
3.7322662662662665e+00	7.7649499999999996e-02
3.7322672672672677e+00	7.7639799999999995e-02
3.7322682682682684e+00	7.7630000000000005e-02
3.7322692692692696e+00	7.7620200000000000e-02
3.7322702702702704e+00	7.7610399999999996e-02
3.7322712712712716e+00	7.7600500000000003e-02
3.7322722722722723e+00	7.7590699999999999e-02
3.7322732732732735e+00	7.7580800000000005e-02
3.7322742742742743e+00	7.7570899999999998e-02
3.7322752752752755e+00	7.7561000000000005e-02
3.7322762762762767e+00	7.7551099999999998e-02
3.7322772772772774e+00	7.7541100000000002e-02
3.7322782782782786e+00	7.7531199999999995e-02
3.7322792792792794e+00	7.7521199999999998e-02
3.7322802802802806e+00	7.7511200000000002e-02
3.7322812812812813e+00	7.7501100000000003e-02
3.7322822822822825e+00	7.7491099999999993e-02
3.7322832832832833e+00	7.7480999999999994e-02
3.7322842842842845e+00	7.7470999999999998e-02
3.7322852852852852e+00	7.7460899999999999e-02
3.7322862862862864e+00	7.7450699999999997e-02
3.7322872872872876e+00	7.7440599999999998e-02
3.7322882882882884e+00	7.7430399999999996e-02
3.7322892892892896e+00	7.7420299999999997e-02
3.7322902902902904e+00	7.7410099999999996e-02
3.7322912912912916e+00	7.7399800000000005e-02
3.7322922922922923e+00	7.7389600000000003e-02
3.7322932932932935e+00	7.7379299999999998e-02
3.7322942942942943e+00	7.7368999999999993e-02
3.7322952952952955e+00	7.7358700000000002e-02
3.7322962962962967e+00	7.7348299999999995e-02
3.7322972972972974e+00	7.7338000000000004e-02
3.7322982982982986e+00	7.7327599999999996e-02
3.7322992992992994e+00	7.7317200000000003e-02
3.7323003003003006e+00	7.7306700000000006e-02
3.7323013013013013e+00	7.7296299999999998e-02
3.7323023023023025e+00	7.7285800000000002e-02
3.7323033033033033e+00	7.7275300000000005e-02
3.7323043043043045e+00	7.7264700000000006e-02
3.7323053053053057e+00	7.7254199999999995e-02
3.7323063063063064e+00	7.7243599999999996e-02
3.7323073073073076e+00	7.7232999999999996e-02
3.7323083083083084e+00	7.7222299999999994e-02
3.7323093093093096e+00	7.7211699999999994e-02
3.7323103103103104e+00	7.7201000000000006e-02
3.7323113113113116e+00	7.7190200000000000e-02
3.7323123123123123e+00	7.7179499999999998e-02
3.7323133133133135e+00	7.7168700000000007e-02
3.7323143143143147e+00	7.7157900000000001e-02
3.7323153153153155e+00	7.7146999999999993e-02
3.7323163163163167e+00	7.7136099999999999e-02
3.7323173173173174e+00	7.7125200000000005e-02
3.7323183183183186e+00	7.7114299999999997e-02
3.7323193193193194e+00	7.7103300000000000e-02
3.7323203203203206e+00	7.7092300000000002e-02
3.7323213213213213e+00	7.7081300000000005e-02
3.7323223223223225e+00	7.7070200000000005e-02
3.7323233233233233e+00	7.7059100000000005e-02
3.7323243243243245e+00	7.7048000000000005e-02
3.7323253253253257e+00	7.7036800000000002e-02
3.7323263263263264e+00	7.7025600000000000e-02
3.7323273273273276e+00	7.7014399999999997e-02
3.7323283283283284e+00	7.7003100000000005e-02
3.7323293293293296e+00	7.6991799999999999e-02
3.7323303303303303e+00	7.6980400000000004e-02
3.7323313313313315e+00	7.6968999999999996e-02
3.7323323323323323e+00	7.6957600000000001e-02
3.7323333333333335e+00	7.6946100000000003e-02
3.7323343343343347e+00	7.6934600000000006e-02
3.7323353353353355e+00	7.6923099999999994e-02
3.7323363363363367e+00	7.6911499999999994e-02
3.7323373373373374e+00	7.6899899999999993e-02
3.7323383383383386e+00	7.6888200000000004e-02
3.7323393393393394e+00	7.6876500000000000e-02
3.7323403403403406e+00	7.6864699999999994e-02
3.7323413413413413e+00	7.6852900000000002e-02
3.7323423423423425e+00	7.6841099999999996e-02
3.7323433433433437e+00	7.6829200000000000e-02
3.7323443443443445e+00	7.6817200000000002e-02
3.7323453453453457e+00	7.6805300000000007e-02
3.7323463463463464e+00	7.6793200000000006e-02
3.7323473473473476e+00	7.6781100000000005e-02
3.7323483483483484e+00	7.6769000000000004e-02
3.7323493493493496e+00	7.6756800000000000e-02
3.7323503503503503e+00	7.6744599999999996e-02
3.7323513513513515e+00	7.6732300000000003e-02
3.7323523523523523e+00	7.6719999999999997e-02
3.7323533533533535e+00	7.6707600000000001e-02
3.7323543543543547e+00	7.6695200000000005e-02
3.7323553553553555e+00	7.6682700000000006e-02
3.7323563563563567e+00	7.6670100000000005e-02
3.7323573573573574e+00	7.6657500000000003e-02
3.7323583583583586e+00	7.6644799999999999e-02
3.7323593593593594e+00	7.6632099999999995e-02
3.7323603603603606e+00	7.6619300000000001e-02
3.7323613613613613e+00	7.6606499999999994e-02
3.7323623623623625e+00	7.6593499999999995e-02
3.7323633633633637e+00	7.6580599999999999e-02
3.7323643643643645e+00	7.6567499999999997e-02
3.7323653653653657e+00	7.6554399999999995e-02
3.7323663663663664e+00	7.6541200000000004e-02
3.7323673673673676e+00	7.6527999999999999e-02
3.7323683683683684e+00	7.6514700000000005e-02
3.7323693693693696e+00	7.6501299999999994e-02
3.7323703703703703e+00	7.6487899999999998e-02
3.7323713713713715e+00	7.6474299999999995e-02
3.7323723723723727e+00	7.6460700000000006e-02
3.7323733733733735e+00	7.6447100000000004e-02
3.7323743743743747e+00	7.6433299999999996e-02
3.7323753753753754e+00	7.6419500000000001e-02
3.7323763763763766e+00	7.6405600000000004e-02
3.7323773773773774e+00	7.6391600000000004e-02
3.7323783783783786e+00	7.6377500000000001e-02
3.7323793793793794e+00	7.6363399999999998e-02
3.7323803803803806e+00	7.6349100000000003e-02
3.7323813813813818e+00	7.6334799999999994e-02
3.7323823823823825e+00	7.6320399999999997e-02
3.7323833833833837e+00	7.6305799999999993e-02
3.7323843843843845e+00	7.6291200000000003e-02
3.7323853853853857e+00	7.6276499999999997e-02
3.7323863863863864e+00	7.6261700000000002e-02
3.7323873873873876e+00	7.6246800000000003e-02
3.7323883883883884e+00	7.6231800000000002e-02
3.7323893893893896e+00	7.6216699999999998e-02
3.7323903903903903e+00	7.6201500000000005e-02
3.7323913913913915e+00	7.6186199999999996e-02
3.7323923923923927e+00	7.6170799999999997e-02
3.7323933933933935e+00	7.6155200000000006e-02
3.7323943943943947e+00	7.6139600000000002e-02
3.7323953953953954e+00	7.6123800000000005e-02
3.7323963963963966e+00	7.6107900000000006e-02
3.7323973973973974e+00	7.6091900000000004e-02
3.7323983983983986e+00	7.6075699999999996e-02
3.7323993993993994e+00	7.6059500000000002e-02
3.7324004004004006e+00	7.6043100000000002e-02
3.7324014014014018e+00	7.6026499999999997e-02
3.7324024024024025e+00	7.6009900000000005e-02
3.7324034034034037e+00	7.5993099999999994e-02
3.7324044044044045e+00	7.5976100000000005e-02
3.7324054054054057e+00	7.5958999999999999e-02
3.7324064064064064e+00	7.5941800000000004e-02
3.7324074074074076e+00	7.5924400000000003e-02
3.7324084084084084e+00	7.5906799999999996e-02
3.7324094094094096e+00	7.5889100000000001e-02
3.7324104104104108e+00	7.5871200000000000e-02
3.7324114114114115e+00	7.5853199999999996e-02
3.7324124124124127e+00	7.5835000000000000e-02
3.7324134134134135e+00	7.5816599999999998e-02
3.7324144144144147e+00	7.5798000000000004e-02
3.7324154154154154e+00	7.5779299999999994e-02
3.7324164164164166e+00	7.5760300000000003e-02
3.7324174174174174e+00	7.5741199999999995e-02
3.7324184184184186e+00	7.5721800000000006e-02
3.7324194194194198e+00	7.5702300000000000e-02
3.7324204204204205e+00	7.5682500000000000e-02
3.7324214214214217e+00	7.5662599999999997e-02
3.7324224224224225e+00	7.5642399999999999e-02
3.7324234234234237e+00	7.5621999999999995e-02
3.7324244244244245e+00	7.5601299999999996e-02
3.7324254254254257e+00	7.5580400000000006e-02
3.7324264264264264e+00	7.5559299999999996e-02
3.7324274274274276e+00	7.5537900000000005e-02
3.7324284284284284e+00	7.5516299999999995e-02
3.7324294294294296e+00	7.5494400000000003e-02
3.7324304304304308e+00	7.5472200000000003e-02
3.7324314314314315e+00	7.5449699999999995e-02
3.7324324324324327e+00	7.5426999999999994e-02
3.7324334334334335e+00	7.5403899999999996e-02
3.7324344344344347e+00	7.5380500000000003e-02
3.7324354354354354e+00	7.5356900000000004e-02
3.7324364364364366e+00	7.5332899999999994e-02
3.7324374374374374e+00	7.5308500000000000e-02
3.7324384384384386e+00	7.5283900000000001e-02
3.7324394394394398e+00	7.5258800000000001e-02
3.7324404404404405e+00	7.5233400000000006e-02
3.7324414414414417e+00	7.5207599999999999e-02
3.7324424424424425e+00	7.5181499999999998e-02
3.7324434434434437e+00	7.5154899999999997e-02
3.7324444444444445e+00	7.5127899999999997e-02
3.7324454454454457e+00	7.5100500000000001e-02
3.7324464464464464e+00	7.5072600000000003e-02
3.7324474474474476e+00	7.5044299999999994e-02
3.7324484484484488e+00	7.5015499999999999e-02
3.7324494494494496e+00	7.4986200000000003e-02
3.7324504504504508e+00	7.4956400000000006e-02
3.7324514514514515e+00	7.4926000000000006e-02
3.7324524524524527e+00	7.4895199999999995e-02
3.7324534534534535e+00	7.4863700000000005e-02
3.7324544544544547e+00	7.4831700000000001e-02
3.7324554554554554e+00	7.4799099999999993e-02
3.7324564564564566e+00	7.4765799999999993e-02
3.7324574574574578e+00	7.4731900000000004e-02
3.7324584584584586e+00	7.4697299999999994e-02
3.7324594594594598e+00	7.4662000000000006e-02
3.7324604604604605e+00	7.4625999999999998e-02
3.7324614614614617e+00	7.4589199999999994e-02
3.7324624624624625e+00	7.4551699999999999e-02
3.7324634634634637e+00	7.4513300000000005e-02
3.7324644644644644e+00	7.4473999999999999e-02
3.7324654654654656e+00	7.4433899999999997e-02
3.7324664664664664e+00	7.4392799999999995e-02
3.7324674674674676e+00	7.4350700000000006e-02
3.7324684684684688e+00	7.4307700000000004e-02
3.7324694694694696e+00	7.4263499999999996e-02
3.7324704704704708e+00	7.4218300000000001e-02
3.7324714714714715e+00	7.4171899999999999e-02
3.7324724724724727e+00	7.4124300000000004e-02
3.7324734734734735e+00	7.4075500000000002e-02
3.7324744744744747e+00	7.4025300000000002e-02
3.7324754754754754e+00	7.3973700000000003e-02
3.7324764764764766e+00	7.3920600000000003e-02
3.7324774774774778e+00	7.3866000000000001e-02
3.7324784784784786e+00	7.3809799999999995e-02
3.7324794794794798e+00	7.3751899999999995e-02
3.7324804804804805e+00	7.3692199999999999e-02
3.7324814814814817e+00	7.3630699999999993e-02
3.7324824824824825e+00	7.3567099999999996e-02
3.7324834834834837e+00	7.3501399999999995e-02
3.7324844844844844e+00	7.3433499999999999e-02
3.7324854854854856e+00	7.3363300000000006e-02
3.7324864864864868e+00	7.3290599999999997e-02
3.7324874874874876e+00	7.3215199999999994e-02
3.7324884884884888e+00	7.3136999999999994e-02
3.7324894894894896e+00	7.3055899999999993e-02
3.7324904904904908e+00	7.2971599999999998e-02
3.7324914914914915e+00	7.2883900000000001e-02
3.7324924924924927e+00	7.2792599999999999e-02
3.7324934934934935e+00	7.2697399999999995e-02
3.7324944944944947e+00	7.2598099999999999e-02
3.7324954954954959e+00	7.2494400000000001e-02
3.7324964964964966e+00	7.2386000000000006e-02
3.7324974974974978e+00	7.2272400000000001e-02
3.7324984984984986e+00	7.2153300000000004e-02
3.7324994994994998e+00	7.2028300000000003e-02
3.7325005005005005e+00	7.1896900000000000e-02
3.7325015015015017e+00	7.1758500000000003e-02
3.7325025025025025e+00	7.1612499999999996e-02
3.7325035035035037e+00	7.1458300000000002e-02
3.7325045045045044e+00	7.1294999999999997e-02
3.7325055055055056e+00	7.1121900000000002e-02
3.7325065065065068e+00	7.0938000000000001e-02
3.7325075075075076e+00	7.0742200000000005e-02
3.7325085085085088e+00	7.0533100000000001e-02
3.7325095095095095e+00	7.0309499999999997e-02
3.7325105105105107e+00	7.0069699999999999e-02
3.7325115115115115e+00	6.9811700000000004e-02
3.7325125125125127e+00	6.9533399999999995e-02
3.7325135135135135e+00	6.9232100000000005e-02
3.7325145145145147e+00	6.8904900000000005e-02
3.7325155155155159e+00	6.8548200000000004e-02
3.7325165165165166e+00	6.8157599999999999e-02
3.7325175175175178e+00	6.7728099999999999e-02
3.7325185185185186e+00	6.7253300000000002e-02
3.7325195195195198e+00	6.6725699999999999e-02
3.7325205205205205e+00	6.6135600000000003e-02
3.7325215215215217e+00	6.5471199999999993e-02
3.7325225225225225e+00	6.4717399999999994e-02
3.7325235235235237e+00	6.3854499999999995e-02
3.7325245245245249e+00	6.2857099999999999e-02
3.7325255255255256e+00	6.1690500000000002e-02
3.7325265265265268e+00	6.0307899999999998e-02
3.7325275275275276e+00	5.8642899999999998e-02
3.7325285285285288e+00	5.6599299999999998e-02
3.7325295295295295e+00	5.4032600000000000e-02
3.7325305305305307e+00	5.0714700000000001e-02
3.7325315315315315e+00	4.6267599999999999e-02
3.7325325325325327e+00	4.0023099999999999e-02
3.7325335335335339e+00	3.0727800000000000e-02
3.7325345345345347e+00	1.6134599999999999e-02
3.7325355355355359e+00	3.5231000000000002e-05
3.7325365365365366e+00	7.0643299999999998e-01
3.7325375375375378e+00	3.4038499999999999e-01
3.7325385385385386e+00	1.8743399999999999e-01
3.7325395395395398e+00	1.4489299999999999e-01
3.7325405405405405e+00	1.2560900000000000e-01
3.7325415415415417e+00	1.1470400000000000e-01
3.7325425425425425e+00	1.0771600000000001e-01
3.7325435435435437e+00	1.0286200000000000e-01
3.7325445445445449e+00	9.9297499999999997e-02
3.7325455455455456e+00	9.6569100000000005e-02
3.7325465465465468e+00	9.4413899999999995e-02
3.7325475475475476e+00	9.2668399999999998e-02
3.7325485485485488e+00	9.1225899999999999e-02
3.7325495495495495e+00	9.0013499999999996e-02
3.7325505505505507e+00	8.8980100000000006e-02
3.7325515515515515e+00	8.8088700000000006e-02
3.7325525525525527e+00	8.7311700000000006e-02
3.7325535535535539e+00	8.6628300000000005e-02
3.7325545545545546e+00	8.6022399999999999e-02
3.7325555555555558e+00	8.5481500000000002e-02
3.7325565565565566e+00	8.4995399999999999e-02
3.7325575575575578e+00	8.4556199999999998e-02
3.7325585585585586e+00	8.4157300000000004e-02
3.7325595595595598e+00	8.3793400000000004e-02
3.7325605605605605e+00	8.3459900000000004e-02
3.7325615615615617e+00	8.3153099999999994e-02
3.7325625625625629e+00	8.2869899999999996e-02
3.7325635635635637e+00	8.2607600000000003e-02
3.7325645645645649e+00	8.2363900000000004e-02
3.7325655655655656e+00	8.2136799999999996e-02
3.7325665665665668e+00	8.1924700000000003e-02
3.7325675675675676e+00	8.1725999999999993e-02
3.7325685685685688e+00	8.1539600000000004e-02
3.7325695695695695e+00	8.1364199999999998e-02
3.7325705705705707e+00	8.1198900000000004e-02
3.7325715715715719e+00	8.1042799999999998e-02
3.7325725725725727e+00	8.0895099999999998e-02
3.7325735735735739e+00	8.0755099999999996e-02
3.7325745745745746e+00	8.0622200000000005e-02
3.7325755755755758e+00	8.0495899999999995e-02
3.7325765765765766e+00	8.0375600000000005e-02
3.7325775775775778e+00	8.0260899999999996e-02
3.7325785785785786e+00	8.0151399999999998e-02
3.7325795795795798e+00	8.0046800000000001e-02
3.7325805805805805e+00	7.9946600000000007e-02
3.7325815815815817e+00	7.9850599999999994e-02
3.7325825825825829e+00	7.9758599999999999e-02
3.7325835835835837e+00	7.9670199999999997e-02
3.7325845845845849e+00	7.9585199999999995e-02
3.7325855855855856e+00	7.9503500000000005e-02
3.7325865865865868e+00	7.9424700000000001e-02
3.7325875875875876e+00	7.9348900000000000e-02
3.7325885885885888e+00	7.9275700000000004e-02
3.7325895895895895e+00	7.9204999999999998e-02
3.7325905905905907e+00	7.9136700000000004e-02
3.7325915915915919e+00	7.9070600000000005e-02
3.7325925925925927e+00	7.9006699999999999e-02
3.7325935935935939e+00	7.8944799999999996e-02
3.7325945945945946e+00	7.8884800000000005e-02
3.7325955955955958e+00	7.8826599999999997e-02
3.7325965965965966e+00	7.8770199999999999e-02
3.7325975975975978e+00	7.8715300000000002e-02
3.7325985985985985e+00	7.8662099999999999e-02
3.7325995995995997e+00	7.8610299999999994e-02
3.7326006006006009e+00	7.8559900000000002e-02
3.7326016016016017e+00	7.8510899999999995e-02
3.7326026026026029e+00	7.8463099999999994e-02
3.7326036036036037e+00	7.8416600000000003e-02
3.7326046046046049e+00	7.8371200000000002e-02
3.7326056056056056e+00	7.8326999999999994e-02
3.7326066066066068e+00	7.8283900000000003e-02
3.7326076076076076e+00	7.8241699999999997e-02
3.7326086086086088e+00	7.8200599999999995e-02
3.7326096096096100e+00	7.8160400000000005e-02
3.7326106106106107e+00	7.8120999999999996e-02
3.7326116116116119e+00	7.8082600000000002e-02
3.7326126126126127e+00	7.8045000000000003e-02
3.7326136136136139e+00	7.8008200000000000e-02
3.7326146146146146e+00	7.7972200000000005e-02
3.7326156156156158e+00	7.7936900000000003e-02
3.7326166166166166e+00	7.7902299999999994e-02
3.7326176176176178e+00	7.7868400000000004e-02
3.7326186186186185e+00	7.7835100000000004e-02
3.7326196196196197e+00	7.7802499999999997e-02
3.7326206206206209e+00	7.7770500000000006e-02
3.7326216216216217e+00	7.7739100000000005e-02
3.7326226226226229e+00	7.7708299999999994e-02
3.7326236236236237e+00	7.7677999999999997e-02
3.7326246246246249e+00	7.7648300000000003e-02
3.7326256256256256e+00	7.7618999999999994e-02
3.7326266266266268e+00	7.7590300000000001e-02
3.7326276276276276e+00	7.7562099999999995e-02
3.7326286286286288e+00	7.7534300000000000e-02
3.7326296296296300e+00	7.7506900000000004e-02
3.7326306306306307e+00	7.7479999999999993e-02
3.7326316316316319e+00	7.7453499999999995e-02
3.7326326326326327e+00	7.7427499999999996e-02
3.7326336336336339e+00	7.7401800000000007e-02
3.7326346346346346e+00	7.7376500000000001e-02
3.7326356356356358e+00	7.7351600000000006e-02
3.7326366366366366e+00	7.7327000000000007e-02
3.7326376376376378e+00	7.7302800000000005e-02
3.7326386386386390e+00	7.7278899999999998e-02
3.7326396396396397e+00	7.7255400000000002e-02
3.7326406406406409e+00	7.7232099999999998e-02
3.7326416416416417e+00	7.7209200000000006e-02
3.7326426426426429e+00	7.7186599999999994e-02
3.7326436436436436e+00	7.7164300000000005e-02
3.7326446446446448e+00	7.7142199999999994e-02
3.7326456456456456e+00	7.7120499999999995e-02
3.7326466466466468e+00	7.7099000000000001e-02
3.7326476476476480e+00	7.7077800000000002e-02
3.7326486486486488e+00	7.7056799999999995e-02
3.7326496496496500e+00	7.7036099999999996e-02
3.7326506506506507e+00	7.7015600000000003e-02
3.7326516516516519e+00	7.6995400000000006e-02
3.7326526526526527e+00	7.6975399999999999e-02
3.7326536536536539e+00	7.6955599999999999e-02
3.7326546546546546e+00	7.6936000000000004e-02
3.7326556556556558e+00	7.6916600000000002e-02
3.7326566566566566e+00	7.6897499999999994e-02
3.7326576576576578e+00	7.6878500000000002e-02
3.7326586586586590e+00	7.6859800000000006e-02
3.7326596596596597e+00	7.6841199999999998e-02
3.7326606606606609e+00	7.6822900000000000e-02
3.7326616616616617e+00	7.6804700000000004e-02
3.7326626626626629e+00	7.6786699999999999e-02
3.7326636636636636e+00	7.6768799999999998e-02
3.7326646646646648e+00	7.6751200000000006e-02
3.7326656656656656e+00	7.6733700000000002e-02
3.7326666666666668e+00	7.6716300000000001e-02
3.7326676676676680e+00	7.6699199999999995e-02
3.7326686686686688e+00	7.6682100000000003e-02
3.7326696696696700e+00	7.6665300000000006e-02
3.7326706706706707e+00	7.6648599999999997e-02
3.7326716716716719e+00	7.6632000000000006e-02
3.7326726726726727e+00	7.6615600000000006e-02
3.7326736736736739e+00	7.6599299999999995e-02
3.7326746746746746e+00	7.6583100000000001e-02
3.7326756756756758e+00	7.6567099999999999e-02
3.7326766766766770e+00	7.6551200000000000e-02
3.7326776776776778e+00	7.6535400000000003e-02
3.7326786786786790e+00	7.6519799999999999e-02
3.7326796796796797e+00	7.6504299999999997e-02
3.7326806806806809e+00	7.6488899999999999e-02
3.7326816816816817e+00	7.6473600000000003e-02
3.7326826826826829e+00	7.6458399999999996e-02
3.7326836836836836e+00	7.6443399999999995e-02
3.7326846846846848e+00	7.6428399999999994e-02
3.7326856856856856e+00	7.6413599999999998e-02
3.7326866866866868e+00	7.6398800000000003e-02
3.7326876876876880e+00	7.6384199999999999e-02
3.7326886886886887e+00	7.6369699999999999e-02
3.7326896896896899e+00	7.6355300000000001e-02
3.7326906906906907e+00	7.6340900000000003e-02
3.7326916916916919e+00	7.6326699999999997e-02
3.7326926926926927e+00	7.6312599999999994e-02
3.7326936936936939e+00	7.6298500000000005e-02
3.7326946946946946e+00	7.6284599999999994e-02
3.7326956956956958e+00	7.6270699999999997e-02
3.7326966966966970e+00	7.6256900000000002e-02
3.7326976976976978e+00	7.6243199999999997e-02
3.7326986986986990e+00	7.6229599999999995e-02
3.7326996996996997e+00	7.6216099999999995e-02
3.7327007007007009e+00	7.6202599999999995e-02
3.7327017017017017e+00	7.6189300000000001e-02
3.7327027027027029e+00	7.6175999999999994e-02
3.7327037037037036e+00	7.6162800000000003e-02
3.7327047047047048e+00	7.6149599999999998e-02
3.7327057057057060e+00	7.6136599999999999e-02
3.7327067067067068e+00	7.6123600000000000e-02
3.7327077077077080e+00	7.6110700000000003e-02
3.7327087087087087e+00	7.6097799999999993e-02
3.7327097097097099e+00	7.6085000000000000e-02
3.7327107107107107e+00	7.6072299999999995e-02
3.7327117117117119e+00	7.6059699999999994e-02
3.7327127127127127e+00	7.6047100000000006e-02
3.7327137137137139e+00	7.6034599999999994e-02
3.7327147147147151e+00	7.6022099999999995e-02
3.7327157157157158e+00	7.6009699999999999e-02
3.7327167167167170e+00	7.5997400000000007e-02
3.7327177177177178e+00	7.5985100000000000e-02
3.7327187187187190e+00	7.5972899999999996e-02
3.7327197197197197e+00	7.5960799999999995e-02
3.7327207207207209e+00	7.5948699999999994e-02
3.7327217217217217e+00	7.5936600000000007e-02
3.7327227227227229e+00	7.5924699999999998e-02
3.7327237237237236e+00	7.5912700000000000e-02
3.7327247247247248e+00	7.5900899999999993e-02
3.7327257257257260e+00	7.5888999999999998e-02
3.7327267267267268e+00	7.5877299999999995e-02
3.7327277277277280e+00	7.5865600000000005e-02
3.7327287287287287e+00	7.5853900000000002e-02
3.7327297297297299e+00	7.5842300000000001e-02
3.7327307307307307e+00	7.5830700000000001e-02
3.7327317317317319e+00	7.5819200000000003e-02
3.7327327327327327e+00	7.5807700000000006e-02
3.7327337337337338e+00	7.5796299999999997e-02
3.7327347347347350e+00	7.5784900000000002e-02
3.7327357357357358e+00	7.5773599999999997e-02
3.7327367367367370e+00	7.5762300000000005e-02
3.7327377377377378e+00	7.5750999999999999e-02
3.7327387387387390e+00	7.5739799999999996e-02
3.7327397397397397e+00	7.5728699999999996e-02
3.7327407407407409e+00	7.5717599999999996e-02
3.7327417417417417e+00	7.5706499999999996e-02
3.7327427427427429e+00	7.5695499999999999e-02
3.7327437437437441e+00	7.5684500000000002e-02
3.7327447447447448e+00	7.5673500000000005e-02
3.7327457457457460e+00	7.5662599999999997e-02
3.7327467467467468e+00	7.5651700000000002e-02
3.7327477477477480e+00	7.5640899999999997e-02
3.7327487487487487e+00	7.5630100000000006e-02
3.7327497497497499e+00	7.5619300000000000e-02
3.7327507507507507e+00	7.5608599999999998e-02
3.7327517517517519e+00	7.5597899999999996e-02
3.7327527527527531e+00	7.5587299999999996e-02
3.7327537537537538e+00	7.5576699999999997e-02
3.7327547547547550e+00	7.5566099999999997e-02
3.7327557557557558e+00	7.5555499999999998e-02
3.7327567567567570e+00	7.5545000000000001e-02
3.7327577577577578e+00	7.5534500000000004e-02
3.7327587587587590e+00	7.5524099999999997e-02
3.7327597597597597e+00	7.5513700000000003e-02
3.7327607607607609e+00	7.5503299999999995e-02
3.7327617617617617e+00	7.5492900000000002e-02
3.7327627627627629e+00	7.5482599999999997e-02
3.7327637637637641e+00	7.5472300000000006e-02
3.7327647647647648e+00	7.5462100000000004e-02
3.7327657657657660e+00	7.5451799999999999e-02
3.7327667667667668e+00	7.5441599999999998e-02
3.7327677677677680e+00	7.5431499999999999e-02
3.7327687687687687e+00	7.5421299999999997e-02
3.7327697697697699e+00	7.5411199999999998e-02
3.7327707707707707e+00	7.5401099999999999e-02
3.7327717717717719e+00	7.5391100000000003e-02
3.7327727727727731e+00	7.5381100000000006e-02
3.7327737737737738e+00	7.5371099999999996e-02
3.7327747747747750e+00	7.5361100000000000e-02
3.7327757757757758e+00	7.5351100000000004e-02
3.7327767767767770e+00	7.5341199999999997e-02
3.7327777777777778e+00	7.5331300000000004e-02
3.7327787787787789e+00	7.5321399999999997e-02
3.7327797797797797e+00	7.5311600000000006e-02
3.7327807807807809e+00	7.5301800000000002e-02
3.7327817817817821e+00	7.5291999999999998e-02
3.7327827827827829e+00	7.5282199999999994e-02
3.7327837837837841e+00	7.5272500000000006e-02
3.7327847847847848e+00	7.5262700000000002e-02
3.7327857857857860e+00	7.5253000000000000e-02
3.7327867867867868e+00	7.5243400000000002e-02
3.7327877877877880e+00	7.5233700000000001e-02
3.7327887887887887e+00	7.5224100000000002e-02
3.7327897897897899e+00	7.5214500000000004e-02
3.7327907907907911e+00	7.5204900000000005e-02
3.7327917917917919e+00	7.5195300000000007e-02
3.7327927927927931e+00	7.5185799999999997e-02
3.7327937937937938e+00	7.5176300000000001e-02
3.7327947947947950e+00	7.5166800000000006e-02
3.7327957957957958e+00	7.5157299999999996e-02
3.7327967967967970e+00	7.5147800000000001e-02
3.7327977977977977e+00	7.5138399999999994e-02
3.7327987987987989e+00	7.5129000000000001e-02
3.7327997997997997e+00	7.5119599999999995e-02
3.7328008008008009e+00	7.5110200000000002e-02
3.7328018018018021e+00	7.5100899999999998e-02
3.7328028028028029e+00	7.5091500000000005e-02
3.7328038038038041e+00	7.5082200000000002e-02
3.7328048048048048e+00	7.5072899999999998e-02
3.7328058058058060e+00	7.5063599999999994e-02
3.7328068068068068e+00	7.5054399999999993e-02
3.7328078078078080e+00	7.5045100000000003e-02
3.7328088088088087e+00	7.5035900000000003e-02
3.7328098098098099e+00	7.5026700000000002e-02
3.7328108108108111e+00	7.5017500000000001e-02
3.7328118118118119e+00	7.5008300000000000e-02
3.7328128128128131e+00	7.4999200000000002e-02
3.7328138138138138e+00	7.4990000000000001e-02
3.7328148148148150e+00	7.4980900000000003e-02
3.7328158158158158e+00	7.4971800000000005e-02
3.7328168168168170e+00	7.4962699999999993e-02
3.7328178178178177e+00	7.4953699999999998e-02
3.7328188188188189e+00	7.4944600000000000e-02
3.7328198198198201e+00	7.4935600000000005e-02
3.7328208208208209e+00	7.4926599999999996e-02
3.7328218218218221e+00	7.4917600000000001e-02
3.7328228228228229e+00	7.4908600000000006e-02
3.7328238238238240e+00	7.4899599999999997e-02
3.7328248248248248e+00	7.4890600000000002e-02
3.7328258258258260e+00	7.4881699999999995e-02
3.7328268268268268e+00	7.4872800000000003e-02
3.7328278278278280e+00	7.4863899999999997e-02
3.7328288288288292e+00	7.4855000000000005e-02
3.7328298298298299e+00	7.4846099999999999e-02
3.7328308308308311e+00	7.4837200000000006e-02
3.7328318318318319e+00	7.4828400000000003e-02
3.7328328328328331e+00	7.4819499999999997e-02
3.7328338338338338e+00	7.4810699999999994e-02
3.7328348348348350e+00	7.4801900000000004e-02
3.7328358358358358e+00	7.4793100000000001e-02
3.7328368368368370e+00	7.4784299999999998e-02
3.7328378378378377e+00	7.4775599999999998e-02
3.7328388388388389e+00	7.4766799999999994e-02
3.7328398398398401e+00	7.4758099999999994e-02
3.7328408408408409e+00	7.4749300000000005e-02
3.7328418418418421e+00	7.4740600000000004e-02
3.7328428428428428e+00	7.4731900000000004e-02
3.7328438438438440e+00	7.4723200000000004e-02
3.7328448448448448e+00	7.4714600000000006e-02
3.7328458458458460e+00	7.4705900000000006e-02
3.7328468468468468e+00	7.4697200000000005e-02
3.7328478478478480e+00	7.4688599999999994e-02
3.7328488488488492e+00	7.4679999999999996e-02
3.7328498498498499e+00	7.4671399999999999e-02
3.7328508508508511e+00	7.4662800000000001e-02
3.7328518518518519e+00	7.4654200000000004e-02
3.7328528528528531e+00	7.4645600000000006e-02
3.7328538538538538e+00	7.4636999999999995e-02
3.7328548548548550e+00	7.4628500000000000e-02
3.7328558558558558e+00	7.4619900000000003e-02
3.7328568568568570e+00	7.4611399999999994e-02
3.7328578578578582e+00	7.4602900000000000e-02
3.7328588588588589e+00	7.4594400000000005e-02
3.7328598598598601e+00	7.4585899999999997e-02
3.7328608608608609e+00	7.4577400000000002e-02
3.7328618618618621e+00	7.4568899999999994e-02
3.7328628628628628e+00	7.4560500000000002e-02
3.7328638638638640e+00	7.4551999999999993e-02
3.7328648648648648e+00	7.4543600000000002e-02
3.7328658658658660e+00	7.4535100000000007e-02
3.7328668668668672e+00	7.4526700000000001e-02
3.7328678678678680e+00	7.4518299999999996e-02
3.7328688688688691e+00	7.4509900000000004e-02
3.7328698698698699e+00	7.4501499999999998e-02
3.7328708708708711e+00	7.4493199999999996e-02
3.7328718718718719e+00	7.4484800000000004e-02
3.7328728728728731e+00	7.4476399999999998e-02
3.7328738738738738e+00	7.4468099999999995e-02
3.7328748748748750e+00	7.4459700000000004e-02
3.7328758758758758e+00	7.4451400000000001e-02
3.7328768768768770e+00	7.4443099999999998e-02
3.7328778778778782e+00	7.4434799999999995e-02
3.7328788788788789e+00	7.4426500000000007e-02
3.7328798798798801e+00	7.4418200000000004e-02
3.7328808808808809e+00	7.4409900000000001e-02
3.7328818818818821e+00	7.4401700000000001e-02
3.7328828828828828e+00	7.4393399999999998e-02
3.7328838838838840e+00	7.4385099999999996e-02
3.7328848848848848e+00	7.4376899999999996e-02
3.7328858858858860e+00	7.4368699999999996e-02
3.7328868868868872e+00	7.4360399999999993e-02
3.7328878878878879e+00	7.4352199999999993e-02
3.7328888888888891e+00	7.4343999999999993e-02
3.7328898898898899e+00	7.4335799999999994e-02
3.7328908908908911e+00	7.4327599999999994e-02
3.7328918918918919e+00	7.4319399999999994e-02
3.7328928928928931e+00	7.4311299999999997e-02
3.7328938938938938e+00	7.4303099999999997e-02
3.7328948948948950e+00	7.4295000000000000e-02
3.7328958958958962e+00	7.4286800000000000e-02
3.7328968968968970e+00	7.4278700000000003e-02
3.7328978978978982e+00	7.4270500000000003e-02
3.7328988988988989e+00	7.4262400000000006e-02
3.7328998998999001e+00	7.4254299999999995e-02
3.7329009009009009e+00	7.4246199999999998e-02
3.7329019019019021e+00	7.4238100000000001e-02
3.7329029029029028e+00	7.4230000000000004e-02
3.7329039039039040e+00	7.4221899999999993e-02
3.7329049049049052e+00	7.4213899999999999e-02
3.7329059059059060e+00	7.4205800000000002e-02
3.7329069069069072e+00	7.4197700000000005e-02
3.7329079079079079e+00	7.4189699999999997e-02
3.7329089089089091e+00	7.4181600000000000e-02
3.7329099099099099e+00	7.4173600000000006e-02
3.7329109109109111e+00	7.4165599999999998e-02
3.7329119119119119e+00	7.4157600000000004e-02
3.7329129129129131e+00	7.4149599999999996e-02
3.7329139139139138e+00	7.4141600000000002e-02
3.7329149149149150e+00	7.4133599999999994e-02
3.7329159159159162e+00	7.4125600000000000e-02
3.7329169169169170e+00	7.4117600000000006e-02
3.7329179179179182e+00	7.4109599999999998e-02
3.7329189189189189e+00	7.4101600000000004e-02
3.7329199199199201e+00	7.4093699999999998e-02
3.7329209209209209e+00	7.4085700000000004e-02
3.7329219219219221e+00	7.4077799999999999e-02
3.7329229229229228e+00	7.4069800000000005e-02
3.7329239239239240e+00	7.4061900000000000e-02
3.7329249249249252e+00	7.4053999999999995e-02
3.7329259259259260e+00	7.4046100000000004e-02
3.7329269269269272e+00	7.4038099999999996e-02
3.7329279279279279e+00	7.4030200000000004e-02
3.7329289289289291e+00	7.4022299999999999e-02
3.7329299299299299e+00	7.4014399999999994e-02
3.7329309309309311e+00	7.4006600000000006e-02
3.7329319319319318e+00	7.3998700000000001e-02
3.7329329329329330e+00	7.3990799999999995e-02
3.7329339339339342e+00	7.3982900000000004e-02
3.7329349349349350e+00	7.3975100000000002e-02
3.7329359359359362e+00	7.3967199999999997e-02
3.7329369369369370e+00	7.3959399999999995e-02
3.7329379379379382e+00	7.3951500000000003e-02
3.7329389389389389e+00	7.3943700000000001e-02
3.7329399399399401e+00	7.3935899999999999e-02
3.7329409409409409e+00	7.3927999999999994e-02
3.7329419419419421e+00	7.3920200000000005e-02
3.7329429429429433e+00	7.3912400000000003e-02
3.7329439439439440e+00	7.3904600000000001e-02
3.7329449449449452e+00	7.3896799999999999e-02
3.7329459459459460e+00	7.3888999999999996e-02
3.7329469469469472e+00	7.3881199999999994e-02
3.7329479479479479e+00	7.3873499999999995e-02
3.7329489489489491e+00	7.3865700000000006e-02
3.7329499499499499e+00	7.3857900000000004e-02
3.7329509509509511e+00	7.3850200000000005e-02
3.7329519519519518e+00	7.3842400000000002e-02
3.7329529529529530e+00	7.3834600000000000e-02
3.7329539539539542e+00	7.3826900000000001e-02
3.7329549549549550e+00	7.3819200000000001e-02
3.7329559559559562e+00	7.3811399999999999e-02
3.7329569569569570e+00	7.3803700000000000e-02
3.7329579579579582e+00	7.3796000000000000e-02
3.7329589589589589e+00	7.3788300000000001e-02
3.7329599599599601e+00	7.3780499999999999e-02
3.7329609609609609e+00	7.3772799999999999e-02
3.7329619619619621e+00	7.3765100000000000e-02
3.7329629629629633e+00	7.3757400000000001e-02
3.7329639639639640e+00	7.3749700000000001e-02
3.7329649649649652e+00	7.3742100000000005e-02
3.7329659659659660e+00	7.3734400000000005e-02
3.7329669669669672e+00	7.3726700000000006e-02
3.7329679679679679e+00	7.3719000000000007e-02
3.7329689689689691e+00	7.3711399999999996e-02
3.7329699699699699e+00	7.3703699999999997e-02
3.7329709709709711e+00	7.3696100000000000e-02
3.7329719719719723e+00	7.3688400000000001e-02
3.7329729729729730e+00	7.3680800000000005e-02
3.7329739739739742e+00	7.3673100000000005e-02
3.7329749749749750e+00	7.3665499999999995e-02
3.7329759759759762e+00	7.3657899999999998e-02
3.7329769769769769e+00	7.3650199999999999e-02
3.7329779779779781e+00	7.3642600000000003e-02
3.7329789789789789e+00	7.3635000000000006e-02
3.7329799799799801e+00	7.3627399999999996e-02
3.7329809809809813e+00	7.3619799999999999e-02
3.7329819819819821e+00	7.3612200000000003e-02
3.7329829829829833e+00	7.3604600000000006e-02
3.7329839839839840e+00	7.3596999999999996e-02
3.7329849849849852e+00	7.3589399999999999e-02
3.7329859859859860e+00	7.3581800000000003e-02
3.7329869869869872e+00	7.3574299999999995e-02
3.7329879879879879e+00	7.3566699999999999e-02
3.7329889889889891e+00	7.3559100000000002e-02
3.7329899899899899e+00	7.3551599999999995e-02
3.7329909909909911e+00	7.3543999999999998e-02
3.7329919919919923e+00	7.3536500000000005e-02
3.7329929929929930e+00	7.3528899999999994e-02
3.7329939939939942e+00	7.3521400000000001e-02
3.7329949949949950e+00	7.3513800000000004e-02
3.7329959959959962e+00	7.3506299999999997e-02
3.7329969969969969e+00	7.3498800000000003e-02
3.7329979979979981e+00	7.3491200000000007e-02
3.7329989989989989e+00	7.3483699999999999e-02
3.7330000000000001e+00	7.3476200000000005e-02
