3.7300000000000000e+00	1.1264199999999999e-03
3.7300100100100102e+00	1.1294899999999999e-03
3.7300200200200200e+00	1.1325700000000001e-03
3.7300300300300302e+00	1.1356700000000001e-03
3.7300400400400400e+00	1.1387700000000001e-03
3.7300500500500502e+00	1.1418900000000000e-03
3.7300600600600600e+00	1.1450200000000001e-03
3.7300700700700702e+00	1.1481600000000001e-03
3.7300800800800800e+00	1.1513100000000000e-03
3.7300900900900902e+00	1.1544800000000000e-03
3.7301001001001000e+00	1.1576500000000001e-03
3.7301101101101102e+00	1.1608400000000000e-03
3.7301201201201200e+00	1.1640500000000000e-03
3.7301301301301302e+00	1.1672600000000000e-03
3.7301401401401399e+00	1.1704899999999999e-03
3.7301501501501502e+00	1.1737300000000000e-03
3.7301601601601599e+00	1.1769800000000000e-03
3.7301701701701702e+00	1.1802500000000001e-03
3.7301801801801804e+00	1.1835299999999999e-03
3.7301901901901902e+00	1.1868200000000001e-03
3.7302002002002004e+00	1.1901300000000000e-03
3.7302102102102102e+00	1.1934500000000000e-03
3.7302202202202204e+00	1.1967799999999999e-03
3.7302302302302301e+00	1.2001300000000000e-03
3.7302402402402404e+00	1.2034999999999999e-03
3.7302502502502501e+00	1.2068700000000001e-03
3.7302602602602604e+00	1.2102700000000001e-03
3.7302702702702701e+00	1.2136700000000000e-03
3.7302802802802804e+00	1.2170900000000001e-03
3.7302902902902901e+00	1.2205300000000001e-03
3.7303003003003004e+00	1.2239799999999999e-03
3.7303103103103101e+00	1.2274499999999999e-03
3.7303203203203203e+00	1.2309300000000001e-03
3.7303303303303301e+00	1.2344299999999999e-03
3.7303403403403403e+00	1.2379500000000000e-03
3.7303503503503501e+00	1.2414800000000001e-03
3.7303603603603603e+00	1.2450199999999999e-03
3.7303703703703706e+00	1.2485899999999999e-03
3.7303803803803803e+00	1.2521699999999999e-03
3.7303903903903906e+00	1.2557700000000000e-03
3.7304004004004003e+00	1.2593800000000000e-03
3.7304104104104105e+00	1.2630100000000000e-03
3.7304204204204203e+00	1.2666600000000000e-03
3.7304304304304305e+00	1.2703300000000001e-03
3.7304404404404403e+00	1.2740099999999999e-03
3.7304504504504505e+00	1.2777200000000000e-03
3.7304604604604603e+00	1.2814400000000000e-03
3.7304704704704705e+00	1.2851799999999999e-03
3.7304804804804803e+00	1.2889399999999999e-03
3.7304904904904905e+00	1.2927200000000000e-03
3.7305005005005003e+00	1.2965200000000000e-03
3.7305105105105105e+00	1.3003299999999999e-03
3.7305205205205203e+00	1.3041699999999999e-03
3.7305305305305305e+00	1.3080300000000000e-03
3.7305405405405407e+00	1.3119099999999999e-03
3.7305505505505505e+00	1.3158099999999999e-03
3.7305605605605607e+00	1.3197300000000001e-03
3.7305705705705705e+00	1.3236700000000001e-03
3.7305805805805807e+00	1.3276300000000000e-03
3.7305905905905905e+00	1.3316199999999999e-03
3.7306006006006007e+00	1.3356200000000000e-03
3.7306106106106105e+00	1.3396500000000000e-03
3.7306206206206207e+00	1.3437000000000000e-03
3.7306306306306305e+00	1.3477800000000000e-03
3.7306406406406407e+00	1.3518800000000000e-03
3.7306506506506505e+00	1.3560000000000000e-03
3.7306606606606607e+00	1.3601500000000001e-03
3.7306706706706705e+00	1.3643200000000000e-03
3.7306806806806807e+00	1.3685100000000001e-03
3.7306906906906905e+00	1.3727300000000000e-03
3.7307007007007007e+00	1.3769800000000001e-03
3.7307107107107109e+00	1.3812500000000001e-03
3.7307207207207207e+00	1.3855499999999999e-03
3.7307307307307309e+00	1.3898700000000001e-03
3.7307407407407407e+00	1.3942300000000000e-03
3.7307507507507509e+00	1.3986000000000001e-03
3.7307607607607607e+00	1.4030100000000001e-03
3.7307707707707709e+00	1.4074500000000000e-03
3.7307807807807807e+00	1.4119099999999999e-03
3.7307907907907909e+00	1.4164000000000000e-03
3.7308008008008007e+00	1.4209299999999999e-03
3.7308108108108109e+00	1.4254800000000000e-03
3.7308208208208207e+00	1.4300599999999999e-03
3.7308308308308309e+00	1.4346800000000000e-03
3.7308408408408407e+00	1.4393200000000000e-03
3.7308508508508509e+00	1.4440000000000000e-03
3.7308608608608607e+00	1.4487100000000000e-03
3.7308708708708709e+00	1.4534600000000000e-03
3.7308808808808811e+00	1.4582300000000000e-03
3.7308908908908909e+00	1.4630400000000001e-03
3.7309009009009011e+00	1.4678899999999999e-03
3.7309109109109109e+00	1.4727700000000000e-03
3.7309209209209211e+00	1.4776900000000000e-03
3.7309309309309309e+00	1.4826399999999999e-03
3.7309409409409411e+00	1.4876399999999999e-03
3.7309509509509509e+00	1.4926600000000000e-03
3.7309609609609611e+00	1.4977300000000001e-03
3.7309709709709709e+00	1.5028400000000001e-03
3.7309809809809811e+00	1.5079900000000001e-03
3.7309909909909909e+00	1.5131700000000001e-03
3.7310010010010011e+00	1.5184000000000000e-03
3.7310110110110108e+00	1.5236700000000000e-03
3.7310210210210211e+00	1.5289900000000000e-03
3.7310310310310308e+00	1.5343500000000001e-03
3.7310410410410411e+00	1.5397500000000001e-03
3.7310510510510508e+00	1.5452000000000000e-03
3.7310610610610611e+00	1.5506900000000000e-03
3.7310710710710713e+00	1.5562300000000000e-03
3.7310810810810811e+00	1.5618200000000000e-03
3.7310910910910913e+00	1.5674599999999999e-03
3.7311011011011010e+00	1.5731499999999999e-03
3.7311111111111113e+00	1.5788899999999999e-03
3.7311211211211210e+00	1.5846800000000000e-03
3.7311311311311313e+00	1.5905299999999999e-03
3.7311411411411410e+00	1.5964300000000000e-03
3.7311511511511513e+00	1.6023800000000000e-03
3.7311611611611610e+00	1.6083899999999999e-03
3.7311711711711713e+00	1.6144600000000001e-03
3.7311811811811810e+00	1.6205900000000001e-03
3.7311911911911912e+00	1.6267800000000000e-03
3.7312012012012010e+00	1.6330299999999999e-03
3.7312112112112112e+00	1.6393400000000000e-03
3.7312212212212210e+00	1.6457200000000000e-03
3.7312312312312312e+00	1.6521600000000000e-03
3.7312412412412415e+00	1.6586699999999999e-03
3.7312512512512512e+00	1.6652600000000000e-03
3.7312612612612615e+00	1.6719100000000000e-03
3.7312712712712712e+00	1.6786300000000000e-03
3.7312812812812814e+00	1.6854299999999999e-03
3.7312912912912912e+00	1.6923000000000001e-03
3.7313013013013014e+00	1.6992500000000000e-03
3.7313113113113112e+00	1.7062900000000001e-03
3.7313213213213214e+00	1.7133999999999999e-03
3.7313313313313312e+00	1.7206000000000001e-03
3.7313413413413414e+00	1.7278800000000000e-03
3.7313513513513512e+00	1.7352500000000000e-03
3.7313613613613614e+00	1.7427199999999999e-03
3.7313713713713712e+00	1.7502700000000000e-03
3.7313813813813814e+00	1.7579300000000000e-03
3.7313913913913912e+00	1.7656799999999999e-03
3.7314014014014014e+00	1.7735299999999999e-03
3.7314114114114116e+00	1.7814899999999999e-03
3.7314214214214214e+00	1.7895500000000000e-03
3.7314314314314316e+00	1.7977300000000000e-03
3.7314414414414414e+00	1.8060200000000000e-03
3.7314514514514516e+00	1.8144200000000000e-03
3.7314614614614614e+00	1.8229500000000000e-03
3.7314714714714716e+00	1.8316000000000001e-03
3.7314814814814814e+00	1.8403899999999999e-03
3.7314914914914916e+00	1.8492999999999999e-03
3.7315015015015014e+00	1.8583499999999999e-03
3.7315115115115116e+00	1.8675499999999999e-03
3.7315215215215214e+00	1.8768900000000000e-03
3.7315315315315316e+00	1.8863800000000000e-03
3.7315415415415414e+00	1.8960400000000001e-03
3.7315515515515516e+00	1.9058499999999999e-03
3.7315615615615614e+00	1.9158400000000000e-03
3.7315715715715716e+00	1.9260000000000000e-03
3.7315815815815818e+00	1.9363399999999999e-03
3.7315915915915916e+00	1.9468700000000001e-03
3.7316016016016018e+00	1.9575999999999999e-03
3.7316116116116116e+00	1.9685400000000000e-03
3.7316216216216218e+00	1.9796800000000002e-03
3.7316316316316316e+00	1.9910599999999998e-03
3.7316416416416418e+00	2.0026599999999999e-03
3.7316516516516516e+00	2.0145100000000002e-03
3.7316616616616618e+00	2.0266099999999999e-03
3.7316716716716716e+00	2.0389700000000002e-03
3.7316816816816818e+00	2.0516100000000002e-03
3.7316916916916916e+00	2.0645500000000001e-03
3.7317017017017018e+00	2.0777899999999999e-03
3.7317117117117116e+00	2.0913500000000001e-03
3.7317217217217218e+00	2.1052499999999999e-03
3.7317317317317316e+00	2.1194999999999999e-03
3.7317417417417418e+00	2.1341300000000001e-03
3.7317517517517516e+00	2.1491499999999998e-03
3.7317617617617618e+00	2.1646000000000000e-03
3.7317717717717720e+00	2.1804799999999998e-03
3.7317817817817818e+00	2.1968399999999998e-03
3.7317917917917920e+00	2.2136899999999999e-03
3.7318018018018018e+00	2.2310799999999999e-03
3.7318118118118120e+00	2.2490300000000000e-03
3.7318218218218218e+00	2.2675899999999999e-03
3.7318318318318320e+00	2.2867899999999999e-03
3.7318418418418418e+00	2.3066900000000001e-03
3.7318518518518520e+00	2.3273299999999999e-03
3.7318618618618618e+00	2.3487800000000000e-03
3.7318718718718720e+00	2.3710900000000002e-03
3.7318818818818817e+00	2.3943300000000001e-03
3.7318918918918920e+00	2.4185999999999999e-03
3.7319019019019017e+00	2.4439599999999998e-03
3.7319119119119120e+00	2.4705399999999998e-03
3.7319219219219217e+00	2.4984299999999998e-03
3.7319319319319320e+00	2.5277799999999999e-03
3.7319419419419422e+00	2.5587299999999999e-03
3.7319519519519520e+00	2.5914400000000000e-03
3.7319619619619622e+00	2.6261300000000000e-03
3.7319719719719719e+00	2.6630000000000000e-03
3.7319819819819822e+00	2.7023500000000001e-03
3.7319919919919919e+00	2.7444600000000002e-03
3.7320020020020022e+00	2.7897199999999999e-03
3.7320120120120119e+00	2.8385699999999999e-03
3.7320220220220222e+00	2.8915400000000002e-03
3.7320320320320319e+00	2.9492600000000000e-03
3.7320420420420422e+00	3.0125299999999998e-03
3.7320520520520519e+00	3.0823299999999999e-03
3.7320620620620621e+00	3.1598600000000000e-03
3.7320720720720719e+00	3.2466700000000001e-03
3.7320820820820821e+00	3.3447600000000000e-03
3.7320920920920919e+00	3.4567299999999999e-03
3.7321021021021021e+00	3.5860599999999999e-03
3.7321121121121124e+00	3.7374999999999999e-03
3.7321221221221221e+00	3.9176799999999998e-03
3.7321321321321324e+00	4.1361799999999997e-03
3.7321421421421421e+00	4.4073300000000001e-03
3.7321521521521523e+00	4.7534800000000000e-03
3.7321621621621621e+00	5.2114300000000004e-03
3.7321721721721723e+00	5.8460999999999999e-03
3.7321821821821821e+00	6.7826800000000001e-03
3.7321921921921923e+00	8.2942299999999997e-03
3.7322022022022021e+00	1.1094400000000001e-02
3.7322122122122123e+00	1.7684700000000001e-02
3.7322222222222221e+00	4.3742700000000002e-02
3.7322322322322323e+00	4.2461800000000000e-01
3.7322422422422421e+00	1.8295100000000002e-02
3.7322522522522523e+00	1.8385299999999999e-03
3.7322622622622621e+00	1.4274399999999999e-04
3.7322722722722723e+00	1.2163900000000001e-05
3.7322822822822825e+00	1.6291600000000001e-04
3.7322922922922923e+00	3.6019099999999999e-04
3.7323023023023025e+00	5.5003500000000004e-04
3.7323123123123123e+00	7.2057999999999996e-04
3.7323223223223225e+00	8.7113499999999999e-04
3.7323323323323323e+00	1.0039199999999999e-03
3.7323423423423425e+00	1.1216399999999999e-03
3.7323523523523523e+00	1.2267999999999999e-03
3.7323623623623625e+00	1.3215099999999999e-03
3.7323723723723723e+00	1.4075200000000000e-03
3.7323823823823825e+00	1.4862600000000001e-03
3.7323923923923923e+00	1.5589000000000000e-03
3.7324024024024025e+00	1.6263899999999999e-03
3.7324124124124123e+00	1.6895199999999999e-03
3.7324224224224225e+00	1.7489400000000000e-03
3.7324324324324323e+00	1.8052000000000001e-03
3.7324424424424425e+00	1.8587600000000001e-03
3.7324524524524523e+00	1.9100100000000000e-03
3.7324624624624625e+00	1.9592899999999998e-03
3.7324724724724727e+00	2.0068700000000000e-03
3.7324824824824825e+00	2.0530200000000000e-03
3.7324924924924927e+00	2.0979400000000000e-03
3.7325025025025025e+00	2.1418399999999999e-03
3.7325125125125127e+00	2.1848700000000002e-03
3.7325225225225225e+00	2.2271999999999999e-03
3.7325325325325327e+00	2.2689600000000000e-03
3.7325425425425425e+00	2.3102700000000001e-03
3.7325525525525527e+00	2.3512500000000000e-03
3.7325625625625625e+00	2.3920000000000000e-03
3.7325725725725727e+00	2.4326100000000000e-03
3.7325825825825825e+00	2.4731900000000001e-03
3.7325925925925927e+00	2.5138000000000001e-03
3.7326026026026025e+00	2.5545400000000001e-03
3.7326126126126127e+00	2.5954900000000002e-03
3.7326226226226225e+00	2.6367000000000001e-03
3.7326326326326327e+00	2.6782600000000000e-03
3.7326426426426429e+00	2.7202400000000001e-03
3.7326526526526527e+00	2.7627099999999998e-03
3.7326626626626629e+00	2.8057300000000002e-03
3.7326726726726727e+00	2.8493699999999999e-03
3.7326826826826829e+00	2.8937099999999999e-03
3.7326926926926927e+00	2.9388100000000000e-03
3.7327027027027029e+00	2.9847500000000000e-03
3.7327127127127127e+00	3.0315899999999998e-03
3.7327227227227229e+00	3.0794099999999999e-03
3.7327327327327327e+00	3.1282900000000002e-03
3.7327427427427429e+00	3.1782999999999998e-03
3.7327527527527526e+00	3.2295300000000000e-03
3.7327627627627629e+00	3.2820599999999998e-03
3.7327727727727726e+00	3.3359900000000000e-03
3.7327827827827829e+00	3.3914000000000001e-03
3.7327927927927926e+00	3.4483999999999999e-03
3.7328028028028029e+00	3.5071000000000000e-03
3.7328128128128131e+00	3.5675899999999998e-03
3.7328228228228229e+00	3.6300099999999999e-03
3.7328328328328331e+00	3.6944700000000000e-03
3.7328428428428428e+00	3.7611099999999998e-03
3.7328528528528531e+00	3.8300800000000000e-03
3.7328628628628628e+00	3.9015199999999999e-03
3.7328728728728731e+00	3.9756000000000001e-03
3.7328828828828828e+00	4.0524999999999997e-03
3.7328928928928931e+00	4.1323999999999996e-03
3.7329029029029028e+00	4.2155099999999996e-03
3.7329129129129131e+00	4.3020599999999999e-03
3.7329229229229228e+00	4.3922900000000001e-03
3.7329329329329330e+00	4.4864500000000003e-03
3.7329429429429428e+00	4.5848199999999999e-03
3.7329529529529530e+00	4.6877300000000002e-03
3.7329629629629628e+00	4.7955000000000003e-03
3.7329729729729730e+00	4.9085099999999996e-03
3.7329829829829833e+00	5.0271700000000001e-03
3.7329929929929930e+00	5.1519000000000001e-03
3.7330030030030033e+00	5.2832199999999999e-03
3.7330130130130130e+00	5.4216600000000000e-03
3.7330230230230232e+00	5.5678100000000003e-03
3.7330330330330330e+00	5.7223400000000002e-03
3.7330430430430432e+00	5.8859999999999997e-03
3.7330530530530530e+00	6.0596000000000001e-03
3.7330630630630632e+00	6.2440600000000001e-03
3.7330730730730730e+00	6.4404099999999997e-03
3.7330830830830832e+00	6.6498199999999999e-03
3.7330930930930930e+00	6.8735799999999998e-03
3.7331031031031032e+00	7.1131800000000002e-03
3.7331131131131130e+00	7.3703099999999997e-03
3.7331231231231232e+00	7.6468600000000001e-03
3.7331331331331330e+00	7.9450300000000005e-03
3.7331431431431432e+00	8.2673299999999998e-03
3.7331531531531530e+00	8.6166699999999999e-03
3.7331631631631632e+00	8.9963999999999999e-03
3.7331731731731734e+00	9.4104299999999991e-03
3.7331831831831832e+00	9.8633400000000000e-03
3.7331931931931934e+00	1.0360500000000000e-02
3.7332032032032032e+00	1.0908299999999999e-02
3.7332132132132134e+00	1.1514399999999999e-02
3.7332232232232232e+00	1.2187699999999999e-02
3.7332332332332334e+00	1.2939400000000000e-02
3.7332432432432432e+00	1.3782800000000000e-02
3.7332532532532534e+00	1.4734199999999999e-02
3.7332632632632632e+00	1.5814000000000002e-02
3.7332732732732734e+00	1.7047600000000000e-02
3.7332832832832832e+00	1.8467100000000000e-02
3.7332932932932934e+00	2.0113499999999999e-02
3.7333033033033032e+00	2.2039900000000001e-02
3.7333133133133134e+00	2.4316200000000000e-02
3.7333233233233232e+00	2.7035400000000001e-02
3.7333333333333334e+00	3.0323900000000001e-02
3.7333433433433436e+00	3.4356299999999999e-02
3.7333533533533534e+00	3.9378999999999997e-02
3.7333633633633636e+00	4.5748200000000003e-02
3.7333733733733734e+00	5.3990799999999999e-02
3.7333833833833836e+00	6.4908400000000005e-02
3.7333933933933934e+00	7.9751799999999998e-02
3.7334034034034036e+00	1.0051900000000000e-01
3.7334134134134134e+00	1.3042999999999999e-01
3.7334234234234236e+00	1.7450199999999999e-01
3.7334334334334334e+00	2.3927899999999999e-01
3.7334434434434436e+00	3.2706400000000002e-01
3.7334534534534534e+00	4.1403699999999999e-01
3.7334634634634636e+00	4.3324200000000002e-01
3.7334734734734734e+00	3.5730400000000001e-01
3.7334834834834836e+00	2.5272000000000000e-01
3.7334934934934934e+00	1.7060600000000001e-01
3.7335035035035036e+00	1.1626900000000000e-01
3.7335135135135138e+00	8.1468499999999999e-02
3.7335235235235236e+00	5.8837700000000000e-02
3.7335335335335338e+00	4.3683600000000003e-02
3.7335435435435436e+00	3.3214500000000001e-02
3.7335535535535538e+00	2.5768900000000001e-02
3.7335635635635636e+00	2.0334900000000000e-02
3.7335735735735738e+00	1.6278399999999998e-02
3.7335835835835836e+00	1.3190000000000000e-02
3.7335935935935938e+00	1.0798100000000000e-02
3.7336036036036035e+00	8.9177800000000002e-03
3.7336136136136138e+00	7.4200999999999998e-03
3.7336236236236235e+00	6.2134399999999998e-03
3.7336336336336338e+00	5.2313500000000001e-03
3.7336436436436435e+00	4.4248400000000002e-03
3.7336536536536538e+00	3.7572399999999998e-03
3.7336636636636635e+00	3.2007099999999998e-03
3.7336736736736738e+00	2.7338599999999998e-03
3.7336836836836835e+00	2.3400399999999998e-03
3.7336936936936937e+00	2.0061800000000002e-03
3.7337037037037040e+00	1.7219100000000001e-03
3.7337137137137137e+00	1.4789200000000001e-03
3.7337237237237240e+00	1.2705200000000000e-03
3.7337337337337337e+00	1.0912599999999999e-03
3.7337437437437440e+00	9.3667999999999996e-04
3.7337537537537537e+00	8.0309700000000001e-04
3.7337637637637640e+00	6.8746400000000004e-04
3.7337737737737737e+00	5.8724099999999996e-04
3.7337837837837839e+00	5.0029399999999998e-04
3.7337937937937937e+00	4.2483000000000001e-04
3.7338038038038039e+00	3.5932899999999997e-04
3.7338138138138137e+00	3.0249699999999999e-04
3.7338238238238239e+00	2.5323400000000002e-04
3.7338338338338337e+00	2.1059500000000000e-04
3.7338438438438439e+00	1.7376699999999999e-04
3.7338538538538537e+00	1.4204800000000001e-04
3.7338638638638639e+00	1.1483400000000001e-04
3.7338738738738741e+00	9.1595500000000001e-05
3.7338838838838839e+00	7.1874900000000005e-05
3.7338938938938941e+00	5.5271400000000001e-05
3.7339039039039039e+00	4.1433999999999997e-05
3.7339139139139141e+00	3.0055100000000000e-05
3.7339239239239239e+00	2.0863700000000002e-05
3.7339339339339341e+00	1.3621100000000001e-05
3.7339439439439439e+00	8.1164099999999998e-06
3.7339539539539541e+00	4.1627900000000003e-06
3.7339639639639639e+00	1.5946599999999999e-06
3.7339739739739741e+00	2.6485300000000002e-07
3.7339839839839839e+00	4.2380800000000003e-08
3.7339939939939941e+00	8.1047800000000004e-07
3.7340040040040039e+00	2.4648900000000000e-06
3.7340140140140141e+00	4.9123899999999999e-06
3.7340240240240239e+00	8.0695100000000003e-06
3.7340340340340341e+00	1.1861400000000000e-05
3.7340440440440443e+00	1.6220999999999999e-05
3.7340540540540541e+00	2.1087800000000002e-05
3.7340640640640643e+00	2.6407500000000001e-05
3.7340740740740741e+00	3.2131200000000002e-05
3.7340840840840843e+00	3.8214899999999999e-05
3.7340940940940941e+00	4.4618800000000000e-05
3.7341041041041043e+00	5.1306800000000001e-05
3.7341141141141141e+00	5.8246599999999999e-05
3.7341241241241243e+00	6.5408900000000003e-05
3.7341341341341341e+00	7.2766899999999996e-05
3.7341441441441443e+00	8.0296700000000000e-05
3.7341541541541541e+00	8.7976499999999994e-05
3.7341641641641643e+00	9.5786500000000002e-05
3.7341741741741741e+00	1.0370900000000001e-04
3.7341841841841843e+00	1.1172700000000000e-04
3.7341941941941941e+00	1.1982700000000000e-04
3.7342042042042043e+00	1.2799400000000001e-04
3.7342142142142145e+00	1.3621799999999999e-04
3.7342242242242243e+00	1.4448600000000001e-04
3.7342342342342345e+00	1.5278899999999999e-04
3.7342442442442443e+00	1.6111700000000001e-04
3.7342542542542545e+00	1.6946299999999999e-04
3.7342642642642643e+00	1.7781900000000001e-04
3.7342742742742745e+00	1.8617899999999999e-04
3.7342842842842843e+00	1.9453499999999999e-04
3.7342942942942945e+00	2.0288300000000000e-04
3.7343043043043043e+00	2.1121700000000001e-04
3.7343143143143145e+00	2.1953300000000000e-04
3.7343243243243243e+00	2.2782700000000000e-04
3.7343343343343345e+00	2.3609500000000000e-04
3.7343443443443443e+00	2.4433300000000001e-04
3.7343543543543545e+00	2.5253999999999999e-04
3.7343643643643643e+00	2.6071100000000000e-04
3.7343743743743745e+00	2.6884499999999998e-04
3.7343843843843842e+00	2.7693900000000003e-04
3.7343943943943945e+00	2.8499200000000003e-04
3.7344044044044047e+00	2.9300200000000000e-04
3.7344144144144145e+00	3.0096700000000002e-04
3.7344244244244247e+00	3.0888600000000002e-04
3.7344344344344345e+00	3.1675699999999998e-04
3.7344444444444447e+00	3.2457999999999999e-04
3.7344544544544545e+00	3.3235399999999998e-04
3.7344644644644647e+00	3.4007800000000001e-04
3.7344744744744744e+00	3.4775200000000000e-04
3.7344844844844847e+00	3.5537399999999999e-04
3.7344944944944944e+00	3.6294499999999999e-04
3.7345045045045047e+00	3.7046399999999998e-04
3.7345145145145144e+00	3.7793100000000002e-04
3.7345245245245247e+00	3.8534499999999999e-04
3.7345345345345344e+00	3.9270700000000001e-04
3.7345445445445447e+00	4.0001600000000000e-04
3.7345545545545544e+00	4.0727299999999999e-04
3.7345645645645646e+00	4.1447700000000001e-04
3.7345745745745749e+00	4.2162900000000003e-04
3.7345845845845846e+00	4.2872899999999998e-04
3.7345945945945949e+00	4.3577600000000002e-04
3.7346046046046046e+00	4.4277100000000001e-04
3.7346146146146149e+00	4.4971500000000000e-04
3.7346246246246246e+00	4.5660699999999999e-04
3.7346346346346349e+00	4.6344900000000000e-04
3.7346446446446446e+00	4.7023900000000001e-04
3.7346546546546548e+00	4.7697899999999999e-04
3.7346646646646646e+00	4.8366899999999999e-04
3.7346746746746748e+00	4.9030899999999997e-04
3.7346846846846846e+00	4.9689899999999997e-04
3.7346946946946948e+00	5.0344099999999998e-04
3.7347047047047046e+00	5.0993399999999997e-04
3.7347147147147148e+00	5.1637999999999999e-04
3.7347247247247246e+00	5.2277699999999999e-04
3.7347347347347348e+00	5.2912700000000000e-04
3.7347447447447450e+00	5.3543099999999995e-04
3.7347547547547548e+00	5.4168800000000002e-04
3.7347647647647650e+00	5.4790000000000004e-04
3.7347747747747748e+00	5.5406599999999998e-04
3.7347847847847850e+00	5.6018699999999997e-04
3.7347947947947948e+00	5.6626300000000001e-04
3.7348048048048050e+00	5.7229600000000002e-04
3.7348148148148148e+00	5.7828500000000000e-04
3.7348248248248250e+00	5.8423100000000005e-04
3.7348348348348348e+00	5.9013499999999999e-04
3.7348448448448450e+00	5.9599600000000000e-04
3.7348548548548548e+00	6.0181600000000003e-04
3.7348648648648650e+00	6.0759500000000005e-04
3.7348748748748748e+00	6.1333299999999998e-04
3.7348848848848850e+00	6.1903100000000003e-04
3.7348948948948948e+00	6.2468900000000000e-04
3.7349049049049050e+00	6.3030800000000000e-04
3.7349149149149152e+00	6.3588800000000003e-04
3.7349249249249250e+00	6.4142900000000000e-04
3.7349349349349352e+00	6.4693300000000003e-04
3.7349449449449450e+00	6.5239900000000001e-04
3.7349549549549552e+00	6.5782899999999997e-04
3.7349649649649650e+00	6.6322099999999997e-04
3.7349749749749752e+00	6.6857799999999997e-04
3.7349849849849850e+00	6.7389800000000003e-04
3.7349949949949952e+00	6.7918399999999999e-04
3.7350050050050050e+00	6.8443400000000004e-04
3.7350150150150152e+00	6.8964999999999999e-04
3.7350250250250250e+00	6.9483200000000005e-04
3.7350350350350352e+00	6.9998100000000002e-04
3.7350450450450450e+00	7.0509600000000000e-04
3.7350550550550552e+00	7.1017800000000000e-04
3.7350650650650650e+00	7.1522800000000004e-04
3.7350750750750752e+00	7.2024600000000002e-04
3.7350850850850850e+00	7.2523200000000003e-04
3.7350950950950952e+00	7.3018699999999998e-04
3.7351051051051054e+00	7.3511099999999999e-04
3.7351151151151152e+00	7.4000499999999996e-04
3.7351251251251254e+00	7.4486799999999998e-04
3.7351351351351352e+00	7.4970199999999999e-04
3.7351451451451454e+00	7.5450599999999995e-04
3.7351551551551552e+00	7.5928100000000000e-04
3.7351651651651654e+00	7.6402800000000004e-04
3.7351751751751752e+00	7.6874599999999995e-04
3.7351851851851854e+00	7.7343599999999996e-04
3.7351951951951952e+00	7.7809799999999996e-04
3.7352052052052054e+00	7.8273299999999997e-04
3.7352152152152152e+00	7.8734100000000000e-04
3.7352252252252254e+00	7.9192200000000003e-04
3.7352352352352352e+00	7.9647599999999995e-04
3.7352452452452454e+00	8.0100500000000003e-04
3.7352552552552551e+00	8.0550800000000003e-04
3.7352652652652654e+00	8.0998500000000005e-04
3.7352752752752756e+00	8.1443700000000000e-04
3.7352852852852854e+00	8.1886399999999999e-04
3.7352952952952956e+00	8.2326700000000003e-04
3.7353053053053054e+00	8.2764600000000002e-04
3.7353153153153156e+00	8.3199999999999995e-04
3.7353253253253254e+00	8.3633100000000005e-04
3.7353353353353356e+00	8.4063800000000000e-04
3.7353453453453453e+00	8.4492200000000001e-04
3.7353553553553556e+00	8.4918299999999999e-04
3.7353653653653653e+00	8.5342100000000004e-04
3.7353753753753756e+00	8.5763799999999998e-04
3.7353853853853853e+00	8.6183099999999997e-04
3.7353953953953956e+00	8.6600399999999997e-04
3.7354054054054053e+00	8.7015400000000004e-04
3.7354154154154156e+00	8.7428300000000000e-04
3.7354254254254253e+00	8.7839099999999996e-04
3.7354354354354355e+00	8.8247800000000002e-04
3.7354454454454458e+00	8.8654499999999998e-04
3.7354554554554555e+00	8.9059100000000004e-04
3.7354654654654658e+00	8.9461700000000000e-04
3.7354754754754755e+00	8.9862199999999996e-04
3.7354854854854858e+00	9.0260899999999996e-04
3.7354954954954955e+00	9.0657499999999996e-04
3.7355055055055058e+00	9.1052300000000000e-04
3.7355155155155155e+00	9.1445100000000004e-04
3.7355255255255257e+00	9.1836000000000001e-04
3.7355355355355355e+00	9.2225100000000002e-04
3.7355455455455457e+00	9.2612300000000005e-04
3.7355555555555555e+00	9.2997800000000003e-04
3.7355655655655657e+00	9.3381400000000004e-04
3.7355755755755755e+00	9.3763199999999998e-04
3.7355855855855857e+00	9.4143199999999997e-04
3.7355955955955955e+00	9.4521600000000002e-04
3.7356056056056057e+00	9.4898100000000000e-04
3.7356156156156159e+00	9.5273000000000005e-04
3.7356256256256257e+00	9.5646200000000005e-04
3.7356356356356359e+00	9.6017699999999999e-04
3.7356456456456457e+00	9.6387600000000001e-04
3.7356556556556559e+00	9.6755799999999998e-04
3.7356656656656657e+00	9.7122400000000002e-04
3.7356756756756759e+00	9.7487400000000003e-04
3.7356856856856857e+00	9.7850900000000002e-04
3.7356956956956959e+00	9.8212699999999996e-04
3.7357057057057057e+00	9.8572999999999998e-04
3.7357157157157159e+00	9.8931800000000010e-04
3.7357257257257257e+00	9.9289100000000009e-04
3.7357357357357359e+00	9.9644800000000004e-04
3.7357457457457457e+00	9.9999099999999999e-04
3.7357557557557559e+00	1.0035199999999999e-03
3.7357657657657657e+00	1.0070299999999999e-03
3.7357757757757759e+00	1.0105299999999999e-03
3.7357857857857857e+00	1.0140200000000000e-03
3.7357957957957959e+00	1.0174900000000000e-03
3.7358058058058061e+00	1.0209399999999999e-03
3.7358158158158159e+00	1.0243900000000000e-03
3.7358258258258261e+00	1.0278200000000000e-03
3.7358358358358359e+00	1.0312300000000000e-03
3.7358458458458461e+00	1.0346299999999999e-03
3.7358558558558559e+00	1.0380200000000000e-03
3.7358658658658661e+00	1.0414000000000001e-03
3.7358758758758759e+00	1.0447600000000000e-03
3.7358858858858861e+00	1.0481100000000001e-03
3.7358958958958959e+00	1.0514500000000000e-03
3.7359059059059061e+00	1.0547700000000000e-03
3.7359159159159159e+00	1.0580900000000000e-03
3.7359259259259261e+00	1.0613800000000000e-03
3.7359359359359359e+00	1.0646700000000000e-03
3.7359459459459461e+00	1.0679500000000000e-03
3.7359559559559559e+00	1.0712100000000000e-03
3.7359659659659661e+00	1.0744600000000000e-03
3.7359759759759763e+00	1.0777000000000000e-03
3.7359859859859861e+00	1.0809299999999999e-03
3.7359959959959963e+00	1.0841500000000001e-03
3.7360060060060061e+00	1.0873499999999999e-03
3.7360160160160163e+00	1.0905500000000000e-03
3.7360260260260261e+00	1.0937300000000000e-03
3.7360360360360363e+00	1.0969000000000000e-03
3.7360460460460461e+00	1.1000599999999999e-03
3.7360560560560563e+00	1.1032100000000001e-03
3.7360660660660661e+00	1.1063500000000001e-03
3.7360760760760763e+00	1.1094799999999999e-03
3.7360860860860861e+00	1.1125900000000001e-03
3.7360960960960963e+00	1.1157000000000001e-03
3.7361061061061061e+00	1.1188000000000001e-03
3.7361161161161163e+00	1.1218800000000000e-03
3.7361261261261260e+00	1.1249599999999999e-03
3.7361361361361363e+00	1.1280200000000000e-03
3.7361461461461465e+00	1.1310800000000000e-03
3.7361561561561563e+00	1.1341299999999999e-03
3.7361661661661665e+00	1.1371599999999999e-03
3.7361761761761763e+00	1.1401899999999999e-03
3.7361861861861865e+00	1.1432100000000000e-03
3.7361961961961963e+00	1.1462099999999999e-03
3.7362062062062065e+00	1.1492099999999999e-03
3.7362162162162162e+00	1.1521999999999999e-03
3.7362262262262265e+00	1.1551800000000000e-03
3.7362362362362362e+00	1.1581499999999999e-03
3.7362462462462465e+00	1.1611099999999999e-03
3.7362562562562562e+00	1.1640600000000000e-03
3.7362662662662665e+00	1.1670000000000001e-03
3.7362762762762762e+00	1.1699400000000000e-03
3.7362862862862865e+00	1.1728600000000000e-03
3.7362962962962962e+00	1.1757800000000000e-03
3.7363063063063064e+00	1.1786800000000001e-03
3.7363163163163167e+00	1.1815800000000000e-03
3.7363263263263264e+00	1.1844700000000000e-03
3.7363363363363367e+00	1.1873500000000000e-03
3.7363463463463464e+00	1.1902300000000000e-03
3.7363563563563567e+00	1.1930899999999999e-03
3.7363663663663664e+00	1.1959500000000001e-03
3.7363763763763767e+00	1.1988000000000001e-03
3.7363863863863864e+00	1.2016399999999999e-03
3.7363963963963966e+00	1.2044700000000000e-03
3.7364064064064064e+00	1.2072999999999999e-03
3.7364164164164166e+00	1.2101099999999999e-03
3.7364264264264264e+00	1.2129199999999999e-03
3.7364364364364366e+00	1.2157200000000000e-03
3.7364464464464464e+00	1.2185200000000001e-03
3.7364564564564566e+00	1.2213000000000000e-03
3.7364664664664664e+00	1.2240800000000000e-03
3.7364764764764766e+00	1.2268500000000000e-03
3.7364864864864864e+00	1.2296200000000001e-03
3.7364964964964966e+00	1.2323700000000000e-03
3.7365065065065068e+00	1.2351199999999999e-03
3.7365165165165166e+00	1.2378599999999999e-03
3.7365265265265268e+00	1.2405999999999999e-03
3.7365365365365366e+00	1.2433200000000000e-03
3.7365465465465468e+00	1.2460399999999999e-03
3.7365565565565566e+00	1.2487600000000000e-03
3.7365665665665668e+00	1.2514600000000000e-03
3.7365765765765766e+00	1.2541600000000000e-03
3.7365865865865868e+00	1.2568600000000001e-03
3.7365965965965966e+00	1.2595400000000000e-03
3.7366066066066068e+00	1.2622200000000001e-03
3.7366166166166166e+00	1.2648900000000001e-03
3.7366266266266268e+00	1.2675600000000000e-03
3.7366366366366366e+00	1.2702200000000001e-03
3.7366466466466468e+00	1.2728699999999999e-03
3.7366566566566566e+00	1.2755100000000001e-03
3.7366666666666668e+00	1.2781500000000000e-03
3.7366766766766770e+00	1.2807900000000000e-03
3.7366866866866868e+00	1.2834100000000000e-03
3.7366966966966970e+00	1.2860400000000000e-03
3.7367067067067068e+00	1.2886499999999999e-03
3.7367167167167170e+00	1.2912600000000000e-03
3.7367267267267268e+00	1.2938600000000000e-03
3.7367367367367370e+00	1.2964599999999999e-03
3.7367467467467468e+00	1.2990499999999999e-03
3.7367567567567570e+00	1.3016300000000000e-03
3.7367667667667668e+00	1.3042100000000001e-03
3.7367767767767770e+00	1.3067800000000000e-03
3.7367867867867868e+00	1.3093499999999999e-03
3.7367967967967970e+00	1.3119099999999999e-03
3.7368068068068068e+00	1.3144599999999999e-03
3.7368168168168170e+00	1.3170100000000000e-03
3.7368268268268268e+00	1.3195500000000001e-03
3.7368368368368370e+00	1.3220899999999999e-03
3.7368468468468472e+00	1.3246200000000001e-03
3.7368568568568570e+00	1.3271500000000000e-03
3.7368668668668672e+00	1.3296700000000000e-03
3.7368768768768770e+00	1.3321900000000000e-03
3.7368868868868872e+00	1.3347000000000001e-03
3.7368968968968970e+00	1.3372000000000000e-03
3.7369069069069072e+00	1.3397000000000001e-03
3.7369169169169170e+00	1.3422000000000000e-03
3.7369269269269272e+00	1.3446800000000000e-03
3.7369369369369370e+00	1.3471700000000000e-03
3.7369469469469472e+00	1.3496500000000000e-03
3.7369569569569570e+00	1.3521200000000001e-03
3.7369669669669672e+00	1.3545899999999999e-03
3.7369769769769769e+00	1.3570500000000001e-03
3.7369869869869872e+00	1.3595100000000000e-03
3.7369969969969969e+00	1.3619600000000000e-03
3.7370070070070072e+00	1.3644099999999999e-03
3.7370170170170169e+00	1.3668500000000000e-03
3.7370270270270272e+00	1.3692900000000000e-03
3.7370370370370374e+00	1.3717300000000000e-03
3.7370470470470472e+00	1.3741500000000000e-03
3.7370570570570574e+00	1.3765800000000001e-03
3.7370670670670671e+00	1.3790000000000000e-03
3.7370770770770774e+00	1.3814100000000000e-03
3.7370870870870871e+00	1.3838200000000000e-03
3.7370970970970974e+00	1.3862300000000000e-03
3.7371071071071071e+00	1.3886300000000001e-03
3.7371171171171174e+00	1.3910200000000000e-03
3.7371271271271271e+00	1.3934100000000001e-03
3.7371371371371374e+00	1.3958000000000000e-03
3.7371471471471471e+00	1.3981800000000000e-03
3.7371571571571574e+00	1.4005599999999999e-03
3.7371671671671671e+00	1.4029299999999999e-03
3.7371771771771773e+00	1.4053000000000000e-03
3.7371871871871871e+00	1.4076600000000000e-03
3.7371971971971973e+00	1.4100199999999999e-03
3.7372072072072076e+00	1.4123800000000000e-03
3.7372172172172173e+00	1.4147299999999999e-03
3.7372272272272276e+00	1.4170800000000000e-03
3.7372372372372373e+00	1.4194200000000000e-03
3.7372472472472476e+00	1.4217600000000000e-03
3.7372572572572573e+00	1.4240900000000000e-03
3.7372672672672675e+00	1.4264200000000001e-03
3.7372772772772773e+00	1.4287499999999999e-03
3.7372872872872875e+00	1.4310700000000000e-03
3.7372972972972973e+00	1.4333900000000001e-03
3.7373073073073075e+00	1.4357000000000000e-03
3.7373173173173173e+00	1.4380100000000000e-03
3.7373273273273275e+00	1.4403199999999999e-03
3.7373373373373373e+00	1.4426199999999999e-03
3.7373473473473475e+00	1.4449199999999999e-03
3.7373573573573573e+00	1.4472100000000000e-03
3.7373673673673675e+00	1.4495000000000001e-03
3.7373773773773777e+00	1.4517899999999999e-03
3.7373873873873875e+00	1.4540700000000000e-03
3.7373973973973977e+00	1.4563499999999999e-03
3.7374074074074075e+00	1.4586200000000001e-03
3.7374174174174177e+00	1.4609000000000000e-03
3.7374274274274275e+00	1.4631600000000000e-03
3.7374374374374377e+00	1.4654300000000000e-03
3.7374474474474475e+00	1.4676900000000000e-03
3.7374574574574577e+00	1.4699400000000001e-03
3.7374674674674675e+00	1.4721900000000000e-03
3.7374774774774777e+00	1.4744400000000000e-03
3.7374874874874875e+00	1.4766899999999999e-03
3.7374974974974977e+00	1.4789300000000000e-03
3.7375075075075075e+00	1.4811700000000000e-03
3.7375175175175177e+00	1.4834000000000000e-03
3.7375275275275275e+00	1.4856299999999999e-03
3.7375375375375377e+00	1.4878599999999999e-03
3.7375475475475479e+00	1.4900800000000000e-03
3.7375575575575577e+00	1.4923000000000000e-03
3.7375675675675679e+00	1.4945200000000000e-03
3.7375775775775777e+00	1.4967400000000001e-03
3.7375875875875879e+00	1.4989500000000000e-03
3.7375975975975977e+00	1.5011499999999999e-03
3.7376076076076079e+00	1.5033600000000000e-03
3.7376176176176177e+00	1.5055600000000000e-03
3.7376276276276279e+00	1.5077500000000000e-03
3.7376376376376377e+00	1.5099499999999999e-03
3.7376476476476479e+00	1.5121399999999999e-03
3.7376576576576577e+00	1.5143200000000000e-03
3.7376676676676679e+00	1.5165100000000000e-03
3.7376776776776777e+00	1.5186900000000001e-03
3.7376876876876879e+00	1.5208699999999999e-03
3.7376976976976977e+00	1.5230400000000000e-03
3.7377077077077079e+00	1.5252099999999999e-03
3.7377177177177177e+00	1.5273800000000001e-03
3.7377277277277279e+00	1.5295400000000000e-03
3.7377377377377381e+00	1.5317099999999999e-03
3.7377477477477479e+00	1.5338600000000000e-03
3.7377577577577581e+00	1.5360199999999999e-03
3.7377677677677679e+00	1.5381699999999999e-03
3.7377777777777781e+00	1.5403200000000000e-03
3.7377877877877879e+00	1.5424700000000000e-03
3.7377977977977981e+00	1.5446100000000001e-03
3.7378078078078079e+00	1.5467499999999999e-03
3.7378178178178181e+00	1.5488900000000000e-03
3.7378278278278279e+00	1.5510200000000000e-03
3.7378378378378381e+00	1.5531600000000000e-03
3.7378478478478478e+00	1.5552800000000000e-03
3.7378578578578581e+00	1.5574100000000000e-03
3.7378678678678678e+00	1.5595299999999999e-03
3.7378778778778781e+00	1.5616499999999999e-03
3.7378878878878878e+00	1.5637699999999999e-03
3.7378978978978981e+00	1.5658800000000000e-03
3.7379079079079083e+00	1.5679999999999999e-03
3.7379179179179181e+00	1.5701000000000001e-03
3.7379279279279283e+00	1.5722100000000001e-03
3.7379379379379380e+00	1.5743100000000000e-03
3.7379479479479483e+00	1.5764100000000001e-03
3.7379579579579580e+00	1.5785100000000000e-03
3.7379679679679683e+00	1.5806100000000001e-03
3.7379779779779780e+00	1.5827000000000000e-03
3.7379879879879883e+00	1.5847900000000000e-03
3.7379979979979980e+00	1.5868700000000000e-03
3.7380080080080083e+00	1.5889599999999999e-03
3.7380180180180180e+00	1.5910399999999999e-03
3.7380280280280282e+00	1.5931200000000000e-03
3.7380380380380380e+00	1.5951900000000000e-03
3.7380480480480482e+00	1.5972700000000000e-03
3.7380580580580580e+00	1.5993400000000001e-03
3.7380680680680682e+00	1.6014099999999999e-03
3.7380780780780785e+00	1.6034700000000001e-03
3.7380880880880882e+00	1.6055399999999999e-03
3.7380980980980985e+00	1.6076000000000000e-03
3.7381081081081082e+00	1.6096500000000000e-03
3.7381181181181184e+00	1.6117099999999999e-03
3.7381281281281282e+00	1.6137600000000001e-03
3.7381381381381384e+00	1.6158100000000001e-03
3.7381481481481482e+00	1.6178600000000000e-03
3.7381581581581584e+00	1.6199100000000000e-03
3.7381681681681682e+00	1.6219500000000000e-03
3.7381781781781784e+00	1.6239900000000001e-03
3.7381881881881882e+00	1.6260300000000001e-03
3.7381981981981984e+00	1.6280699999999999e-03
3.7382082082082082e+00	1.6301000000000000e-03
3.7382182182182184e+00	1.6321300000000001e-03
3.7382282282282282e+00	1.6341600000000000e-03
3.7382382382382384e+00	1.6361800000000001e-03
3.7382482482482486e+00	1.6382100000000000e-03
3.7382582582582584e+00	1.6402299999999999e-03
3.7382682682682686e+00	1.6422500000000000e-03
3.7382782782782784e+00	1.6442700000000000e-03
3.7382882882882886e+00	1.6462800000000000e-03
3.7382982982982984e+00	1.6482900000000000e-03
3.7383083083083086e+00	1.6502999999999999e-03
3.7383183183183184e+00	1.6523099999999999e-03
3.7383283283283286e+00	1.6543199999999999e-03
3.7383383383383384e+00	1.6563200000000000e-03
3.7383483483483486e+00	1.6583200000000000e-03
3.7383583583583584e+00	1.6603200000000001e-03
3.7383683683683686e+00	1.6623199999999999e-03
3.7383783783783784e+00	1.6643100000000000e-03
3.7383883883883886e+00	1.6662999999999999e-03
3.7383983983983984e+00	1.6682900000000000e-03
3.7384084084084086e+00	1.6702799999999999e-03
3.7384184184184184e+00	1.6722700000000000e-03
3.7384284284284286e+00	1.6742500000000000e-03
3.7384384384384388e+00	1.6762299999999999e-03
3.7384484484484486e+00	1.6782100000000001e-03
3.7384584584584588e+00	1.6801900000000000e-03
3.7384684684684686e+00	1.6821600000000000e-03
3.7384784784784788e+00	1.6841300000000000e-03
3.7384884884884886e+00	1.6861000000000001e-03
3.7384984984984988e+00	1.6880700000000001e-03
3.7385085085085086e+00	1.6900400000000001e-03
3.7385185185185188e+00	1.6919999999999999e-03
3.7385285285285286e+00	1.6939699999999999e-03
3.7385385385385388e+00	1.6959300000000000e-03
3.7385485485485486e+00	1.6978799999999999e-03
3.7385585585585588e+00	1.6998400000000000e-03
3.7385685685685686e+00	1.7017899999999999e-03
3.7385785785785788e+00	1.7037500000000000e-03
3.7385885885885886e+00	1.7057000000000001e-03
3.7385985985985988e+00	1.7076400000000001e-03
3.7386086086086090e+00	1.7095900000000000e-03
3.7386186186186188e+00	1.7115399999999999e-03
3.7386286286286290e+00	1.7134800000000001e-03
3.7386386386386388e+00	1.7154200000000001e-03
3.7386486486486490e+00	1.7173600000000000e-03
3.7386586586586588e+00	1.7192900000000001e-03
3.7386686686686690e+00	1.7212300000000000e-03
3.7386786786786788e+00	1.7231600000000001e-03
3.7386886886886890e+00	1.7250900000000001e-03
3.7386986986986988e+00	1.7270199999999999e-03
3.7387087087087090e+00	1.7289400000000000e-03
3.7387187187187187e+00	1.7308700000000000e-03
3.7387287287287290e+00	1.7327899999999999e-03
3.7387387387387387e+00	1.7347100000000000e-03
3.7387487487487490e+00	1.7366300000000001e-03
3.7387587587587587e+00	1.7385499999999999e-03
3.7387687687687690e+00	1.7404700000000000e-03
3.7387787787787792e+00	1.7423800000000000e-03
3.7387887887887890e+00	1.7442899999999999e-03
3.7387987987987992e+00	1.7462000000000001e-03
3.7388088088088089e+00	1.7481100000000000e-03
3.7388188188188192e+00	1.7500199999999999e-03
3.7388288288288289e+00	1.7519199999999999e-03
3.7388388388388392e+00	1.7538199999999999e-03
3.7388488488488489e+00	1.7557199999999999e-03
3.7388588588588592e+00	1.7576200000000001e-03
3.7388688688688689e+00	1.7595200000000001e-03
3.7388788788788792e+00	1.7614200000000001e-03
3.7388888888888889e+00	1.7633099999999999e-03
3.7388988988988991e+00	1.7652000000000000e-03
3.7389089089089089e+00	1.7670900000000000e-03
3.7389189189189191e+00	1.7689800000000001e-03
3.7389289289289289e+00	1.7708699999999999e-03
3.7389389389389391e+00	1.7727500000000000e-03
3.7389489489489494e+00	1.7746400000000001e-03
3.7389589589589591e+00	1.7765200000000000e-03
3.7389689689689694e+00	1.7784000000000001e-03
3.7389789789789791e+00	1.7802800000000000e-03
3.7389889889889893e+00	1.7821499999999999e-03
3.7389989989989991e+00	1.7840300000000000e-03
3.7390090090090093e+00	1.7859000000000000e-03
3.7390190190190191e+00	1.7877699999999999e-03
3.7390290290290293e+00	1.7896399999999999e-03
3.7390390390390391e+00	1.7915100000000001e-03
3.7390490490490493e+00	1.7933800000000000e-03
3.7390590590590591e+00	1.7952500000000000e-03
3.7390690690690693e+00	1.7971100000000000e-03
3.7390790790790791e+00	1.7989700000000000e-03
3.7390890890890893e+00	1.8008300000000000e-03
3.7390990990990991e+00	1.8026900000000000e-03
3.7391091091091093e+00	1.8045500000000000e-03
3.7391191191191191e+00	1.8064000000000001e-03
3.7391291291291293e+00	1.8082599999999999e-03
3.7391391391391395e+00	1.8101100000000000e-03
3.7391491491491493e+00	1.8119600000000000e-03
3.7391591591591595e+00	1.8138099999999999e-03
3.7391691691691693e+00	1.8156500000000000e-03
3.7391791791791795e+00	1.8175000000000001e-03
3.7391891891891893e+00	1.8193400000000000e-03
3.7391991991991995e+00	1.8211900000000001e-03
3.7392092092092093e+00	1.8230300000000000e-03
3.7392192192192195e+00	1.8248699999999999e-03
3.7392292292292293e+00	1.8267100000000001e-03
3.7392392392392395e+00	1.8285400000000000e-03
3.7392492492492493e+00	1.8303799999999999e-03
3.7392592592592595e+00	1.8322099999999999e-03
3.7392692692692693e+00	1.8340400000000001e-03
3.7392792792792795e+00	1.8358700000000001e-03
3.7392892892892893e+00	1.8377000000000001e-03
3.7392992992992995e+00	1.8395300000000000e-03
3.7393093093093097e+00	1.8413600000000000e-03
3.7393193193193195e+00	1.8431800000000000e-03
3.7393293293293297e+00	1.8450100000000000e-03
3.7393393393393395e+00	1.8468300000000000e-03
3.7393493493493497e+00	1.8486500000000001e-03
3.7393593593593595e+00	1.8504699999999999e-03
3.7393693693693697e+00	1.8522800000000000e-03
3.7393793793793795e+00	1.8541000000000000e-03
3.7393893893893897e+00	1.8559099999999999e-03
3.7393993993993995e+00	1.8577299999999999e-03
3.7394094094094097e+00	1.8595400000000000e-03
3.7394194194194195e+00	1.8613499999999999e-03
3.7394294294294297e+00	1.8631600000000000e-03
3.7394394394394395e+00	1.8649599999999999e-03
3.7394494494494497e+00	1.8667700000000000e-03
3.7394594594594595e+00	1.8685700000000000e-03
3.7394694694694697e+00	1.8703800000000000e-03
3.7394794794794799e+00	1.8721800000000000e-03
3.7394894894894897e+00	1.8739799999999999e-03
3.7394994994994999e+00	1.8757800000000001e-03
3.7395095095095097e+00	1.8775700000000001e-03
3.7395195195195199e+00	1.8793700000000000e-03
3.7395295295295297e+00	1.8811699999999999e-03
3.7395395395395399e+00	1.8829599999999999e-03
3.7395495495495497e+00	1.8847499999999999e-03
3.7395595595595599e+00	1.8865399999999999e-03
3.7395695695695697e+00	1.8883299999999999e-03
3.7395795795795799e+00	1.8901199999999999e-03
3.7395895895895896e+00	1.8919000000000000e-03
3.7395995995995999e+00	1.8936900000000000e-03
3.7396096096096096e+00	1.8954700000000000e-03
3.7396196196196199e+00	1.8972600000000000e-03
3.7396296296296296e+00	1.8990400000000001e-03
3.7396396396396399e+00	1.9008199999999999e-03
3.7396496496496501e+00	1.9026000000000000e-03
3.7396596596596599e+00	1.9043700000000001e-03
3.7396696696696701e+00	1.9061499999999999e-03
3.7396796796796798e+00	1.9079200000000000e-03
3.7396896896896901e+00	1.9097000000000001e-03
3.7396996996996998e+00	1.9114700000000000e-03
3.7397097097097101e+00	1.9132400000000001e-03
3.7397197197197198e+00	1.9150100000000000e-03
3.7397297297297301e+00	1.9167800000000001e-03
3.7397397397397398e+00	1.9185400000000000e-03
3.7397497497497501e+00	1.9203099999999999e-03
3.7397597597597598e+00	1.9220699999999999e-03
3.7397697697697700e+00	1.9238400000000000e-03
3.7397797797797798e+00	1.9256000000000000e-03
3.7397897897897900e+00	1.9273599999999999e-03
3.7397997997997998e+00	1.9291200000000001e-03
3.7398098098098100e+00	1.9308800000000001e-03
3.7398198198198198e+00	1.9326300000000001e-03
3.7398298298298300e+00	1.9343900000000000e-03
3.7398398398398403e+00	1.9361400000000000e-03
3.7398498498498500e+00	1.9379000000000000e-03
3.7398598598598602e+00	1.9396500000000000e-03
3.7398698698698700e+00	1.9414000000000000e-03
3.7398798798798802e+00	1.9431500000000000e-03
3.7398898898898900e+00	1.9449000000000001e-03
3.7398998998999002e+00	1.9466399999999999e-03
3.7399099099099100e+00	1.9483899999999999e-03
3.7399199199199202e+00	1.9501300000000000e-03
3.7399299299299300e+00	1.9518800000000000e-03
3.7399399399399402e+00	1.9536200000000001e-03
3.7399499499499500e+00	1.9553600000000002e-03
3.7399599599599602e+00	1.9570999999999998e-03
3.7399699699699700e+00	1.9588399999999999e-03
3.7399799799799802e+00	1.9605700000000000e-03
3.7399899899899900e+00	1.9623100000000001e-03
3.7400000000000002e+00	1.9640500000000002e-03
