3.7300000000000000e+00	1.1212399999999999e-03
3.7300100100100102e+00	1.1242699999999999e-03
3.7300200200200200e+00	1.1273100000000001e-03
3.7300300300300302e+00	1.1303600000000000e-03
3.7300400400400400e+00	1.1334200000000000e-03
3.7300500500500502e+00	1.1364900000000000e-03
3.7300600600600600e+00	1.1395699999999999e-03
3.7300700700700702e+00	1.1426699999999999e-03
3.7300800800800800e+00	1.1457699999999999e-03
3.7300900900900902e+00	1.1488900000000001e-03
3.7301001001001000e+00	1.1520199999999999e-03
3.7301101101101102e+00	1.1551599999999999e-03
3.7301201201201200e+00	1.1583100000000001e-03
3.7301301301301302e+00	1.1614700000000000e-03
3.7301401401401399e+00	1.1646499999999999e-03
3.7301501501501502e+00	1.1678400000000001e-03
3.7301601601601599e+00	1.1710399999999999e-03
3.7301701701701702e+00	1.1742499999999999e-03
3.7301801801801804e+00	1.1774800000000001e-03
3.7301901901901902e+00	1.1807100000000000e-03
3.7302002002002004e+00	1.1839699999999999e-03
3.7302102102102102e+00	1.1872300000000001e-03
3.7302202202202204e+00	1.1905100000000001e-03
3.7302302302302301e+00	1.1938000000000001e-03
3.7302402402402404e+00	1.1971000000000000e-03
3.7302502502502501e+00	1.2004200000000000e-03
3.7302602602602604e+00	1.2037500000000000e-03
3.7302702702702701e+00	1.2070900000000001e-03
3.7302802802802804e+00	1.2104500000000001e-03
3.7302902902902901e+00	1.2138299999999999e-03
3.7303003003003004e+00	1.2172100000000000e-03
3.7303103103103101e+00	1.2206200000000000e-03
3.7303203203203203e+00	1.2240300000000001e-03
3.7303303303303301e+00	1.2274600000000001e-03
3.7303403403403403e+00	1.2309100000000000e-03
3.7303503503503501e+00	1.2343700000000000e-03
3.7303603603603603e+00	1.2378500000000000e-03
3.7303703703703706e+00	1.2413400000000001e-03
3.7303803803803803e+00	1.2448500000000000e-03
3.7303903903903906e+00	1.2483699999999999e-03
3.7304004004004003e+00	1.2519100000000000e-03
3.7304104104104105e+00	1.2554700000000001e-03
3.7304204204204203e+00	1.2590399999999999e-03
3.7304304304304305e+00	1.2626300000000000e-03
3.7304404404404403e+00	1.2662299999999999e-03
3.7304504504504505e+00	1.2698600000000000e-03
3.7304604604604603e+00	1.2734999999999999e-03
3.7304704704704705e+00	1.2771499999999999e-03
3.7304804804804803e+00	1.2808299999999999e-03
3.7304904904904905e+00	1.2845199999999999e-03
3.7305005005005003e+00	1.2882300000000000e-03
3.7305105105105105e+00	1.2919600000000000e-03
3.7305205205205203e+00	1.2957100000000000e-03
3.7305305305305305e+00	1.2994800000000000e-03
3.7305405405405407e+00	1.3032600000000001e-03
3.7305505505505505e+00	1.3070700000000000e-03
3.7305605605605607e+00	1.3108900000000001e-03
3.7305705705705705e+00	1.3147300000000001e-03
3.7305805805805807e+00	1.3186000000000001e-03
3.7305905905905905e+00	1.3224800000000000e-03
3.7306006006006007e+00	1.3263900000000000e-03
3.7306106106106105e+00	1.3303099999999999e-03
3.7306206206206207e+00	1.3342600000000001e-03
3.7306306306306305e+00	1.3382299999999999e-03
3.7306406406406407e+00	1.3422200000000001e-03
3.7306506506506505e+00	1.3462299999999999e-03
3.7306606606606607e+00	1.3502600000000000e-03
3.7306706706706705e+00	1.3543200000000000e-03
3.7306806806806807e+00	1.3584000000000001e-03
3.7306906906906905e+00	1.3625000000000000e-03
3.7307007007007007e+00	1.3666300000000000e-03
3.7307107107107109e+00	1.3707800000000000e-03
3.7307207207207207e+00	1.3749500000000000e-03
3.7307307307307309e+00	1.3791500000000000e-03
3.7307407407407407e+00	1.3833700000000001e-03
3.7307507507507509e+00	1.3876200000000000e-03
3.7307607607607607e+00	1.3918900000000000e-03
3.7307707707707709e+00	1.3961900000000001e-03
3.7307807807807807e+00	1.4005199999999999e-03
3.7307907907907909e+00	1.4048699999999999e-03
3.7308008008008007e+00	1.4092499999999999e-03
3.7308108108108109e+00	1.4136600000000000e-03
3.7308208208208207e+00	1.4181000000000000e-03
3.7308308308308309e+00	1.4225600000000000e-03
3.7308408408408407e+00	1.4270600000000000e-03
3.7308508508508509e+00	1.4315800000000000e-03
3.7308608608608607e+00	1.4361300000000001e-03
3.7308708708708709e+00	1.4407100000000000e-03
3.7308808808808811e+00	1.4453300000000001e-03
3.7308908908908909e+00	1.4499700000000001e-03
3.7309009009009011e+00	1.4546500000000000e-03
3.7309109109109109e+00	1.4593600000000000e-03
3.7309209209209211e+00	1.4641000000000001e-03
3.7309309309309309e+00	1.4688699999999999e-03
3.7309409409409411e+00	1.4736800000000000e-03
3.7309509509509509e+00	1.4785200000000001e-03
3.7309609609609611e+00	1.4834000000000000e-03
3.7309709709709709e+00	1.4883100000000001e-03
3.7309809809809811e+00	1.4932599999999999e-03
3.7309909909909909e+00	1.4982500000000000e-03
3.7310010010010011e+00	1.5032800000000001e-03
3.7310110110110108e+00	1.5083399999999999e-03
3.7310210210210211e+00	1.5134400000000000e-03
3.7310310310310308e+00	1.5185800000000001e-03
3.7310410410410411e+00	1.5237600000000001e-03
3.7310510510510508e+00	1.5289800000000001e-03
3.7310610610610611e+00	1.5342500000000000e-03
3.7310710710710713e+00	1.5395500000000000e-03
3.7310810810810811e+00	1.5449000000000001e-03
3.7310910910910913e+00	1.5502999999999999e-03
3.7311011011011010e+00	1.5557399999999999e-03
3.7311111111111113e+00	1.5612200000000001e-03
3.7311211211211210e+00	1.5667500000000000e-03
3.7311311311311313e+00	1.5723300000000000e-03
3.7311411411411410e+00	1.5779600000000000e-03
3.7311511511511513e+00	1.5836400000000001e-03
3.7311611611611610e+00	1.5893700000000001e-03
3.7311711711711713e+00	1.5951500000000000e-03
3.7311811811811810e+00	1.6009799999999999e-03
3.7311911911911912e+00	1.6068700000000000e-03
3.7312012012012010e+00	1.6128099999999999e-03
3.7312112112112112e+00	1.6188100000000000e-03
3.7312212212212210e+00	1.6248700000000000e-03
3.7312312312312312e+00	1.6309800000000000e-03
3.7312412412412415e+00	1.6371599999999999e-03
3.7312512512512512e+00	1.6433900000000000e-03
3.7312612612612615e+00	1.6496900000000001e-03
3.7312712712712712e+00	1.6560600000000000e-03
3.7312812812812814e+00	1.6624900000000000e-03
3.7312912912912912e+00	1.6689800000000000e-03
3.7313013013013014e+00	1.6755500000000000e-03
3.7313113113113112e+00	1.6821900000000001e-03
3.7313213213213214e+00	1.6888900000000000e-03
3.7313313313313312e+00	1.6956800000000000e-03
3.7313413413413414e+00	1.7025400000000000e-03
3.7313513513513512e+00	1.7094700000000000e-03
3.7313613613613614e+00	1.7164900000000000e-03
3.7313713713713712e+00	1.7235900000000001e-03
3.7313813813813814e+00	1.7307700000000000e-03
3.7313913913913912e+00	1.7380399999999999e-03
3.7314014014014014e+00	1.7454000000000000e-03
3.7314114114114116e+00	1.7528500000000000e-03
3.7314214214214214e+00	1.7603899999999999e-03
3.7314314314314316e+00	1.7680300000000001e-03
3.7314414414414414e+00	1.7757700000000001e-03
3.7314514514514516e+00	1.7836200000000001e-03
3.7314614614614614e+00	1.7915600000000000e-03
3.7314714714714716e+00	1.7996200000000000e-03
3.7314814814814814e+00	1.8077900000000001e-03
3.7314914914914916e+00	1.8160699999999999e-03
3.7315015015015014e+00	1.8244699999999999e-03
3.7315115115115116e+00	1.8330000000000000e-03
3.7315215215215214e+00	1.8416500000000000e-03
3.7315315315315316e+00	1.8504299999999999e-03
3.7315415415415414e+00	1.8593500000000001e-03
3.7315515515515516e+00	1.8684100000000000e-03
3.7315615615615614e+00	1.8776200000000000e-03
3.7315715715715716e+00	1.8869700000000000e-03
3.7315815815815818e+00	1.8964900000000000e-03
3.7315915915915916e+00	1.9061600000000001e-03
3.7316016016016018e+00	1.9160000000000000e-03
3.7316116116116116e+00	1.9260200000000001e-03
3.7316216216216218e+00	1.9362200000000000e-03
3.7316316316316316e+00	1.9466100000000001e-03
3.7316416416416418e+00	1.9571900000000001e-03
3.7316516516516516e+00	1.9679799999999998e-03
3.7316616616616618e+00	1.9789899999999999e-03
3.7316716716716716e+00	1.9902200000000000e-03
3.7316816816816818e+00	2.0016800000000000e-03
3.7316916916916916e+00	2.0133799999999999e-03
3.7317017017017018e+00	2.0253500000000000e-03
3.7317117117117116e+00	2.0375800000000002e-03
3.7317217217217218e+00	2.0500900000000001e-03
3.7317317317317316e+00	2.0628999999999999e-03
3.7317417417417418e+00	2.0760200000000000e-03
3.7317517517517516e+00	2.0894700000000000e-03
3.7317617617617618e+00	2.1032700000000000e-03
3.7317717717717720e+00	2.1174300000000000e-03
3.7317817817817818e+00	2.1319799999999999e-03
3.7317917917917920e+00	2.1469400000000000e-03
3.7318018018018018e+00	2.1623300000000001e-03
3.7318118118118120e+00	2.1781800000000000e-03
3.7318218218218218e+00	2.1945300000000001e-03
3.7318318318318320e+00	2.2114100000000000e-03
3.7318418418418418e+00	2.2288400000000002e-03
3.7318518518518520e+00	2.2468800000000001e-03
3.7318618618618618e+00	2.2655499999999999e-03
3.7318718718718720e+00	2.2849300000000001e-03
3.7318818818818817e+00	2.3050499999999999e-03
3.7318918918918920e+00	2.3259800000000001e-03
3.7319019019019017e+00	2.3477799999999998e-03
3.7319119119119120e+00	2.3705400000000000e-03
3.7319219219219217e+00	2.3943300000000001e-03
3.7319319319319320e+00	2.4192599999999999e-03
3.7319419419419422e+00	2.4454300000000002e-03
3.7319519519519520e+00	2.4729700000000001e-03
3.7319619619619622e+00	2.5020099999999998e-03
3.7319719719719719e+00	2.5327399999999999e-03
3.7319819819819822e+00	2.5653400000000002e-03
3.7319919919919919e+00	2.6000200000000002e-03
3.7320020020020022e+00	2.6370600000000001e-03
3.7320120120120119e+00	2.6767599999999998e-03
3.7320220220220222e+00	2.7194900000000002e-03
3.7320320320320319e+00	2.7656899999999999e-03
3.7320420420420422e+00	2.8158900000000001e-03
3.7320520520520519e+00	2.8707300000000002e-03
3.7320620620620621e+00	2.9310100000000000e-03
3.7320720720720719e+00	2.9977400000000000e-03
3.7320820820820821e+00	3.0721600000000000e-03
3.7320920920920919e+00	3.1558900000000002e-03
3.7321021021021021e+00	3.2510299999999998e-03
3.7321121121121124e+00	3.3603499999999998e-03
3.7321221221221221e+00	3.4876400000000002e-03
3.7321321321321324e+00	3.6381299999999998e-03
3.7321421421421421e+00	3.8192899999999999e-03
3.7321521521521523e+00	4.0421800000000003e-03
3.7321621621621621e+00	4.3238499999999997e-03
3.7321721721721723e+00	4.6918799999999998e-03
3.7321821821821821e+00	5.1939600000000001e-03
3.7321921921921923e+00	5.9196400000000003e-03
3.7322022022022021e+00	7.0572500000000002e-03
3.7322122122122123e+00	9.0734400000000003e-03
3.7322222222222221e+00	1.3466700000000000e-02
3.7322322322322323e+00	2.8066399999999998e-02
3.7322422422422421e+00	2.0675299999999999e-01
3.7322522522522523e+00	2.7871799999999999e-02
3.7322622622622621e+00	1.9889299999999999e-03
3.7322722722722723e+00	1.1080000000000000e-04
3.7322822822822825e+00	2.8938999999999999e-05
3.7322922922922923e+00	2.1356300000000000e-04
3.7323023023023025e+00	4.2728500000000001e-04
3.7323123123123123e+00	6.2347200000000002e-04
3.7323223223223225e+00	7.9488599999999996e-04
3.7323323323323323e+00	9.4336599999999995e-04
3.7323423423423425e+00	1.0725000000000001e-03
3.7323523523523523e+00	1.1857599999999999e-03
3.7323623623623625e+00	1.2860599999999999e-03
3.7323723723723723e+00	1.3757500000000000e-03
3.7323823823823825e+00	1.4567200000000001e-03
3.7323923923923923e+00	1.5304699999999999e-03
3.7324024024024025e+00	1.5981999999999999e-03
3.7324124124124123e+00	1.6608899999999999e-03
3.7324224224224225e+00	1.7193200000000001e-03
3.7324324324324323e+00	1.7741400000000000e-03
3.7324424424424425e+00	1.8258899999999999e-03
3.7324524524524523e+00	1.8750200000000000e-03
3.7324624624624625e+00	1.9219100000000000e-03
3.7324724724724727e+00	1.9668899999999998e-03
3.7324824824824825e+00	2.0102200000000001e-03
3.7324924924924927e+00	2.0521400000000000e-03
3.7325025025025025e+00	2.0928499999999998e-03
3.7325125125125127e+00	2.1325500000000000e-03
3.7325225225225225e+00	2.1713800000000001e-03
3.7325325325325327e+00	2.2094900000000002e-03
3.7325425425425425e+00	2.2469999999999999e-03
3.7325525525525527e+00	2.2840199999999999e-03
3.7325625625625625e+00	2.3206600000000000e-03
3.7325725725725727e+00	2.3570100000000001e-03
3.7325825825825825e+00	2.3931600000000001e-03
3.7325925925925927e+00	2.4291800000000000e-03
3.7326026026026025e+00	2.4651400000000002e-03
3.7326126126126127e+00	2.5011299999999998e-03
3.7326226226226225e+00	2.5371999999999999e-03
3.7326326326326327e+00	2.5734099999999999e-03
3.7326426426426429e+00	2.6098300000000000e-03
3.7326526526526527e+00	2.6465000000000000e-03
3.7326626626626629e+00	2.6835000000000001e-03
3.7326726726726727e+00	2.7208699999999998e-03
3.7326826826826829e+00	2.7586700000000000e-03
3.7326926926926927e+00	2.7969499999999999e-03
3.7327027027027029e+00	2.8357600000000001e-03
3.7327127127127127e+00	2.8751599999999999e-03
3.7327227227227229e+00	2.9152000000000002e-03
3.7327327327327327e+00	2.9559400000000002e-03
3.7327427427427429e+00	2.9974200000000002e-03
3.7327527527527526e+00	3.0397200000000001e-03
3.7327627627627629e+00	3.0828800000000001e-03
3.7327727727727726e+00	3.1269700000000002e-03
3.7327827827827829e+00	3.1720500000000000e-03
3.7327927927927926e+00	3.2181800000000002e-03
3.7328028028028029e+00	3.2654400000000001e-03
3.7328128128128131e+00	3.3138800000000000e-03
3.7328228228228229e+00	3.3635900000000001e-03
3.7328328328328331e+00	3.4146500000000000e-03
3.7328428428428428e+00	3.4671300000000001e-03
3.7328528528528531e+00	3.5211100000000000e-03
3.7328628628628628e+00	3.5766999999999999e-03
3.7328728728728731e+00	3.6339900000000001e-03
3.7328828828828828e+00	3.6930700000000001e-03
3.7328928928928931e+00	3.7540600000000000e-03
3.7329029029029028e+00	3.8170700000000001e-03
3.7329129129129131e+00	3.8822399999999999e-03
3.7329229229229228e+00	3.9496699999999997e-03
3.7329329329329330e+00	4.0195300000000003e-03
3.7329429429429428e+00	4.0919600000000004e-03
3.7329529529529530e+00	4.1671299999999998e-03
3.7329629629629628e+00	4.2452000000000002e-03
3.7329729729729730e+00	4.3263700000000004e-03
3.7329829829829833e+00	4.4108400000000001e-03
3.7329929929929930e+00	4.4988399999999996e-03
3.7330030030030033e+00	4.5905900000000003e-03
3.7330130130130130e+00	4.6863699999999996e-03
3.7330230230230232e+00	4.7864500000000003e-03
3.7330330330330330e+00	4.8911400000000004e-03
3.7330430430430432e+00	5.0007699999999999e-03
3.7330530530530530e+00	5.1157199999999998e-03
3.7330630630630632e+00	5.2363699999999997e-03
3.7330730730730730e+00	5.3631800000000004e-03
3.7330830830830832e+00	5.4966299999999997e-03
3.7330930930930930e+00	5.6372400000000000e-03
3.7331031031031032e+00	5.7856200000000000e-03
3.7331131131131130e+00	5.9424100000000004e-03
3.7331231231231232e+00	6.1083300000000004e-03
3.7331331331331330e+00	6.2841900000000003e-03
3.7331431431431432e+00	6.4708900000000000e-03
3.7331531531531530e+00	6.6694399999999996e-03
3.7331631631631632e+00	6.8809500000000003e-03
3.7331731731731734e+00	7.1067099999999996e-03
3.7331831831831832e+00	7.3481299999999996e-03
3.7331931931931934e+00	7.6068400000000001e-03
3.7332032032032032e+00	7.8846799999999998e-03
3.7332132132132134e+00	8.1837500000000001e-03
3.7332232232232232e+00	8.5064400000000005e-03
3.7332332332332334e+00	8.8555300000000003e-03
3.7332432432432432e+00	9.2341899999999998e-03
3.7332532532532534e+00	9.6461199999999993e-03
3.7332632632632632e+00	1.0095600000000000e-02
3.7332732732732734e+00	1.0587700000000000e-02
3.7332832832832832e+00	1.1128400000000000e-02
3.7332932932932934e+00	1.1724600000000000e-02
3.7333033033033032e+00	1.2384800000000000e-02
3.7333133133133134e+00	1.3119000000000000e-02
3.7333233233233232e+00	1.3939399999999999e-02
3.7333333333333334e+00	1.4860600000000000e-02
3.7333433433433436e+00	1.5901100000000001e-02
3.7333533533533534e+00	1.7083100000000000e-02
3.7333633633633636e+00	1.8435000000000000e-02
3.7333733733733734e+00	1.9992300000000001e-02
3.7333833833833836e+00	2.1800799999999999e-02
3.7333933933933934e+00	2.3919599999999999e-02
3.7334034034034036e+00	2.6426399999999999e-02
3.7334134134134134e+00	2.9425099999999999e-02
3.7334234234234236e+00	3.3056599999999998e-02
3.7334334334334334e+00	3.7515899999999998e-02
3.7334434434434436e+00	4.3078400000000003e-02
3.7334534534534534e+00	5.0141100000000001e-02
3.7334634634634636e+00	5.9291299999999998e-02
3.7334734734734734e+00	7.1418099999999998e-02
3.7334834834834836e+00	8.7899699999999997e-02
3.7334934934934934e+00	1.1090700000000001e-01
3.7335035035035036e+00	1.4384700000000000e-01
3.7335135135135138e+00	1.9172900000000001e-01
3.7335235235235236e+00	2.6007700000000000e-01
3.7335335335335338e+00	3.4711999999999998e-01
3.7335435435435436e+00	4.2214400000000002e-01
3.7335535535535538e+00	4.2372900000000002e-01
3.7335635635635636e+00	3.4351300000000001e-01
3.7335735735735738e+00	2.4475500000000000e-01
3.7335835835835836e+00	1.6792699999999999e-01
3.7335935935935938e+00	1.1629700000000000e-01
3.7336036036036035e+00	8.2601800000000003e-02
3.7336136136136138e+00	6.0318600000000000e-02
3.7336236236236235e+00	4.5188899999999997e-02
3.7336336336336338e+00	3.4618099999999999e-02
3.7336436436436435e+00	2.7030200000000001e-02
3.7336536536536538e+00	2.1449599999999999e-02
3.7336636636636635e+00	1.7256400000000002e-02
3.7336736736736738e+00	1.4045999999999999e-02
3.7336836836836835e+00	1.1547300000000000e-02
3.7336936936936937e+00	9.5745099999999996e-03
3.7337037037037040e+00	7.9969900000000007e-03
3.7337137137137137e+00	6.7214199999999997e-03
3.7337237237237240e+00	5.6797799999999997e-03
3.7337337337337337e+00	4.8216800000000001e-03
3.7337437437437440e+00	4.1092600000000000e-03
3.7337537537537537e+00	3.5136500000000001e-03
3.7337637637637640e+00	3.0126100000000002e-03
3.7337737737737737e+00	2.5887900000000001e-03
3.7337837837837839e+00	2.2285100000000000e-03
3.7337937937937937e+00	1.9208999999999999e-03
3.7338038038038039e+00	1.6572399999999999e-03
3.7338138138138137e+00	1.4304599999999999e-03
3.7338238238238239e+00	1.2348200000000000e-03
3.7338338338338337e+00	1.0655899999999999e-03
3.7338438438438439e+00	9.1888899999999999e-04
3.7338538538538537e+00	7.9147300000000000e-04
3.7338638638638639e+00	6.8064099999999995e-04
3.7338738738738741e+00	5.8412500000000001e-04
3.7338838838838839e+00	5.0000900000000004e-04
3.7338938938938941e+00	4.2666999999999998e-04
3.7339039039039039e+00	3.6272799999999999e-04
3.7339139139139141e+00	3.0699999999999998e-04
3.7339239239239239e+00	2.5847499999999998e-04
3.7339339339339341e+00	2.1627899999999999e-04
3.7339439439439439e+00	1.7965900000000001e-04
3.7339539539539541e+00	1.4796100000000000e-04
3.7339639639639639e+00	1.2061800000000000e-04
3.7339739739739741e+00	9.7134500000000003e-05
3.7339839839839839e+00	7.7077100000000001e-05
3.7339939939939941e+00	6.0066499999999998e-05
3.7340040040040039e+00	4.5769000000000002e-05
3.7340140140140141e+00	3.3890899999999998e-05
3.7340240240240239e+00	2.4172800000000000e-05
3.7340340340340341e+00	1.6385400000000001e-05
3.7340440440440443e+00	1.0325399999999999e-05
3.7340540540540541e+00	5.8120899999999999e-06
3.7340640640640643e+00	2.6849299999999999e-06
3.7340740740740741e+00	8.0072199999999999e-07
3.7340840840840843e+00	3.1684799999999998e-08
3.7340940940940941e+00	2.6356600000000002e-07
3.7341041041041043e+00	1.3940699999999999e-06
3.7341141141141141e+00	3.3314800000000001e-06
3.7341241241241243e+00	5.9934400000000003e-06
3.7341341341341341e+00	9.3059500000000002e-06
3.7341441441441443e+00	1.3202399999999999e-05
3.7341541541541541e+00	1.7622700000000000e-05
3.7341641641641643e+00	2.2512699999999999e-05
3.7341741741741741e+00	2.7823599999999999e-05
3.7341841841841843e+00	3.3511199999999999e-05
3.7341941941941941e+00	3.9535500000000001e-05
3.7342042042042043e+00	4.5860299999999999e-05
3.7342142142142145e+00	5.2452900000000001e-05
3.7342242242242243e+00	5.9283500000000003e-05
3.7342342342342345e+00	6.6325200000000000e-05
3.7342442442442443e+00	7.3553500000000000e-05
3.7342542542542545e+00	8.0946100000000001e-05
3.7342642642642643e+00	8.8482900000000006e-05
3.7342742742742745e+00	9.6145500000000003e-05
3.7342842842842843e+00	1.0391700000000000e-04
3.7342942942942945e+00	1.1178300000000000e-04
3.7343043043043043e+00	1.1972800000000000e-04
3.7343143143143145e+00	1.2774100000000001e-04
3.7343243243243243e+00	1.3580999999999999e-04
3.7343343343343345e+00	1.4392499999999999e-04
3.7343443443443443e+00	1.5207600000000001e-04
3.7343543543543545e+00	1.6025400000000000e-04
3.7343643643643643e+00	1.6845099999999999e-04
3.7343743743743745e+00	1.7666099999999999e-04
3.7343843843843842e+00	1.8487700000000001e-04
3.7343943943943945e+00	1.9309300000000000e-04
3.7344044044044047e+00	2.0130400000000000e-04
3.7344144144144145e+00	2.0950400000000001e-04
3.7344244244244247e+00	2.1768900000000000e-04
3.7344344344344345e+00	2.2585500000000001e-04
3.7344444444444447e+00	2.3399900000000001e-04
3.7344544544544545e+00	2.4211799999999999e-04
3.7344644644644647e+00	2.5020700000000001e-04
3.7344744744744744e+00	2.5826499999999998e-04
3.7344844844844847e+00	2.6628999999999997e-04
3.7344944944944944e+00	2.7427799999999998e-04
3.7345045045045047e+00	2.8222799999999998e-04
3.7345145145145144e+00	2.9013900000000002e-04
3.7345245245245247e+00	2.9800800000000000e-04
3.7345345345345344e+00	3.0583500000000002e-04
3.7345445445445447e+00	3.1361699999999998e-04
3.7345545545545544e+00	3.2135500000000000e-04
3.7345645645645646e+00	3.2904700000000001e-04
3.7345745745745749e+00	3.3669199999999998e-04
3.7345845845845846e+00	3.4429000000000003e-04
3.7345945945945949e+00	3.5183900000000000e-04
3.7346046046046046e+00	3.5933999999999998e-04
3.7346146146146149e+00	3.6679300000000002e-04
3.7346246246246246e+00	3.7419500000000002e-04
3.7346346346346349e+00	3.8154900000000002e-04
3.7346446446446446e+00	3.8885200000000002e-04
3.7346546546546548e+00	3.9610600000000002e-04
3.7346646646646646e+00	4.0330999999999999e-04
3.7346746746746748e+00	4.1046300000000002e-04
3.7346846846846846e+00	4.1756699999999998e-04
3.7346946946946948e+00	4.2462100000000003e-04
3.7347047047047046e+00	4.3162499999999999e-04
3.7347147147147148e+00	4.3857899999999998e-04
3.7347247247247246e+00	4.4548400000000001e-04
3.7347347347347348e+00	4.5234000000000002e-04
3.7347447447447450e+00	4.5914699999999997e-04
3.7347547547547548e+00	4.6590400000000000e-04
3.7347647647647650e+00	4.7261400000000000e-04
3.7347747747747748e+00	4.7927499999999998e-04
3.7347847847847850e+00	4.8588800000000002e-04
3.7347947947947948e+00	4.9245400000000003e-04
3.7348048048048050e+00	4.9897299999999999e-04
3.7348148148148148e+00	5.0544399999999997e-04
3.7348248248248250e+00	5.1186999999999999e-04
3.7348348348348348e+00	5.1824900000000003e-04
3.7348448448448450e+00	5.2458300000000002e-04
3.7348548548548548e+00	5.3087100000000003e-04
3.7348648648648650e+00	5.3711500000000001e-04
3.7348748748748748e+00	5.4331400000000004e-04
3.7348848848848850e+00	5.4946900000000002e-04
3.7348948948948948e+00	5.5557999999999996e-04
3.7349049049049050e+00	5.6164799999999999e-04
3.7349149149149152e+00	5.6767400000000000e-04
3.7349249249249250e+00	5.7365699999999999e-04
3.7349349349349352e+00	5.7959899999999998e-04
3.7349449449449450e+00	5.8549899999999996e-04
3.7349549549549552e+00	5.9135800000000005e-04
3.7349649649649650e+00	5.9717600000000004e-04
3.7349749749749752e+00	6.0295399999999995e-04
3.7349849849849850e+00	6.0869299999999999e-04
3.7349949949949952e+00	6.1439199999999995e-04
3.7350050050050050e+00	6.2005299999999997e-04
3.7350150150150152e+00	6.2567500000000002e-04
3.7350250250250250e+00	6.3125900000000001e-04
3.7350350350350352e+00	6.3680599999999996e-04
3.7350450450450450e+00	6.4231599999999998e-04
3.7350550550550552e+00	6.4778899999999996e-04
3.7350650650650650e+00	6.5322500000000001e-04
3.7350750750750752e+00	6.5862600000000005e-04
3.7350850850850850e+00	6.6399099999999995e-04
3.7350950950950952e+00	6.6932099999999996e-04
3.7351051051051054e+00	6.7461699999999997e-04
3.7351151151151152e+00	6.7987799999999997e-04
3.7351251251251254e+00	6.8510600000000000e-04
3.7351351351351352e+00	6.9030000000000003e-04
3.7351451451451454e+00	6.9546099999999997e-04
3.7351551551551552e+00	7.0058900000000005e-04
3.7351651651651654e+00	7.0568499999999995e-04
3.7351751751751752e+00	7.1075000000000001e-04
3.7351851851851854e+00	7.1578199999999999e-04
3.7351951951951952e+00	7.2078400000000003e-04
3.7352052052052054e+00	7.2575400000000000e-04
3.7352152152152152e+00	7.3069400000000005e-04
3.7352252252252254e+00	7.3560400000000005e-04
3.7352352352352352e+00	7.4048500000000004e-04
3.7352452452452454e+00	7.4533599999999998e-04
3.7352552552552551e+00	7.5015800000000001e-04
3.7352652652652654e+00	7.5495100000000002e-04
3.7352752752752756e+00	7.5971600000000002e-04
3.7352852852852854e+00	7.6445300000000001e-04
3.7352952952952956e+00	7.6916199999999999e-04
3.7353053053053054e+00	7.7384299999999997e-04
3.7353153153153156e+00	7.7849799999999997e-04
3.7353253253253254e+00	7.8312599999999998e-04
3.7353353353353356e+00	7.8772700000000000e-04
3.7353453453453453e+00	7.9230200000000005e-04
3.7353553553553556e+00	7.9685200000000002e-04
3.7353653653653653e+00	8.0137600000000002e-04
3.7353753753753756e+00	8.0587499999999995e-04
3.7353853853853853e+00	8.1034800000000001e-04
3.7353953953953956e+00	8.1479700000000003e-04
3.7354054054054053e+00	8.1922199999999998e-04
3.7354154154154156e+00	8.2362300000000000e-04
3.7354254254254253e+00	8.2799900000000005e-04
3.7354354354354355e+00	8.3235299999999998e-04
3.7354454454454458e+00	8.3668299999999996e-04
3.7354554554554555e+00	8.4099000000000001e-04
3.7354654654654658e+00	8.4527400000000003e-04
3.7354754754754755e+00	8.4953500000000000e-04
3.7354854854854858e+00	8.5377499999999998e-04
3.7354954954954955e+00	8.5799200000000002e-04
3.7355055055055058e+00	8.6218799999999995e-04
3.7355155155155155e+00	8.6636199999999997e-04
3.7355255255255257e+00	8.7051499999999998e-04
3.7355355355355355e+00	8.7464699999999999e-04
3.7355455455455457e+00	8.7875799999999999e-04
3.7355555555555555e+00	8.8284900000000000e-04
3.7355655655655657e+00	8.8691900000000001e-04
3.7355755755755755e+00	8.9097000000000004e-04
3.7355855855855857e+00	8.9499999999999996e-04
3.7355955955955955e+00	8.9901100000000002e-04
3.7356056056056057e+00	9.0300199999999997e-04
3.7356156156156159e+00	9.0697399999999995e-04
3.7356256256256257e+00	9.1092699999999996e-04
3.7356356356356359e+00	9.1486099999999999e-04
3.7356456456456457e+00	9.1877699999999996e-04
3.7356556556556559e+00	9.2267399999999996e-04
3.7356656656656657e+00	9.2655299999999999e-04
3.7356756756756759e+00	9.3041399999999996e-04
3.7356856856856857e+00	9.3425699999999997e-04
3.7356956956956959e+00	9.3808300000000004e-04
3.7357057057057057e+00	9.4189100000000004e-04
3.7357157157157159e+00	9.4568199999999999e-04
3.7357257257257257e+00	9.4945600000000000e-04
3.7357357357357359e+00	9.5321299999999996e-04
3.7357457457457457e+00	9.5695299999999997e-04
3.7357557557557559e+00	9.6067699999999995e-04
3.7357657657657657e+00	9.6438500000000000e-04
3.7357757757757759e+00	9.6807600000000001e-04
3.7357857857857857e+00	9.7175099999999997e-04
3.7357957957957959e+00	9.7541100000000003e-04
3.7358058058058061e+00	9.7905400000000004e-04
3.7358158158158159e+00	9.8268300000000004e-04
3.7358258258258261e+00	9.8629600000000000e-04
3.7358358358358359e+00	9.8989299999999994e-04
3.7358458458458461e+00	9.9347600000000008e-04
3.7358558558558559e+00	9.9704400000000010e-04
3.7358658658658661e+00	1.0005999999999999e-03
3.7358758758758759e+00	1.0041399999999999e-03
3.7358858858858861e+00	1.0076600000000001e-03
3.7358958958958959e+00	1.0111700000000000e-03
3.7359059059059061e+00	1.0146700000000001e-03
3.7359159159159159e+00	1.0181500000000000e-03
3.7359259259259261e+00	1.0216100000000001e-03
3.7359359359359359e+00	1.0250700000000001e-03
3.7359459459459461e+00	1.0285100000000001e-03
3.7359559559559559e+00	1.0319400000000001e-03
3.7359659659659661e+00	1.0353500000000000e-03
3.7359759759759763e+00	1.0387500000000000e-03
3.7359859859859861e+00	1.0421400000000000e-03
3.7359959959959963e+00	1.0455099999999999e-03
3.7360060060060061e+00	1.0488800000000001e-03
3.7360160160160163e+00	1.0522200000000000e-03
3.7360260260260261e+00	1.0555600000000001e-03
3.7360360360360363e+00	1.0588900000000000e-03
3.7360460460460461e+00	1.0621999999999999e-03
3.7360560560560563e+00	1.0655000000000000e-03
3.7360660660660661e+00	1.0687900000000000e-03
3.7360760760760763e+00	1.0720599999999999e-03
3.7360860860860861e+00	1.0753200000000001e-03
3.7360960960960963e+00	1.0785800000000000e-03
3.7361061061061061e+00	1.0818200000000000e-03
3.7361161161161163e+00	1.0850499999999999e-03
3.7361261261261260e+00	1.0882600000000000e-03
3.7361361361361363e+00	1.0914700000000000e-03
3.7361461461461465e+00	1.0946700000000001e-03
3.7361561561561563e+00	1.0978500000000000e-03
3.7361661661661665e+00	1.1010200000000001e-03
3.7361761761761763e+00	1.1041899999999999e-03
3.7361861861861865e+00	1.1073400000000001e-03
3.7361961961961963e+00	1.1104800000000001e-03
3.7362062062062065e+00	1.1136099999999999e-03
3.7362162162162162e+00	1.1167300000000000e-03
3.7362262262262265e+00	1.1198400000000000e-03
3.7362362362362362e+00	1.1229400000000000e-03
3.7362462462462465e+00	1.1260300000000001e-03
3.7362562562562562e+00	1.1291100000000000e-03
3.7362662662662665e+00	1.1321800000000000e-03
3.7362762762762762e+00	1.1352400000000000e-03
3.7362862862862865e+00	1.1382899999999999e-03
3.7362962962962962e+00	1.1413199999999999e-03
3.7363063063063064e+00	1.1443499999999999e-03
3.7363163163163167e+00	1.1473799999999999e-03
3.7363263263263264e+00	1.1503900000000000e-03
3.7363363363363367e+00	1.1533900000000000e-03
3.7363463463463464e+00	1.1563800000000000e-03
3.7363563563563567e+00	1.1593599999999999e-03
3.7363663663663664e+00	1.1623400000000000e-03
3.7363763763763767e+00	1.1653000000000000e-03
3.7363863863863864e+00	1.1682600000000000e-03
3.7363963963963966e+00	1.1712100000000000e-03
3.7364064064064064e+00	1.1741399999999999e-03
3.7364164164164166e+00	1.1770699999999999e-03
3.7364264264264264e+00	1.1799899999999999e-03
3.7364364364364366e+00	1.1829099999999999e-03
3.7364464464464464e+00	1.1858100000000000e-03
3.7364564564564566e+00	1.1887099999999999e-03
3.7364664664664664e+00	1.1915900000000000e-03
3.7364764764764766e+00	1.1944700000000000e-03
3.7364864864864864e+00	1.1973400000000001e-03
3.7364964964964966e+00	1.2002000000000000e-03
3.7365065065065068e+00	1.2030599999999999e-03
3.7365165165165166e+00	1.2059000000000000e-03
3.7365265265265268e+00	1.2087400000000000e-03
3.7365365365365366e+00	1.2115699999999999e-03
3.7365465465465468e+00	1.2144000000000000e-03
3.7365565565565566e+00	1.2172100000000000e-03
3.7365665665665668e+00	1.2200200000000000e-03
3.7365765765765766e+00	1.2228199999999999e-03
3.7365865865865868e+00	1.2256100000000000e-03
3.7365965965965966e+00	1.2283900000000000e-03
3.7366066066066068e+00	1.2311700000000000e-03
3.7366166166166166e+00	1.2339400000000000e-03
3.7366266266266268e+00	1.2367000000000001e-03
3.7366366366366366e+00	1.2394600000000000e-03
3.7366466466466468e+00	1.2421999999999999e-03
3.7366566566566566e+00	1.2449399999999999e-03
3.7366666666666668e+00	1.2476799999999999e-03
3.7366766766766770e+00	1.2504000000000000e-03
3.7366866866866868e+00	1.2531199999999999e-03
3.7366966966966970e+00	1.2558400000000000e-03
3.7367067067067068e+00	1.2585400000000000e-03
3.7367167167167170e+00	1.2612400000000001e-03
3.7367267267267268e+00	1.2639299999999999e-03
3.7367367367367370e+00	1.2666200000000000e-03
3.7367467467467468e+00	1.2692999999999999e-03
3.7367567567567570e+00	1.2719700000000001e-03
3.7367667667667668e+00	1.2746400000000001e-03
3.7367767767767770e+00	1.2772899999999999e-03
3.7367867867867868e+00	1.2799500000000000e-03
3.7367967967967970e+00	1.2825899999999999e-03
3.7368068068068068e+00	1.2852300000000001e-03
3.7368168168168170e+00	1.2878700000000000e-03
3.7368268268268268e+00	1.2904900000000000e-03
3.7368368368368370e+00	1.2931200000000000e-03
3.7368468468468472e+00	1.2957299999999999e-03
3.7368568568568570e+00	1.2983400000000000e-03
3.7368668668668672e+00	1.3009400000000000e-03
3.7368768768768770e+00	1.3035400000000000e-03
3.7368868868868872e+00	1.3061300000000000e-03
3.7368968968968970e+00	1.3087200000000000e-03
3.7369069069069072e+00	1.3112899999999999e-03
3.7369169169169170e+00	1.3138700000000000e-03
3.7369269269269272e+00	1.3164400000000001e-03
3.7369369369369370e+00	1.3190000000000001e-03
3.7369469469469472e+00	1.3215499999999999e-03
3.7369569569569570e+00	1.3240999999999999e-03
3.7369669669669672e+00	1.3266500000000000e-03
3.7369769769769769e+00	1.3291900000000001e-03
3.7369869869869872e+00	1.3317200000000000e-03
3.7369969969969969e+00	1.3342499999999999e-03
3.7370070070070072e+00	1.3367699999999999e-03
3.7370170170170169e+00	1.3392899999999999e-03
3.7370270270270272e+00	1.3418000000000000e-03
3.7370370370370374e+00	1.3443100000000000e-03
3.7370470470470472e+00	1.3468099999999999e-03
3.7370570570570574e+00	1.3493100000000000e-03
3.7370670670670671e+00	1.3518000000000000e-03
3.7370770770770774e+00	1.3542800000000000e-03
3.7370870870870871e+00	1.3567600000000000e-03
3.7370970970970974e+00	1.3592400000000001e-03
3.7371071071071071e+00	1.3617099999999999e-03
3.7371171171171174e+00	1.3641700000000001e-03
3.7371271271271271e+00	1.3666300000000000e-03
3.7371371371371374e+00	1.3690900000000001e-03
3.7371471471471471e+00	1.3715400000000001e-03
3.7371571571571574e+00	1.3739799999999999e-03
3.7371671671671671e+00	1.3764300000000001e-03
3.7371771771771773e+00	1.3788600000000000e-03
3.7371871871871871e+00	1.3812900000000001e-03
3.7371971971971973e+00	1.3837200000000000e-03
3.7372072072072076e+00	1.3861399999999999e-03
3.7372172172172173e+00	1.3885600000000001e-03
3.7372272272272276e+00	1.3909700000000001e-03
3.7372372372372373e+00	1.3933800000000001e-03
3.7372472472472476e+00	1.3957799999999999e-03
3.7372572572572573e+00	1.3981800000000000e-03
3.7372672672672675e+00	1.4005700000000001e-03
3.7372772772772773e+00	1.4029600000000000e-03
3.7372872872872875e+00	1.4053399999999999e-03
3.7372972972972973e+00	1.4077200000000001e-03
3.7373073073073075e+00	1.4101000000000001e-03
3.7373173173173173e+00	1.4124700000000001e-03
3.7373273273273275e+00	1.4148400000000001e-03
3.7373373373373373e+00	1.4172000000000000e-03
3.7373473473473475e+00	1.4195600000000000e-03
3.7373573573573573e+00	1.4219100000000000e-03
3.7373673673673675e+00	1.4242599999999999e-03
3.7373773773773777e+00	1.4266100000000000e-03
3.7373873873873875e+00	1.4289500000000000e-03
3.7373973973973977e+00	1.4312900000000000e-03
3.7374074074074075e+00	1.4336200000000000e-03
3.7374174174174177e+00	1.4359500000000001e-03
3.7374274274274275e+00	1.4382799999999999e-03
3.7374374374374377e+00	1.4406000000000000e-03
3.7374474474474475e+00	1.4429099999999999e-03
3.7374574574574577e+00	1.4452300000000000e-03
3.7374674674674675e+00	1.4475400000000000e-03
3.7374774774774777e+00	1.4498400000000000e-03
3.7374874874874875e+00	1.4521400000000000e-03
3.7374974974974977e+00	1.4544400000000000e-03
3.7375075075075075e+00	1.4567300000000000e-03
3.7375175175175177e+00	1.4590199999999999e-03
3.7375275275275275e+00	1.4613100000000000e-03
3.7375375375375377e+00	1.4635900000000001e-03
3.7375475475475479e+00	1.4658700000000000e-03
3.7375575575575577e+00	1.4681399999999999e-03
3.7375675675675679e+00	1.4704099999999999e-03
3.7375775775775777e+00	1.4726800000000001e-03
3.7375875875875879e+00	1.4749400000000001e-03
3.7375975975975977e+00	1.4771999999999999e-03
3.7376076076076079e+00	1.4794599999999999e-03
3.7376176176176177e+00	1.4817100000000000e-03
3.7376276276276279e+00	1.4839600000000001e-03
3.7376376376376377e+00	1.4862000000000000e-03
3.7376476476476479e+00	1.4884399999999999e-03
3.7376576576576577e+00	1.4906800000000001e-03
3.7376676676676679e+00	1.4929200000000000e-03
3.7376776776776777e+00	1.4951500000000000e-03
3.7376876876876879e+00	1.4973700000000000e-03
3.7376976976976977e+00	1.4996000000000000e-03
3.7377077077077079e+00	1.5018200000000001e-03
3.7377177177177177e+00	1.5040400000000001e-03
3.7377277277277279e+00	1.5062500000000000e-03
3.7377377377377381e+00	1.5084600000000001e-03
3.7377477477477479e+00	1.5106700000000000e-03
3.7377577577577581e+00	1.5128699999999999e-03
3.7377677677677679e+00	1.5150700000000001e-03
3.7377777777777781e+00	1.5172700000000000e-03
3.7377877877877879e+00	1.5194600000000000e-03
3.7377977977977981e+00	1.5216500000000000e-03
3.7378078078078079e+00	1.5238400000000000e-03
3.7378178178178181e+00	1.5260199999999999e-03
3.7378278278278279e+00	1.5282000000000000e-03
3.7378378378378381e+00	1.5303800000000000e-03
3.7378478478478478e+00	1.5325600000000001e-03
3.7378578578578581e+00	1.5347300000000000e-03
3.7378678678678678e+00	1.5368999999999999e-03
3.7378778778778781e+00	1.5390600000000001e-03
3.7378878878878878e+00	1.5412200000000000e-03
3.7378978978978981e+00	1.5433800000000000e-03
3.7379079079079083e+00	1.5455400000000000e-03
3.7379179179179181e+00	1.5476900000000000e-03
3.7379279279279283e+00	1.5498400000000000e-03
3.7379379379379380e+00	1.5519900000000001e-03
3.7379479479479483e+00	1.5541299999999999e-03
3.7379579579579580e+00	1.5562700000000000e-03
3.7379679679679683e+00	1.5584100000000001e-03
3.7379779779779780e+00	1.5605500000000000e-03
3.7379879879879883e+00	1.5626800000000001e-03
3.7379979979979980e+00	1.5648100000000000e-03
3.7380080080080083e+00	1.5669300000000000e-03
3.7380180180180180e+00	1.5690599999999999e-03
3.7380280280280282e+00	1.5711799999999999e-03
3.7380380380380380e+00	1.5732999999999999e-03
3.7380480480480482e+00	1.5754100000000000e-03
3.7380580580580580e+00	1.5775200000000000e-03
3.7380680680680682e+00	1.5796300000000001e-03
3.7380780780780785e+00	1.5817400000000001e-03
3.7380880880880882e+00	1.5838400000000000e-03
3.7380980980980985e+00	1.5859400000000001e-03
3.7381081081081082e+00	1.5880400000000000e-03
3.7381181181181184e+00	1.5901400000000001e-03
3.7381281281281282e+00	1.5922300000000000e-03
3.7381381381381384e+00	1.5943200000000000e-03
3.7381481481481482e+00	1.5964099999999999e-03
3.7381581581581584e+00	1.5984899999999999e-03
3.7381681681681682e+00	1.6005800000000001e-03
3.7381781781781784e+00	1.6026500000000000e-03
3.7381881881881882e+00	1.6047300000000000e-03
3.7381981981981984e+00	1.6068100000000000e-03
3.7382082082082082e+00	1.6088800000000000e-03
3.7382182182182184e+00	1.6109500000000001e-03
3.7382282282282282e+00	1.6130100000000000e-03
3.7382382382382384e+00	1.6150800000000001e-03
3.7382482482482486e+00	1.6171400000000000e-03
3.7382582582582584e+00	1.6191999999999999e-03
3.7382682682682686e+00	1.6212500000000001e-03
3.7382782782782784e+00	1.6233100000000000e-03
3.7382882882882886e+00	1.6253600000000000e-03
3.7382982982982984e+00	1.6274099999999999e-03
3.7383083083083086e+00	1.6294599999999999e-03
3.7383183183183184e+00	1.6314999999999999e-03
3.7383283283283286e+00	1.6335399999999999e-03
3.7383383383383384e+00	1.6355800000000000e-03
3.7383483483483486e+00	1.6376200000000000e-03
3.7383583583583584e+00	1.6396500000000001e-03
3.7383683683683686e+00	1.6416800000000000e-03
3.7383783783783784e+00	1.6437100000000000e-03
3.7383883883883886e+00	1.6457399999999999e-03
3.7383983983983984e+00	1.6477700000000000e-03
3.7384084084084086e+00	1.6497899999999999e-03
3.7384184184184184e+00	1.6518100000000001e-03
3.7384284284284286e+00	1.6538300000000000e-03
3.7384384384384388e+00	1.6558400000000000e-03
3.7384484484484486e+00	1.6578599999999999e-03
3.7384584584584588e+00	1.6598699999999999e-03
3.7384684684684686e+00	1.6618799999999999e-03
3.7384784784784788e+00	1.6638800000000000e-03
3.7384884884884886e+00	1.6658899999999999e-03
3.7384984984984988e+00	1.6678900000000000e-03
3.7385085085085086e+00	1.6698900000000000e-03
3.7385185185185188e+00	1.6718900000000001e-03
3.7385285285285286e+00	1.6738800000000000e-03
3.7385385385385388e+00	1.6758700000000001e-03
3.7385485485485486e+00	1.6778600000000000e-03
3.7385585585585588e+00	1.6798500000000001e-03
3.7385685685685686e+00	1.6818400000000000e-03
3.7385785785785788e+00	1.6838199999999999e-03
3.7385885885885886e+00	1.6858100000000000e-03
3.7385985985985988e+00	1.6877900000000000e-03
3.7386086086086090e+00	1.6897600000000000e-03
3.7386186186186188e+00	1.6917400000000000e-03
3.7386286286286290e+00	1.6937100000000000e-03
3.7386386386386388e+00	1.6956899999999999e-03
3.7386486486486490e+00	1.6976599999999999e-03
3.7386586586586588e+00	1.6996200000000000e-03
3.7386686686686690e+00	1.7015900000000000e-03
3.7386786786786788e+00	1.7035500000000001e-03
3.7386886886886890e+00	1.7055099999999999e-03
3.7386986986986988e+00	1.7074700000000000e-03
3.7387087087087090e+00	1.7094300000000001e-03
3.7387187187187187e+00	1.7113899999999999e-03
3.7387287287287290e+00	1.7133400000000000e-03
3.7387387387387387e+00	1.7152900000000000e-03
3.7387487487487490e+00	1.7172400000000001e-03
3.7387587587587587e+00	1.7191900000000000e-03
3.7387687687687690e+00	1.7211300000000000e-03
3.7387787787787792e+00	1.7230699999999999e-03
3.7387887887887890e+00	1.7250200000000001e-03
3.7387987987987992e+00	1.7269600000000000e-03
3.7388088088088089e+00	1.7288900000000001e-03
3.7388188188188192e+00	1.7308300000000000e-03
3.7388288288288289e+00	1.7327600000000001e-03
3.7388388388388392e+00	1.7346900000000001e-03
3.7388488488488489e+00	1.7366199999999999e-03
3.7388588588588592e+00	1.7385499999999999e-03
3.7388688688688689e+00	1.7404800000000000e-03
3.7388788788788792e+00	1.7424000000000001e-03
3.7388888888888889e+00	1.7443199999999999e-03
3.7388988988988991e+00	1.7462400000000000e-03
3.7389089089089089e+00	1.7481599999999999e-03
3.7389189189189191e+00	1.7500800000000000e-03
3.7389289289289289e+00	1.7519899999999999e-03
3.7389389389389391e+00	1.7539100000000000e-03
3.7389489489489494e+00	1.7558200000000000e-03
3.7389589589589591e+00	1.7577300000000001e-03
3.7389689689689694e+00	1.7596300000000001e-03
3.7389789789789791e+00	1.7615400000000000e-03
3.7389889889889893e+00	1.7634400000000000e-03
3.7389989989989991e+00	1.7653499999999999e-03
3.7390090090090093e+00	1.7672499999999999e-03
3.7390190190190191e+00	1.7691400000000000e-03
3.7390290290290293e+00	1.7710400000000000e-03
3.7390390390390391e+00	1.7729400000000000e-03
3.7390490490490493e+00	1.7748300000000000e-03
3.7390590590590591e+00	1.7767200000000001e-03
3.7390690690690693e+00	1.7786099999999999e-03
3.7390790790790791e+00	1.7805000000000000e-03
3.7390890890890893e+00	1.7823800000000001e-03
3.7390990990990991e+00	1.7842699999999999e-03
3.7391091091091093e+00	1.7861500000000000e-03
3.7391191191191191e+00	1.7880299999999999e-03
3.7391291291291293e+00	1.7899100000000000e-03
3.7391391391391395e+00	1.7917899999999999e-03
3.7391491491491493e+00	1.7936700000000000e-03
3.7391591591591595e+00	1.7955400000000000e-03
3.7391691691691693e+00	1.7974099999999999e-03
3.7391791791791795e+00	1.7992800000000001e-03
3.7391891891891893e+00	1.8011500000000001e-03
3.7391991991991995e+00	1.8030200000000000e-03
3.7392092092092093e+00	1.8048900000000000e-03
3.7392192192192195e+00	1.8067500000000000e-03
3.7392292292292293e+00	1.8086100000000000e-03
3.7392392392392395e+00	1.8104799999999999e-03
3.7392492492492493e+00	1.8123400000000000e-03
3.7392592592592595e+00	1.8141900000000000e-03
3.7392692692692693e+00	1.8160500000000000e-03
3.7392792792792795e+00	1.8178999999999999e-03
3.7392892892892893e+00	1.8197599999999999e-03
3.7392992992992995e+00	1.8216100000000000e-03
3.7393093093093097e+00	1.8234600000000001e-03
3.7393193193193195e+00	1.8253099999999999e-03
3.7393293293293297e+00	1.8271500000000000e-03
3.7393393393393395e+00	1.8289999999999999e-03
3.7393493493493497e+00	1.8308400000000000e-03
3.7393593593593595e+00	1.8326900000000001e-03
3.7393693693693697e+00	1.8345300000000000e-03
3.7393793793793795e+00	1.8363699999999999e-03
3.7393893893893897e+00	1.8381999999999999e-03
3.7393993993993995e+00	1.8400400000000000e-03
3.7394094094094097e+00	1.8418700000000000e-03
3.7394194194194195e+00	1.8437099999999999e-03
3.7394294294294297e+00	1.8455399999999999e-03
3.7394394394394395e+00	1.8473700000000001e-03
3.7394494494494497e+00	1.8492000000000001e-03
3.7394594594594595e+00	1.8510200000000001e-03
3.7394694694694697e+00	1.8528500000000001e-03
3.7394794794794799e+00	1.8546700000000001e-03
3.7394894894894897e+00	1.8564899999999999e-03
3.7394994994994999e+00	1.8583199999999999e-03
3.7395095095095097e+00	1.8601399999999999e-03
3.7395195195195199e+00	1.8619500000000000e-03
3.7395295295295297e+00	1.8637700000000001e-03
3.7395395395395399e+00	1.8655900000000001e-03
3.7395495495495497e+00	1.8674000000000000e-03
3.7395595595595599e+00	1.8692100000000001e-03
3.7395695695695697e+00	1.8710199999999999e-03
3.7395795795795799e+00	1.8728300000000000e-03
3.7395895895895896e+00	1.8746399999999999e-03
3.7395995995995999e+00	1.8764500000000000e-03
3.7396096096096096e+00	1.8782499999999999e-03
3.7396196196196199e+00	1.8800600000000000e-03
3.7396296296296296e+00	1.8818600000000000e-03
3.7396396396396399e+00	1.8836599999999999e-03
3.7396496496496501e+00	1.8854600000000000e-03
3.7396596596596599e+00	1.8872600000000000e-03
3.7396696696696701e+00	1.8890500000000000e-03
3.7396796796796798e+00	1.8908499999999999e-03
3.7396896896896901e+00	1.8926399999999999e-03
3.7396996996996998e+00	1.8944400000000001e-03
3.7397097097097101e+00	1.8962300000000001e-03
3.7397197197197198e+00	1.8980200000000000e-03
3.7397297297297301e+00	1.8998000000000001e-03
3.7397397397397398e+00	1.9015900000000001e-03
3.7397497497497501e+00	1.9033800000000001e-03
3.7397597597597598e+00	1.9051599999999999e-03
3.7397697697697700e+00	1.9069499999999999e-03
3.7397797797797798e+00	1.9087300000000000e-03
3.7397897897897900e+00	1.9105100000000000e-03
3.7397997997997998e+00	1.9122900000000001e-03
3.7398098098098100e+00	1.9140600000000000e-03
3.7398198198198198e+00	1.9158400000000000e-03
3.7398298298298300e+00	1.9176200000000001e-03
3.7398398398398403e+00	1.9193900000000000e-03
3.7398498498498500e+00	1.9211600000000001e-03
3.7398598598598602e+00	1.9229300000000000e-03
3.7398698698698700e+00	1.9246999999999999e-03
3.7398798798798802e+00	1.9264700000000000e-03
3.7398898898898900e+00	1.9282399999999999e-03
3.7398998998999002e+00	1.9300100000000000e-03
3.7399099099099100e+00	1.9317700000000000e-03
3.7399199199199202e+00	1.9335400000000001e-03
3.7399299299299300e+00	1.9353000000000000e-03
3.7399399399399402e+00	1.9370600000000000e-03
3.7399499499499500e+00	1.9388200000000000e-03
3.7399599599599602e+00	1.9405799999999999e-03
3.7399699699699700e+00	1.9423299999999999e-03
3.7399799799799802e+00	1.9440900000000001e-03
3.7399899899899900e+00	1.9458500000000001e-03
3.7400000000000002e+00	1.9476000000000001e-03
