3.7300000000000000e+00	1.0975099999999999e-03
3.7300100100100102e+00	1.1003800000000000e-03
3.7300200200200200e+00	1.1032600000000000e-03
3.7300300300300302e+00	1.1061500000000000e-03
3.7300400400400400e+00	1.1090500000000001e-03
3.7300500500500502e+00	1.1119599999999999e-03
3.7300600600600600e+00	1.1148800000000000e-03
3.7300700700700702e+00	1.1178000000000000e-03
3.7300800800800800e+00	1.1207400000000001e-03
3.7300900900900902e+00	1.1236900000000001e-03
3.7301001001001000e+00	1.1266399999999999e-03
3.7301101101101102e+00	1.1295999999999999e-03
3.7301201201201200e+00	1.1325800000000000e-03
3.7301301301301302e+00	1.1355600000000001e-03
3.7301401401401399e+00	1.1385499999999999e-03
3.7301501501501502e+00	1.1415600000000000e-03
3.7301601601601599e+00	1.1445699999999999e-03
3.7301701701701702e+00	1.1475900000000000e-03
3.7301801801801804e+00	1.1506200000000000e-03
3.7301901901901902e+00	1.1536700000000001e-03
3.7302002002002004e+00	1.1567200000000000e-03
3.7302102102102102e+00	1.1597800000000000e-03
3.7302202202202204e+00	1.1628599999999999e-03
3.7302302302302301e+00	1.1659400000000001e-03
3.7302402402402404e+00	1.1690400000000001e-03
3.7302502502502501e+00	1.1721399999999999e-03
3.7302602602602604e+00	1.1752600000000000e-03
3.7302702702702701e+00	1.1783900000000001e-03
3.7302802802802804e+00	1.1815300000000001e-03
3.7302902902902901e+00	1.1846800000000000e-03
3.7303003003003004e+00	1.1878399999999999e-03
3.7303103103103101e+00	1.1910099999999999e-03
3.7303203203203203e+00	1.1942000000000001e-03
3.7303303303303301e+00	1.1973999999999999e-03
3.7303403403403403e+00	1.2006000000000000e-03
3.7303503503503501e+00	1.2038200000000000e-03
3.7303603603603603e+00	1.2070500000000001e-03
3.7303703703703706e+00	1.2103000000000001e-03
3.7303803803803803e+00	1.2135600000000000e-03
3.7303903903903906e+00	1.2168200000000000e-03
3.7304004004004003e+00	1.2201099999999999e-03
3.7304104104104105e+00	1.2233999999999999e-03
3.7304204204204203e+00	1.2267100000000000e-03
3.7304304304304305e+00	1.2300200000000001e-03
3.7304404404404403e+00	1.2333600000000000e-03
3.7304504504504505e+00	1.2367000000000001e-03
3.7304604604604603e+00	1.2400600000000001e-03
3.7304704704704705e+00	1.2434300000000000e-03
3.7304804804804803e+00	1.2468200000000000e-03
3.7304904904904905e+00	1.2502200000000000e-03
3.7305005005005003e+00	1.2536299999999999e-03
3.7305105105105105e+00	1.2570599999999999e-03
3.7305205205205203e+00	1.2604999999999999e-03
3.7305305305305305e+00	1.2639600000000000e-03
3.7305405405405407e+00	1.2674299999999999e-03
3.7305505505505505e+00	1.2709200000000000e-03
3.7305605605605607e+00	1.2744200000000001e-03
3.7305705705705705e+00	1.2779300000000000e-03
3.7305805805805807e+00	1.2814600000000001e-03
3.7305905905905905e+00	1.2850100000000001e-03
3.7306006006006007e+00	1.2885699999999999e-03
3.7306106106106105e+00	1.2921499999999999e-03
3.7306206206206207e+00	1.2957400000000001e-03
3.7306306306306305e+00	1.2993499999999999e-03
3.7306406406406407e+00	1.3029700000000001e-03
3.7306506506506505e+00	1.3066200000000001e-03
3.7306606606606607e+00	1.3102700000000001e-03
3.7306706706706705e+00	1.3139499999999999e-03
3.7306806806806807e+00	1.3176399999999999e-03
3.7306906906906905e+00	1.3213500000000000e-03
3.7307007007007007e+00	1.3250800000000000e-03
3.7307107107107109e+00	1.3288300000000000e-03
3.7307207207207207e+00	1.3325900000000000e-03
3.7307307307307309e+00	1.3363699999999999e-03
3.7307407407407407e+00	1.3401699999999999e-03
3.7307507507507509e+00	1.3439900000000000e-03
3.7307607607607607e+00	1.3478200000000000e-03
3.7307707707707709e+00	1.3516800000000001e-03
3.7307807807807807e+00	1.3555600000000000e-03
3.7307907907907909e+00	1.3594499999999999e-03
3.7308008008008007e+00	1.3633700000000000e-03
3.7308108108108109e+00	1.3672999999999999e-03
3.7308208208208207e+00	1.3712600000000000e-03
3.7308308308308309e+00	1.3752300000000001e-03
3.7308408408408407e+00	1.3792300000000000e-03
3.7308508508508509e+00	1.3832499999999999e-03
3.7308608608608607e+00	1.3872900000000000e-03
3.7308708708708709e+00	1.3913500000000000e-03
3.7308808808808811e+00	1.3954300000000000e-03
3.7308908908908909e+00	1.3995399999999999e-03
3.7309009009009011e+00	1.4036700000000001e-03
3.7309109109109109e+00	1.4078199999999999e-03
3.7309209209209211e+00	1.4119899999999999e-03
3.7309309309309309e+00	1.4161899999999999e-03
3.7309409409409411e+00	1.4204199999999999e-03
3.7309509509509509e+00	1.4246599999999999e-03
3.7309609609609611e+00	1.4289400000000001e-03
3.7309709709709709e+00	1.4332300000000000e-03
3.7309809809809811e+00	1.4375600000000001e-03
3.7309909909909909e+00	1.4419100000000000e-03
3.7310010010010011e+00	1.4462800000000001e-03
3.7310110110110108e+00	1.4506800000000000e-03
3.7310210210210211e+00	1.4551099999999999e-03
3.7310310310310308e+00	1.4595700000000001e-03
3.7310410410410411e+00	1.4640600000000001e-03
3.7310510510510508e+00	1.4685700000000000e-03
3.7310610610610611e+00	1.4731099999999999e-03
3.7310710710710713e+00	1.4776800000000001e-03
3.7310810810810811e+00	1.4822900000000000e-03
3.7310910910910913e+00	1.4869200000000001e-03
3.7311011011011010e+00	1.4915799999999999e-03
3.7311111111111113e+00	1.4962800000000000e-03
3.7311211211211210e+00	1.5009999999999999e-03
3.7311311311311313e+00	1.5057600000000001e-03
3.7311411411411410e+00	1.5105500000000000e-03
3.7311511511511513e+00	1.5153800000000000e-03
3.7311611611611610e+00	1.5202400000000000e-03
3.7311711711711713e+00	1.5251300000000000e-03
3.7311811811811810e+00	1.5300600000000000e-03
3.7311911911911912e+00	1.5350299999999999e-03
3.7312012012012010e+00	1.5400300000000000e-03
3.7312112112112112e+00	1.5450700000000000e-03
3.7312212212212210e+00	1.5501499999999999e-03
3.7312312312312312e+00	1.5552700000000001e-03
3.7312412412412415e+00	1.5604300000000000e-03
3.7312512512512512e+00	1.5656299999999999e-03
3.7312612612612615e+00	1.5708700000000000e-03
3.7312712712712712e+00	1.5761499999999999e-03
3.7312812812812814e+00	1.5814700000000000e-03
3.7312912912912912e+00	1.5868400000000000e-03
3.7313013013013014e+00	1.5922600000000001e-03
3.7313113113113112e+00	1.5977100000000000e-03
3.7313213213213214e+00	1.6032200000000000e-03
3.7313313313313312e+00	1.6087700000000000e-03
3.7313413413413414e+00	1.6143799999999999e-03
3.7313513513513512e+00	1.6200300000000000e-03
3.7313613613613614e+00	1.6257299999999999e-03
3.7313713713713712e+00	1.6314900000000000e-03
3.7313813813813814e+00	1.6373000000000000e-03
3.7313913913913912e+00	1.6431600000000001e-03
3.7314014014014014e+00	1.6490800000000000e-03
3.7314114114114116e+00	1.6550600000000001e-03
3.7314214214214214e+00	1.6610900000000000e-03
3.7314314314314316e+00	1.6671900000000000e-03
3.7314414414414414e+00	1.6733399999999999e-03
3.7314514514514516e+00	1.6795700000000000e-03
3.7314614614614614e+00	1.6858500000000000e-03
3.7314714714714716e+00	1.6922000000000000e-03
3.7314814814814814e+00	1.6986200000000001e-03
3.7314914914914916e+00	1.7051099999999999e-03
3.7315015015015014e+00	1.7116799999999999e-03
3.7315115115115116e+00	1.7183100000000000e-03
3.7315215215215214e+00	1.7250300000000000e-03
3.7315315315315316e+00	1.7318200000000000e-03
3.7315415415415414e+00	1.7386900000000000e-03
3.7315515515515516e+00	1.7456500000000001e-03
3.7315615615615614e+00	1.7526900000000001e-03
3.7315715715715716e+00	1.7598300000000000e-03
3.7315815815815818e+00	1.7670500000000000e-03
3.7315915915915916e+00	1.7743699999999999e-03
3.7316016016016018e+00	1.7817800000000000e-03
3.7316116116116116e+00	1.7893000000000000e-03
3.7316216216216218e+00	1.7969200000000000e-03
3.7316316316316316e+00	1.8046500000000001e-03
3.7316416416416418e+00	1.8125000000000001e-03
3.7316516516516516e+00	1.8204600000000001e-03
3.7316616616616618e+00	1.8285400000000000e-03
3.7316716716716716e+00	1.8367399999999999e-03
3.7316816816816818e+00	1.8450800000000000e-03
3.7316916916916916e+00	1.8535500000000000e-03
3.7317017017017018e+00	1.8621600000000001e-03
3.7317117117117116e+00	1.8709200000000001e-03
3.7317217217217218e+00	1.8798400000000000e-03
3.7317317317317316e+00	1.8889099999999999e-03
3.7317417417417418e+00	1.8981600000000001e-03
3.7317517517517516e+00	1.9075800000000001e-03
3.7317617617617618e+00	1.9171800000000001e-03
3.7317717717717720e+00	1.9269800000000000e-03
3.7317817817817818e+00	1.9369700000000001e-03
3.7317917917917920e+00	1.9471899999999999e-03
3.7318018018018018e+00	1.9576300000000001e-03
3.7318118118118120e+00	1.9683000000000001e-03
3.7318218218218218e+00	1.9792299999999998e-03
3.7318318318318320e+00	1.9904200000000001e-03
3.7318418418418418e+00	2.0018900000000001e-03
3.7318518518518520e+00	2.0136600000000000e-03
3.7318618618618618e+00	2.0257399999999998e-03
3.7318718718718720e+00	2.0381700000000002e-03
3.7318818818818817e+00	2.0509500000000002e-03
3.7318918918918920e+00	2.0641200000000000e-03
3.7319019019019017e+00	2.0777000000000000e-03
3.7319119119119120e+00	2.0917300000000000e-03
3.7319219219219217e+00	2.1062300000000002e-03
3.7319319319319320e+00	2.1212499999999999e-03
3.7319419419419422e+00	2.1368300000000002e-03
3.7319519519519520e+00	2.1530099999999999e-03
3.7319619619619622e+00	2.1698600000000000e-03
3.7319719719719719e+00	2.1874199999999998e-03
3.7319819819819822e+00	2.2057700000000001e-03
3.7319919919919919e+00	2.2250000000000000e-03
3.7320020020020022e+00	2.2451799999999998e-03
3.7320120120120119e+00	2.2664199999999999e-03
3.7320220220220222e+00	2.2888399999999999e-03
3.7320320320320319e+00	2.3125899999999998e-03
3.7320420420420422e+00	2.3378299999999999e-03
3.7320520520520519e+00	2.3647400000000002e-03
3.7320620620620621e+00	2.3935699999999998e-03
3.7320720720720719e+00	2.4245899999999999e-03
3.7320820820820821e+00	2.4581199999999998e-03
3.7320920920920919e+00	2.4945800000000001e-03
3.7321021021021021e+00	2.5344700000000000e-03
3.7321121121121124e+00	2.5784100000000002e-03
3.7321221221221221e+00	2.6271900000000002e-03
3.7321321321321324e+00	2.6818200000000001e-03
3.7321421421421421e+00	2.7436299999999999e-03
3.7321521521521523e+00	2.8143500000000002e-03
3.7321621621621621e+00	2.8963600000000002e-03
3.7321721721721723e+00	2.9929499999999999e-03
3.7321821821821821e+00	3.1088499999999998e-03
3.7321921921921923e+00	3.2510500000000001e-03
3.7322022022022021e+00	3.4303599999999999e-03
3.7322122122122123e+00	3.6644300000000002e-03
3.7322222222222221e+00	3.9839899999999998e-03
3.7322322322322323e+00	4.4476300000000002e-03
3.7322422422422421e+00	5.1814199999999999e-03
3.7322522522522523e+00	6.5105700000000002e-03
3.7322622622622621e+00	9.5669299999999995e-03
3.7322722722722723e+00	2.1670100000000001e-02
3.7322822822822825e+00	4.0788700000000000e-01
3.7322922922922923e+00	3.6895999999999999e-03
3.7323023023023025e+00	4.6689200000000000e-05
3.7323123123123123e+00	1.2446600000000000e-04
3.7323223223223225e+00	4.0695599999999998e-04
3.7323323323323323e+00	6.5610799999999997e-04
3.7323423423423425e+00	8.5696800000000005e-04
3.7323523523523523e+00	1.0187400000000000e-03
3.7323623623623625e+00	1.1511099999999999e-03
3.7323723723723723e+00	1.2614600000000001e-03
3.7323823823823825e+00	1.3551200000000000e-03
3.7323923923923923e+00	1.4358999999999999e-03
3.7324024024024025e+00	1.5065899999999999e-03
3.7324124124124123e+00	1.5692799999999999e-03
3.7324224224224225e+00	1.6255000000000000e-03
3.7324324324324323e+00	1.6764499999999999e-03
3.7324424424424425e+00	1.7230500000000001e-03
3.7324524524524523e+00	1.7660499999999999e-03
3.7324624624624625e+00	1.8060100000000000e-03
3.7324724724724727e+00	1.8434100000000000e-03
3.7324824824824825e+00	1.8786400000000000e-03
3.7324924924924927e+00	1.9120000000000001e-03
3.7325025025025025e+00	1.9437800000000000e-03
3.7325125125125127e+00	1.9741899999999998e-03
3.7325225225225225e+00	2.0034100000000002e-03
3.7325325325325327e+00	2.0316200000000000e-03
3.7325425425425425e+00	2.0589400000000000e-03
3.7325525525525527e+00	2.0855000000000001e-03
3.7325625625625625e+00	2.1113899999999999e-03
3.7325725725725727e+00	2.1367199999999999e-03
3.7325825825825825e+00	2.1615599999999999e-03
3.7325925925925927e+00	2.1859900000000001e-03
3.7326026026026025e+00	2.2100599999999998e-03
3.7326126126126127e+00	2.2338400000000000e-03
3.7326226226226225e+00	2.2573799999999998e-03
3.7326326326326327e+00	2.2807100000000000e-03
3.7326426426426429e+00	2.3038999999999998e-03
3.7326526526526527e+00	2.3269699999999998e-03
3.7326626626626629e+00	2.3499599999999999e-03
3.7326726726726727e+00	2.3728999999999998e-03
3.7326826826826829e+00	2.3958400000000002e-03
3.7326926926926927e+00	2.4187800000000001e-03
3.7327027027027029e+00	2.4417800000000002e-03
3.7327127127127127e+00	2.4648399999999998e-03
3.7327227227227229e+00	2.4880000000000002e-03
3.7327327327327327e+00	2.5112699999999999e-03
3.7327427427427429e+00	2.5346900000000000e-03
3.7327527527527526e+00	2.5582700000000001e-03
3.7327627627627629e+00	2.5820399999999999e-03
3.7327727727727726e+00	2.6060200000000001e-03
3.7327827827827829e+00	2.6302299999999999e-03
3.7327927927927926e+00	2.6546800000000000e-03
3.7328028028028029e+00	2.6794100000000001e-03
3.7328128128128131e+00	2.7044199999999999e-03
3.7328228228228229e+00	2.7297500000000000e-03
3.7328328328328331e+00	2.7553999999999999e-03
3.7328428428428428e+00	2.7814099999999998e-03
3.7328528528528531e+00	2.8077900000000001e-03
3.7328628628628628e+00	2.8345599999999999e-03
3.7328728728728731e+00	2.8617500000000001e-03
3.7328828828828828e+00	2.8893700000000000e-03
3.7328928928928931e+00	2.9174499999999998e-03
3.7329029029029028e+00	2.9460100000000002e-03
3.7329129129129131e+00	2.9750699999999998e-03
3.7329229229229228e+00	3.0046700000000001e-03
3.7329329329329330e+00	3.0348100000000002e-03
3.7329429429429428e+00	3.0655299999999999e-03
3.7329529529529530e+00	3.0968599999999999e-03
3.7329629629629628e+00	3.1288200000000000e-03
3.7329729729729730e+00	3.1614400000000002e-03
3.7329829829829833e+00	3.1947500000000001e-03
3.7329929929929930e+00	3.2287700000000002e-03
3.7330030030030033e+00	3.2635500000000000e-03
3.7330130130130130e+00	3.2991200000000000e-03
3.7330230230230232e+00	3.3354999999999999e-03
3.7330330330330330e+00	3.3727399999999999e-03
3.7330430430430432e+00	3.4108799999999998e-03
3.7330530530530530e+00	3.4499399999999999e-03
3.7330630630630632e+00	3.4899900000000001e-03
3.7330730730730730e+00	3.5310500000000000e-03
3.7330830830830832e+00	3.5731800000000000e-03
3.7330930930930930e+00	3.6164200000000000e-03
3.7331031031031032e+00	3.6608299999999999e-03
3.7331131131131130e+00	3.7064600000000000e-03
3.7331231231231232e+00	3.7533599999999999e-03
3.7331331331331330e+00	3.8016100000000000e-03
3.7331431431431432e+00	3.8512500000000001e-03
3.7331531531531530e+00	3.9023600000000001e-03
3.7331631631631632e+00	3.9550100000000001e-03
3.7331731731731734e+00	4.0092699999999997e-03
3.7331831831831832e+00	4.0652300000000004e-03
3.7331931931931934e+00	4.1229700000000001e-03
3.7332032032032032e+00	4.1825800000000000e-03
3.7332132132132134e+00	4.2441600000000003e-03
3.7332232232232232e+00	4.3078099999999996e-03
3.7332332332332334e+00	4.3736499999999998e-03
3.7332432432432432e+00	4.4417800000000002e-03
3.7332532532532534e+00	4.5123400000000001e-03
3.7332632632632632e+00	4.5854600000000004e-03
3.7332732732732734e+00	4.6612800000000003e-03
3.7332832832832832e+00	4.7399599999999997e-03
3.7332932932932934e+00	4.8216600000000002e-03
3.7333033033033032e+00	4.9065699999999999e-03
3.7333133133133134e+00	4.9948700000000002e-03
3.7333233233233232e+00	5.0867799999999999e-03
3.7333333333333334e+00	5.1825100000000004e-03
3.7333433433433436e+00	5.2823100000000001e-03
3.7333533533533534e+00	5.3864400000000002e-03
3.7333633633633636e+00	5.4951899999999996e-03
3.7333733733733734e+00	5.6088600000000002e-03
3.7333833833833836e+00	5.7277900000000000e-03
3.7333933933933934e+00	5.8523400000000001e-03
3.7334034034034036e+00	5.9829100000000001e-03
3.7334134134134134e+00	6.1199399999999999e-03
3.7334234234234236e+00	6.2639100000000001e-03
3.7334334334334334e+00	6.4153400000000003e-03
3.7334434434434436e+00	6.5747899999999996e-03
3.7334534534534534e+00	6.7429200000000003e-03
3.7334634634634636e+00	6.9204100000000001e-03
3.7334734734734734e+00	7.1080300000000004e-03
3.7334834834834836e+00	7.3066499999999996e-03
3.7334934934934934e+00	7.5172099999999999e-03
3.7335035035035036e+00	7.7407800000000001e-03
3.7335135135135138e+00	7.9785399999999992e-03
3.7335235235235236e+00	8.2318100000000009e-03
3.7335335335335338e+00	8.5020800000000004e-03
3.7335435435435436e+00	8.7910200000000001e-03
3.7335535535535538e+00	9.1005400000000007e-03
3.7335635635635636e+00	9.4327700000000000e-03
3.7335735735735738e+00	9.7901499999999992e-03
3.7335835835835836e+00	1.0175500000000001e-02
3.7335935935935938e+00	1.0591900000000000e-02
3.7336036036036035e+00	1.1043200000000000e-02
3.7336136136136138e+00	1.1533500000000000e-02
3.7336236236236235e+00	1.2067800000000000e-02
3.7336336336336338e+00	1.2651700000000000e-02
3.7336436436436435e+00	1.3292200000000001e-02
3.7336536536536538e+00	1.3997000000000001e-02
3.7336636636636635e+00	1.4775600000000000e-02
3.7336736736736738e+00	1.5639299999999998e-02
3.7336836836836835e+00	1.6601399999999999e-02
3.7336936936936937e+00	1.7678400000000000e-02
3.7337037037037040e+00	1.8890000000000001e-02
3.7337137137137137e+00	2.0260700000000000e-02
3.7337237237237240e+00	2.1820900000000001e-02
3.7337337337337337e+00	2.3608299999999999e-02
3.7337437437437440e+00	2.5670900000000000e-02
3.7337537537537537e+00	2.8070100000000001e-02
3.7337637637637640e+00	3.0885200000000002e-02
3.7337737737737737e+00	3.4220500000000001e-02
3.7337837837837839e+00	3.8214499999999998e-02
3.7337937937937937e+00	4.3054700000000001e-02
3.7338038038038039e+00	4.8998600000000003e-02
3.7338138138138137e+00	5.6406400000000002e-02
3.7338238238238239e+00	6.5790500000000002e-02
3.7338338338338337e+00	7.7893100000000007e-02
3.7338438438438439e+00	9.3803600000000001e-02
3.7338538538538537e+00	1.1513100000000000e-01
3.7338638638638639e+00	1.4421200000000001e-01
3.7338738738738741e+00	1.8421899999999999e-01
3.7338838838838839e+00	2.3850900000000000e-01
3.7338938938938941e+00	3.0726599999999998e-01
3.7339039039039039e+00	3.7828600000000001e-01
3.7339139139139141e+00	4.1797200000000001e-01
3.7339239239239239e+00	3.9405800000000002e-01
3.7339339339339341e+00	3.2061499999999998e-01
3.7339439439439439e+00	2.3920400000000000e-01
3.7339539539539541e+00	1.7327699999999999e-01
3.7339639639639639e+00	1.2586900000000001e-01
3.7339739739739741e+00	9.2924599999999996e-02
3.7339839839839839e+00	6.9990300000000005e-02
3.7339939939939941e+00	5.3770199999999997e-02
3.7340040040040039e+00	4.2063200000000002e-02
3.7340140140140141e+00	3.3435800000000002e-02
3.7340240240240239e+00	2.6951699999999999e-02
3.7340340340340341e+00	2.1990099999999999e-02
3.7340440440440443e+00	1.8131700000000001e-02
3.7340540540540541e+00	1.5087600000000000e-02
3.7340640640640643e+00	1.2654800000000001e-02
3.7340740740740741e+00	1.0688200000000000e-02
3.7340840840840843e+00	9.0819400000000002e-03
3.7340940940940941e+00	7.7579800000000003e-03
3.7341041041041043e+00	6.6576700000000001e-03
3.7341141141141141e+00	5.7364299999999998e-03
3.7341241241241243e+00	4.9599600000000002e-03
3.7341341341341341e+00	4.3015500000000003e-03
3.7341441441441443e+00	3.7402300000000002e-03
3.7341541541541541e+00	3.2593100000000001e-03
3.7341641641641643e+00	2.8454499999999998e-03
3.7341741741741741e+00	2.4878600000000002e-03
3.7341841841841843e+00	2.1777699999999999e-03
3.7341941941941941e+00	1.9080000000000000e-03
3.7342042042042043e+00	1.6726099999999999e-03
3.7342142142142145e+00	1.4666900000000001e-03
3.7342242242242243e+00	1.2861200000000000e-03
3.7342342342342345e+00	1.1274700000000000e-03
3.7342442442442443e+00	9.8781900000000002e-04
3.7342542542542545e+00	8.6471400000000004e-04
3.7342642642642643e+00	7.5605500000000005e-04
3.7342742742742745e+00	6.6005399999999998e-04
3.7342842842842843e+00	5.7517099999999997e-04
3.7342942942942945e+00	5.0008500000000005e-04
3.7343043043043043e+00	4.3365100000000001e-04
3.7343143143143145e+00	3.7487700000000002e-04
3.7343243243243243e+00	3.2289999999999999e-04
3.7343343343343345e+00	2.7696699999999998e-04
3.7343443443443443e+00	2.3641900000000000e-04
3.7343543543543545e+00	2.0067899999999999e-04
3.7343643643643643e+00	1.6923700000000001e-04
3.7343743743743745e+00	1.4164599999999999e-04
3.7343843843843842e+00	1.1750800000000000e-04
3.7343943943943945e+00	9.6473199999999996e-05
3.7344044044044047e+00	7.8229600000000001e-05
3.7344144144144145e+00	6.2500000000000001e-05
3.7344244244244247e+00	4.9037199999999999e-05
3.7344344344344345e+00	3.7620599999999997e-05
3.7344444444444447e+00	2.8052800000000000e-05
3.7344544544544545e+00	2.0157200000000001e-05
3.7344644644644647e+00	1.3774899999999999e-05
3.7344744744744744e+00	8.7634300000000002e-06
3.7344844844844847e+00	4.9943800000000003e-06
3.7344944944944944e+00	2.3520300000000001e-06
3.7345045045045047e+00	7.3195099999999996e-07
3.7345145145145144e+00	3.9753200000000003e-08
3.7345245245245247e+00	1.9002800000000001e-07
3.7345345345345344e+00	1.1054000000000000e-06
3.7345445445445447e+00	2.7157000000000001e-06
3.7345545545545544e+00	4.9572099999999996e-06
3.7345645645645646e+00	7.7720299999999999e-06
3.7345745745745749e+00	1.1107500000000000e-05
3.7345845845845846e+00	1.4915600000000000e-05
3.7345945945945949e+00	1.9152600000000000e-05
3.7346046046046046e+00	2.3778800000000000e-05
3.7346146146146149e+00	2.8757600000000001e-05
3.7346246246246246e+00	3.4055800000000000e-05
3.7346346346346349e+00	3.9643100000000000e-05
3.7346446446446446e+00	4.5491600000000003e-05
3.7346546546546548e+00	5.1575800000000002e-05
3.7346646646646646e+00	5.7872499999999999e-05
3.7346746746746748e+00	6.4360299999999994e-05
3.7346846846846846e+00	7.1019599999999993e-05
3.7346946946946948e+00	7.7832399999999997e-05
3.7347047047047046e+00	8.4782299999999996e-05
3.7347147147147148e+00	9.1854000000000005e-05
3.7347247247247246e+00	9.9033699999999993e-05
3.7347347347347348e+00	1.0630900000000000e-04
3.7347447447447450e+00	1.1366699999999999e-04
3.7347547547547548e+00	1.2109800000000000e-04
3.7347647647647650e+00	1.2859199999999999e-04
3.7347747747747748e+00	1.3614000000000001e-04
3.7347847847847850e+00	1.4373300000000000e-04
3.7347947947947948e+00	1.5136300000000001e-04
3.7348048048048050e+00	1.5902399999999999e-04
3.7348148148148148e+00	1.6670899999999999e-04
3.7348248248248250e+00	1.7441200000000001e-04
3.7348348348348348e+00	1.8212700000000000e-04
3.7348448448448450e+00	1.8985000000000001e-04
3.7348548548548548e+00	1.9757600000000001e-04
3.7348648648648650e+00	2.0530000000000000e-04
3.7348748748748748e+00	2.1301800000000001e-04
3.7348848848848850e+00	2.2072800000000000e-04
3.7348948948948948e+00	2.2842500000000001e-04
3.7349049049049050e+00	2.3610699999999999e-04
3.7349149149149152e+00	2.4377099999999999e-04
3.7349249249249250e+00	2.5141399999999999e-04
3.7349349349349352e+00	2.5903400000000000e-04
3.7349449449449450e+00	2.6663000000000001e-04
3.7349549549549552e+00	2.7419800000000002e-04
3.7349649649649650e+00	2.8173700000000000e-04
3.7349749749749752e+00	2.8924700000000002e-04
3.7349849849849850e+00	2.9672400000000000e-04
3.7349949949949952e+00	3.0416800000000001e-04
3.7350050050050050e+00	3.1157899999999998e-04
3.7350150150150152e+00	3.1895399999999998e-04
3.7350250250250250e+00	3.2629200000000000e-04
3.7350350350350352e+00	3.3359399999999999e-04
3.7350450450450450e+00	3.4085700000000002e-04
3.7350550550550552e+00	3.4808300000000001e-04
3.7350650650650650e+00	3.5526900000000002e-04
3.7350750750750752e+00	3.6241499999999999e-04
3.7350850850850850e+00	3.6952099999999999e-04
3.7350950950950952e+00	3.7658700000000000e-04
3.7351051051051054e+00	3.8361200000000003e-04
3.7351151151151152e+00	3.9059700000000001e-04
3.7351251251251254e+00	3.9753999999999999e-04
3.7351351351351352e+00	4.0444100000000001e-04
3.7351451451451454e+00	4.1130099999999998e-04
3.7351551551551552e+00	4.1811900000000000e-04
3.7351651651651654e+00	4.2489600000000002e-04
3.7351751751751752e+00	4.3163099999999997e-04
3.7351851851851854e+00	4.3832400000000003e-04
3.7351951951951952e+00	4.4497599999999998e-04
3.7352052052052054e+00	4.5158600000000002e-04
3.7352152152152152e+00	4.5815500000000002e-04
3.7352252252252254e+00	4.6468200000000001e-04
3.7352352352352352e+00	4.7116800000000000e-04
3.7352452452452454e+00	4.7761300000000000e-04
3.7352552552552551e+00	4.8401800000000001e-04
3.7352652652652654e+00	4.9038100000000002e-04
3.7352752752752756e+00	4.9670499999999995e-04
3.7352852852852854e+00	5.0298800000000000e-04
3.7352952952952956e+00	5.0923099999999996e-04
3.7353053053053054e+00	5.1543400000000005e-04
3.7353153153153156e+00	5.2159799999999996e-04
3.7353253253253254e+00	5.2772300000000002e-04
3.7353353353353356e+00	5.3380799999999998e-04
3.7353453453453453e+00	5.3985500000000000e-04
3.7353553553553556e+00	5.4586399999999996e-04
3.7353653653653653e+00	5.5183499999999998e-04
3.7353753753753756e+00	5.5776800000000004e-04
3.7353853853853853e+00	5.6366299999999995e-04
3.7353953953953956e+00	5.6952200000000004e-04
3.7354054054054053e+00	5.7534299999999997e-04
3.7354154154154156e+00	5.8112900000000000e-04
3.7354254254254253e+00	5.8687699999999997e-04
3.7354354354354355e+00	5.9259000000000004e-04
3.7354454454454458e+00	5.9826800000000000e-04
3.7354554554554555e+00	6.0391000000000004e-04
3.7354654654654658e+00	6.0951799999999997e-04
3.7354754754754755e+00	6.1508999999999999e-04
3.7354854854854858e+00	6.2062900000000004e-04
3.7354954954954955e+00	6.2613399999999998e-04
3.7355055055055058e+00	6.3160500000000004e-04
3.7355155155155155e+00	6.3704300000000001e-04
3.7355255255255257e+00	6.4244699999999998e-04
3.7355355355355355e+00	6.4782000000000001e-04
3.7355455455455457e+00	6.5315999999999996e-04
3.7355555555555555e+00	6.5846800000000005e-04
3.7355655655655657e+00	6.6374399999999997e-04
3.7355755755755755e+00	6.6898900000000004e-04
3.7355855855855857e+00	6.7420299999999996e-04
3.7355955955955955e+00	6.7938600000000003e-04
3.7356056056056057e+00	6.8453899999999996e-04
3.7356156156156159e+00	6.8966199999999996e-04
3.7356256256256257e+00	6.9475500000000003e-04
3.7356356356356359e+00	6.9981899999999996e-04
3.7356456456456457e+00	7.0485299999999997e-04
3.7356556556556559e+00	7.0985899999999997e-04
3.7356656656656657e+00	7.1483600000000005e-04
3.7356756756756759e+00	7.1978400000000001e-04
3.7356856856856857e+00	7.2470499999999997e-04
3.7356956956956959e+00	7.2959800000000003e-04
3.7357057057057057e+00	7.3446399999999999e-04
3.7357157157157159e+00	7.3930299999999997e-04
3.7357257257257257e+00	7.4411400000000004e-04
3.7357357357357359e+00	7.4890000000000004e-04
3.7357457457457457e+00	7.5365899999999995e-04
3.7357557557557559e+00	7.5839199999999999e-04
3.7357657657657657e+00	7.6309900000000005e-04
3.7357757757757759e+00	7.6778100000000004e-04
3.7357857857857857e+00	7.7243799999999997e-04
3.7357957957957959e+00	7.7706900000000002e-04
3.7358058058058061e+00	7.8167700000000004e-04
3.7358158158158159e+00	7.8625899999999998e-04
3.7358258258258261e+00	7.9081799999999999e-04
3.7358358358358359e+00	7.9535300000000005e-04
3.7358458458458461e+00	7.9986399999999996e-04
3.7358558558558559e+00	8.0435200000000004e-04
3.7358658658658661e+00	8.0881599999999996e-04
3.7358758758758759e+00	8.1325799999999997e-04
3.7358858858858861e+00	8.1767700000000005e-04
3.7358958958958959e+00	8.2207400000000000e-04
3.7359059059059061e+00	8.2644800000000003e-04
3.7359159159159159e+00	8.3080100000000004e-04
3.7359259259259261e+00	8.3513100000000002e-04
3.7359359359359359e+00	8.3944100000000002e-04
3.7359459459459461e+00	8.4372899999999999e-04
3.7359559559559559e+00	8.4799599999999995e-04
3.7359659659659661e+00	8.5224200000000002e-04
3.7359759759759763e+00	8.5646699999999997e-04
3.7359859859859861e+00	8.6067200000000004e-04
3.7359959959959963e+00	8.6485700000000002e-04
3.7360060060060061e+00	8.6902200000000000e-04
3.7360160160160163e+00	8.7316700000000000e-04
3.7360260260260261e+00	8.7729300000000002e-04
3.7360360360360363e+00	8.8139900000000005e-04
3.7360460460460461e+00	8.8548600000000000e-04
3.7360560560560563e+00	8.8955399999999997e-04
3.7360660660660661e+00	8.9360299999999998e-04
3.7360760760760763e+00	8.9763300000000000e-04
3.7360860860860861e+00	9.0164599999999998e-04
3.7360960960960963e+00	9.0563899999999997e-04
3.7361061061061061e+00	9.0961500000000001e-04
3.7361161161161163e+00	9.1357299999999999e-04
3.7361261261261260e+00	9.1751400000000002e-04
3.7361361361361363e+00	9.2143699999999999e-04
3.7361461461461465e+00	9.2534200000000000e-04
3.7361561561561563e+00	9.2922999999999996e-04
3.7361661661661665e+00	9.3310200000000000e-04
3.7361761761761763e+00	9.3695599999999997e-04
3.7361861861861865e+00	9.4079400000000001e-04
3.7361961961961963e+00	9.4461600000000001e-04
3.7362062062062065e+00	9.4842099999999996e-04
3.7362162162162162e+00	9.5220999999999999e-04
3.7362262262262265e+00	9.5598199999999997e-04
3.7362362362362362e+00	9.5974000000000005e-04
3.7362462462462465e+00	9.6348099999999997e-04
3.7362562562562562e+00	9.6720699999999998e-04
3.7362662662662665e+00	9.7091699999999996e-04
3.7362762762762762e+00	9.7461200000000003e-04
3.7362862862862865e+00	9.7829300000000009e-04
3.7362962962962962e+00	9.8195800000000001e-04
3.7363063063063064e+00	9.8560800000000001e-04
3.7363163163163167e+00	9.8924400000000002e-04
3.7363263263263264e+00	9.9286499999999989e-04
3.7363363363363367e+00	9.9647199999999998e-04
3.7363463463463464e+00	1.0000600000000001e-03
3.7363563563563567e+00	1.0036400000000001e-03
3.7363663663663664e+00	1.0072099999999999e-03
3.7363763763763767e+00	1.0107600000000001e-03
3.7363863863863864e+00	1.0143000000000001e-03
3.7363963963963966e+00	1.0178200000000000e-03
3.7364064064064064e+00	1.0213300000000000e-03
3.7364164164164166e+00	1.0248300000000000e-03
3.7364264264264264e+00	1.0283099999999999e-03
3.7364364364364366e+00	1.0317799999999999e-03
3.7364464464464464e+00	1.0352400000000000e-03
3.7364564564564566e+00	1.0386799999999999e-03
3.7364664664664664e+00	1.0421100000000000e-03
3.7364764764764766e+00	1.0455300000000000e-03
3.7364864864864864e+00	1.0489399999999999e-03
3.7364964964964966e+00	1.0523300000000000e-03
3.7365065065065068e+00	1.0557200000000000e-03
3.7365165165165166e+00	1.0590899999999999e-03
3.7365265265265268e+00	1.0624400000000000e-03
3.7365365365365366e+00	1.0657900000000001e-03
3.7365465465465468e+00	1.0691200000000000e-03
3.7365565565565566e+00	1.0724500000000000e-03
3.7365665665665668e+00	1.0757600000000000e-03
3.7365765765765766e+00	1.0790600000000000e-03
3.7365865865865868e+00	1.0823499999999999e-03
3.7365965965965966e+00	1.0856200000000000e-03
3.7366066066066068e+00	1.0888899999999999e-03
3.7366166166166166e+00	1.0921399999999999e-03
3.7366266266266268e+00	1.0953899999999999e-03
3.7366366366366366e+00	1.0986200000000000e-03
3.7366466466466468e+00	1.1018400000000000e-03
3.7366566566566566e+00	1.1050500000000000e-03
3.7366666666666668e+00	1.1082500000000001e-03
3.7366766766766770e+00	1.1114400000000000e-03
3.7366866866866868e+00	1.1146200000000000e-03
3.7366966966966970e+00	1.1177900000000000e-03
3.7367067067067068e+00	1.1209499999999999e-03
3.7367167167167170e+00	1.1241000000000001e-03
3.7367267267267268e+00	1.1272400000000001e-03
3.7367367367367370e+00	1.1303699999999999e-03
3.7367467467467468e+00	1.1334900000000000e-03
3.7367567567567570e+00	1.1365900000000000e-03
3.7367667667667668e+00	1.1396900000000001e-03
3.7367767767767770e+00	1.1427799999999999e-03
3.7367867867867868e+00	1.1458600000000001e-03
3.7367967967967970e+00	1.1489300000000000e-03
3.7368068068068068e+00	1.1520000000000000e-03
3.7368168168168170e+00	1.1550499999999999e-03
3.7368268268268268e+00	1.1580900000000001e-03
3.7368368368368370e+00	1.1611200000000001e-03
3.7368468468468472e+00	1.1641500000000001e-03
3.7368568568568570e+00	1.1671600000000000e-03
3.7368668668668672e+00	1.1701700000000001e-03
3.7368768768768770e+00	1.1731700000000001e-03
3.7368868868868872e+00	1.1761600000000001e-03
3.7368968968968970e+00	1.1791400000000000e-03
3.7369069069069072e+00	1.1821100000000001e-03
3.7369169169169170e+00	1.1850700000000001e-03
3.7369269269269272e+00	1.1880300000000001e-03
3.7369369369369370e+00	1.1909700000000000e-03
3.7369469469469472e+00	1.1939100000000001e-03
3.7369569569569570e+00	1.1968400000000000e-03
3.7369669669669672e+00	1.1997600000000000e-03
3.7369769769769769e+00	1.2026700000000001e-03
3.7369869869869872e+00	1.2055799999999999e-03
3.7369969969969969e+00	1.2084699999999999e-03
3.7370070070070072e+00	1.2113600000000001e-03
3.7370170170170169e+00	1.2142399999999999e-03
3.7370270270270272e+00	1.2171199999999999e-03
3.7370370370370374e+00	1.2199800000000001e-03
3.7370470470470472e+00	1.2228400000000000e-03
3.7370570570570574e+00	1.2256900000000000e-03
3.7370670670670671e+00	1.2285300000000000e-03
3.7370770770770774e+00	1.2313700000000001e-03
3.7370870870870871e+00	1.2341900000000000e-03
3.7370970970970974e+00	1.2370100000000000e-03
3.7371071071071071e+00	1.2398299999999999e-03
3.7371171171171174e+00	1.2426300000000000e-03
3.7371271271271271e+00	1.2454300000000001e-03
3.7371371371371374e+00	1.2482200000000000e-03
3.7371471471471471e+00	1.2509999999999999e-03
3.7371571571571574e+00	1.2537799999999999e-03
3.7371671671671671e+00	1.2565499999999999e-03
3.7371771771771773e+00	1.2593100000000000e-03
3.7371871871871871e+00	1.2620699999999999e-03
3.7371971971971973e+00	1.2648200000000001e-03
3.7372072072072076e+00	1.2675600000000000e-03
3.7372172172172173e+00	1.2702900000000001e-03
3.7372272272272276e+00	1.2730199999999999e-03
3.7372372372372373e+00	1.2757400000000000e-03
3.7372472472472476e+00	1.2784599999999999e-03
3.7372572572572573e+00	1.2811700000000001e-03
3.7372672672672675e+00	1.2838700000000001e-03
3.7372772772772773e+00	1.2865600000000000e-03
3.7372872872872875e+00	1.2892500000000000e-03
3.7372972972972973e+00	1.2919299999999999e-03
3.7373073073073075e+00	1.2946100000000001e-03
3.7373173173173173e+00	1.2972800000000000e-03
3.7373273273273275e+00	1.2999500000000000e-03
3.7373373373373373e+00	1.3025999999999999e-03
3.7373473473473475e+00	1.3052500000000000e-03
3.7373573573573573e+00	1.3079000000000001e-03
3.7373673673673675e+00	1.3105400000000000e-03
3.7373773773773777e+00	1.3131700000000000e-03
3.7373873873873875e+00	1.3158000000000000e-03
3.7373973973973977e+00	1.3184200000000001e-03
3.7374074074074075e+00	1.3210400000000001e-03
3.7374174174174177e+00	1.3236500000000000e-03
3.7374274274274275e+00	1.3262500000000000e-03
3.7374374374374377e+00	1.3288499999999999e-03
3.7374474474474475e+00	1.3314399999999999e-03
3.7374574574574577e+00	1.3340299999999999e-03
3.7374674674674675e+00	1.3366100000000000e-03
3.7374774774774777e+00	1.3391799999999999e-03
3.7374874874874875e+00	1.3417500000000001e-03
3.7374974974974977e+00	1.3443200000000000e-03
3.7375075075075075e+00	1.3468800000000000e-03
3.7375175175175177e+00	1.3494300000000000e-03
3.7375275275275275e+00	1.3519800000000000e-03
3.7375375375375377e+00	1.3545199999999999e-03
3.7375475475475479e+00	1.3570600000000000e-03
3.7375575575575577e+00	1.3595899999999999e-03
3.7375675675675679e+00	1.3621200000000001e-03
3.7375775775775777e+00	1.3646400000000001e-03
3.7375875875875879e+00	1.3671499999999999e-03
3.7375975975975977e+00	1.3696699999999999e-03
3.7376076076076079e+00	1.3721700000000000e-03
3.7376176176176177e+00	1.3746699999999999e-03
3.7376276276276279e+00	1.3771700000000000e-03
3.7376376376376377e+00	1.3796600000000000e-03
3.7376476476476479e+00	1.3821400000000000e-03
3.7376576576576577e+00	1.3846300000000000e-03
3.7376676676676679e+00	1.3871000000000001e-03
3.7376776776776777e+00	1.3895699999999999e-03
3.7376876876876879e+00	1.3920400000000000e-03
3.7376976976976977e+00	1.3944999999999999e-03
3.7377077077077079e+00	1.3969600000000000e-03
3.7377177177177177e+00	1.3994100000000000e-03
3.7377277277277279e+00	1.4018600000000000e-03
3.7377377377377381e+00	1.4043000000000000e-03
3.7377477477477479e+00	1.4067400000000001e-03
3.7377577577577581e+00	1.4091700000000000e-03
3.7377677677677679e+00	1.4116000000000001e-03
3.7377777777777781e+00	1.4140200000000000e-03
3.7377877877877879e+00	1.4164399999999999e-03
3.7377977977977981e+00	1.4188600000000001e-03
3.7378078078078079e+00	1.4212700000000001e-03
3.7378178178178181e+00	1.4236699999999999e-03
3.7378278278278279e+00	1.4260700000000000e-03
3.7378378378378381e+00	1.4284700000000000e-03
3.7378478478478478e+00	1.4308599999999999e-03
3.7378578578578581e+00	1.4332500000000001e-03
3.7378678678678678e+00	1.4356400000000000e-03
3.7378778778778781e+00	1.4380199999999999e-03
3.7378878878878878e+00	1.4403899999999999e-03
3.7378978978978981e+00	1.4427600000000000e-03
3.7379079079079083e+00	1.4451300000000000e-03
3.7379179179179181e+00	1.4474900000000001e-03
3.7379279279279283e+00	1.4498499999999999e-03
3.7379379379379380e+00	1.4522100000000000e-03
3.7379479479479483e+00	1.4545599999999999e-03
3.7379579579579580e+00	1.4568999999999999e-03
3.7379679679679683e+00	1.4592500000000000e-03
3.7379779779779780e+00	1.4615900000000000e-03
3.7379879879879883e+00	1.4639200000000001e-03
3.7379979979979980e+00	1.4662500000000001e-03
3.7380080080080083e+00	1.4685799999999999e-03
3.7380180180180180e+00	1.4709000000000000e-03
3.7380280280280282e+00	1.4732199999999999e-03
3.7380380380380380e+00	1.4755300000000001e-03
3.7380480480480482e+00	1.4778400000000000e-03
3.7380580580580580e+00	1.4801500000000000e-03
3.7380680680680682e+00	1.4824500000000000e-03
3.7380780780780785e+00	1.4847500000000000e-03
3.7380880880880882e+00	1.4870500000000000e-03
3.7380980980980985e+00	1.4893400000000000e-03
3.7381081081081082e+00	1.4916300000000001e-03
3.7381181181181184e+00	1.4939100000000000e-03
3.7381281281281282e+00	1.4961900000000001e-03
3.7381381381381384e+00	1.4984700000000000e-03
3.7381481481481482e+00	1.5007400000000000e-03
3.7381581581581584e+00	1.5030099999999999e-03
3.7381681681681682e+00	1.5052799999999999e-03
3.7381781781781784e+00	1.5075399999999999e-03
3.7381881881881882e+00	1.5097999999999999e-03
3.7381981981981984e+00	1.5120600000000000e-03
3.7382082082082082e+00	1.5143100000000000e-03
3.7382182182182184e+00	1.5165599999999999e-03
3.7382282282282282e+00	1.5188000000000001e-03
3.7382382382382384e+00	1.5210400000000000e-03
3.7382482482482486e+00	1.5232799999999999e-03
3.7382582582582584e+00	1.5255200000000000e-03
3.7382682682682686e+00	1.5277500000000000e-03
3.7382782782782784e+00	1.5299800000000000e-03
3.7382882882882886e+00	1.5322000000000001e-03
3.7382982982982984e+00	1.5344200000000001e-03
3.7383083083083086e+00	1.5366399999999999e-03
3.7383183183183184e+00	1.5388500000000000e-03
3.7383283283283286e+00	1.5410700000000001e-03
3.7383383383383384e+00	1.5432700000000000e-03
3.7383483483483486e+00	1.5454799999999999e-03
3.7383583583583584e+00	1.5476800000000001e-03
3.7383683683683686e+00	1.5498800000000000e-03
3.7383783783783784e+00	1.5520700000000000e-03
3.7383883883883886e+00	1.5542700000000000e-03
3.7383983983983984e+00	1.5564500000000000e-03
3.7384084084084086e+00	1.5586400000000000e-03
3.7384184184184184e+00	1.5608200000000001e-03
3.7384284284284286e+00	1.5629999999999999e-03
3.7384384384384388e+00	1.5651800000000000e-03
3.7384484484484486e+00	1.5673499999999999e-03
3.7384584584584588e+00	1.5695200000000000e-03
3.7384684684684686e+00	1.5716899999999999e-03
3.7384784784784788e+00	1.5738499999999999e-03
3.7384884884884886e+00	1.5760100000000001e-03
3.7384984984984988e+00	1.5781700000000001e-03
3.7385085085085086e+00	1.5803300000000000e-03
3.7385185185185188e+00	1.5824800000000000e-03
3.7385285285285286e+00	1.5846300000000001e-03
3.7385385385385388e+00	1.5867800000000001e-03
3.7385485485485486e+00	1.5889200000000000e-03
3.7385585585585588e+00	1.5910600000000000e-03
3.7385685685685686e+00	1.5931999999999999e-03
3.7385785785785788e+00	1.5953300000000001e-03
3.7385885885885886e+00	1.5974600000000000e-03
3.7385985985985988e+00	1.5995899999999999e-03
3.7386086086086090e+00	1.6017200000000001e-03
3.7386186186186188e+00	1.6038400000000000e-03
3.7386286286286290e+00	1.6059600000000000e-03
3.7386386386386388e+00	1.6080800000000000e-03
3.7386486486486490e+00	1.6102000000000000e-03
3.7386586586586588e+00	1.6123100000000000e-03
3.7386686686686690e+00	1.6144200000000001e-03
3.7386786786786788e+00	1.6165299999999999e-03
3.7386886886886890e+00	1.6186300000000000e-03
3.7386986986986988e+00	1.6207299999999999e-03
3.7387087087087090e+00	1.6228300000000000e-03
3.7387187187187187e+00	1.6249299999999999e-03
3.7387287287287290e+00	1.6270200000000001e-03
3.7387387387387387e+00	1.6291100000000000e-03
3.7387487487487490e+00	1.6312000000000000e-03
3.7387587587587587e+00	1.6332800000000000e-03
3.7387687687687690e+00	1.6353699999999999e-03
3.7387787787787792e+00	1.6374499999999999e-03
3.7387887887887890e+00	1.6395299999999999e-03
3.7387987987987992e+00	1.6416000000000000e-03
3.7388088088088089e+00	1.6436700000000001e-03
3.7388188188188192e+00	1.6457399999999999e-03
3.7388288288288289e+00	1.6478100000000000e-03
3.7388388388388392e+00	1.6498800000000001e-03
3.7388488488488489e+00	1.6519400000000000e-03
3.7388588588588592e+00	1.6540000000000001e-03
3.7388688688688689e+00	1.6560600000000000e-03
3.7388788788788792e+00	1.6581100000000000e-03
3.7388888888888889e+00	1.6601599999999999e-03
3.7388988988988991e+00	1.6622099999999999e-03
3.7389089089089089e+00	1.6642600000000001e-03
3.7389189189189191e+00	1.6663100000000001e-03
3.7389289289289289e+00	1.6683500000000001e-03
3.7389389389389391e+00	1.6703899999999999e-03
3.7389489489489494e+00	1.6724299999999999e-03
3.7389589589589591e+00	1.6744700000000000e-03
3.7389689689689694e+00	1.6765000000000000e-03
3.7389789789789791e+00	1.6785299999999999e-03
3.7389889889889893e+00	1.6805600000000000e-03
3.7389989989989991e+00	1.6825900000000001e-03
3.7390090090090093e+00	1.6846100000000000e-03
3.7390190190190191e+00	1.6866299999999999e-03
3.7390290290290293e+00	1.6886500000000001e-03
3.7390390390390391e+00	1.6906700000000000e-03
3.7390490490490493e+00	1.6926800000000000e-03
3.7390590590590591e+00	1.6946999999999999e-03
3.7390690690690693e+00	1.6967099999999999e-03
3.7390790790790791e+00	1.6987100000000000e-03
3.7390890890890893e+00	1.7007200000000000e-03
3.7390990990990991e+00	1.7027200000000000e-03
3.7391091091091093e+00	1.7047300000000000e-03
3.7391191191191191e+00	1.7067199999999999e-03
3.7391291291291293e+00	1.7087199999999999e-03
3.7391391391391395e+00	1.7107200000000000e-03
3.7391491491491493e+00	1.7127100000000001e-03
3.7391591591591595e+00	1.7147000000000000e-03
3.7391691691691693e+00	1.7166900000000001e-03
3.7391791791791795e+00	1.7186800000000000e-03
3.7391891891891893e+00	1.7206599999999999e-03
3.7391991991991995e+00	1.7226399999999999e-03
3.7392092092092093e+00	1.7246200000000001e-03
3.7392192192192195e+00	1.7266000000000000e-03
3.7392292292292293e+00	1.7285700000000000e-03
3.7392392392392395e+00	1.7305500000000000e-03
3.7392492492492493e+00	1.7325200000000000e-03
3.7392592592592595e+00	1.7344900000000000e-03
3.7392692692692693e+00	1.7364600000000000e-03
3.7392792792792795e+00	1.7384200000000001e-03
3.7392892892892893e+00	1.7403900000000001e-03
3.7392992992992995e+00	1.7423499999999999e-03
3.7393093093093097e+00	1.7443100000000000e-03
3.7393193193193195e+00	1.7462599999999999e-03
3.7393293293293297e+00	1.7482200000000000e-03
3.7393393393393395e+00	1.7501699999999999e-03
3.7393493493493497e+00	1.7521200000000000e-03
3.7393593593593595e+00	1.7540699999999999e-03
3.7393693693693697e+00	1.7560200000000001e-03
3.7393793793793795e+00	1.7579600000000000e-03
3.7393893893893897e+00	1.7599099999999999e-03
3.7393993993993995e+00	1.7618499999999999e-03
3.7394094094094097e+00	1.7637900000000001e-03
3.7394194194194195e+00	1.7657300000000001e-03
3.7394294294294297e+00	1.7676600000000001e-03
3.7394394394394395e+00	1.7696000000000001e-03
3.7394494494494497e+00	1.7715299999999999e-03
3.7394594594594595e+00	1.7734599999999999e-03
3.7394694694694697e+00	1.7753900000000000e-03
3.7394794794794799e+00	1.7773100000000000e-03
3.7394894894894897e+00	1.7792400000000001e-03
3.7394994994994999e+00	1.7811599999999999e-03
3.7395095095095097e+00	1.7830800000000000e-03
3.7395195195195199e+00	1.7849999999999999e-03
3.7395295295295297e+00	1.7869100000000001e-03
3.7395395395395399e+00	1.7888299999999999e-03
3.7395495495495497e+00	1.7907400000000001e-03
3.7395595595595599e+00	1.7926500000000000e-03
3.7395695695695697e+00	1.7945599999999999e-03
3.7395795795795799e+00	1.7964700000000001e-03
3.7395895895895896e+00	1.7983800000000000e-03
3.7395995995995999e+00	1.8002800000000000e-03
3.7396096096096096e+00	1.8021800000000000e-03
3.7396196196196199e+00	1.8040800000000000e-03
3.7396296296296296e+00	1.8059800000000000e-03
3.7396396396396399e+00	1.8078800000000000e-03
3.7396496496496501e+00	1.8097700000000000e-03
3.7396596596596599e+00	1.8116700000000000e-03
3.7396696696696701e+00	1.8135600000000001e-03
3.7396796796796798e+00	1.8154499999999999e-03
3.7396896896896901e+00	1.8173400000000000e-03
3.7396996996996998e+00	1.8192200000000001e-03
3.7397097097097101e+00	1.8211099999999999e-03
3.7397197197197198e+00	1.8229900000000000e-03
3.7397297297297301e+00	1.8248699999999999e-03
3.7397397397397398e+00	1.8267500000000000e-03
3.7397497497497501e+00	1.8286299999999999e-03
3.7397597597597598e+00	1.8305100000000000e-03
3.7397697697697700e+00	1.8323800000000000e-03
3.7397797797797798e+00	1.8342499999999999e-03
3.7397897897897900e+00	1.8361199999999999e-03
3.7397997997997998e+00	1.8379900000000001e-03
3.7398098098098100e+00	1.8398600000000000e-03
3.7398198198198198e+00	1.8417300000000000e-03
3.7398298298298300e+00	1.8435900000000000e-03
3.7398398398398403e+00	1.8454599999999999e-03
3.7398498498498500e+00	1.8473200000000000e-03
3.7398598598598602e+00	1.8491800000000000e-03
3.7398698698698700e+00	1.8510300000000000e-03
3.7398798798798802e+00	1.8528900000000000e-03
3.7398898898898900e+00	1.8547500000000001e-03
3.7398998998999002e+00	1.8565999999999999e-03
3.7399099099099100e+00	1.8584500000000000e-03
3.7399199199199202e+00	1.8603000000000001e-03
3.7399299299299300e+00	1.8621499999999999e-03
3.7399399399399402e+00	1.8640000000000000e-03
3.7399499499499500e+00	1.8658399999999999e-03
3.7399599599599602e+00	1.8676800000000000e-03
3.7399699699699700e+00	1.8695300000000001e-03
3.7399799799799802e+00	1.8713700000000000e-03
3.7399899899899900e+00	1.8732099999999999e-03
3.7400000000000002e+00	1.8750399999999999e-03
