3.7300000000000000e+00	8.0580400000000003e-04
3.7300100100100102e+00	8.0810300000000001e-04
3.7300200200200200e+00	8.1040400000000003e-04
3.7300300300300302e+00	8.1271000000000002e-04
3.7300400400400400e+00	8.1501800000000004e-04
3.7300500500500502e+00	8.1733000000000001e-04
3.7300600600600600e+00	8.1964600000000005e-04
3.7300700700700702e+00	8.2196500000000002e-04
3.7300800800800800e+00	8.2428799999999995e-04
3.7300900900900902e+00	8.2661400000000004e-04
3.7301001001001000e+00	8.2894299999999995e-04
3.7301101101101102e+00	8.3127600000000004e-04
3.7301201201201200e+00	8.3361299999999998e-04
3.7301301301301302e+00	8.3595299999999996e-04
3.7301401401401399e+00	8.3829700000000000e-04
3.7301501501501502e+00	8.4064399999999998e-04
3.7301601601601599e+00	8.4299500000000003e-04
3.7301701701701702e+00	8.4535000000000003e-04
3.7301801801801804e+00	8.4770799999999997e-04
3.7301901901901902e+00	8.5006899999999995e-04
3.7302002002002004e+00	8.5243500000000002e-04
3.7302102102102102e+00	8.5480400000000002e-04
3.7302202202202204e+00	8.5717599999999997e-04
3.7302302302302301e+00	8.5955199999999997e-04
3.7302402402402404e+00	8.6193200000000004e-04
3.7302502502502501e+00	8.6431599999999996e-04
3.7302602602602604e+00	8.6670300000000003e-04
3.7302702702702701e+00	8.6909400000000005e-04
3.7302802802802804e+00	8.7148900000000003e-04
3.7302902902902901e+00	8.7388699999999995e-04
3.7303003003003004e+00	8.7628999999999995e-04
3.7303103103103101e+00	8.7869599999999999e-04
3.7303203203203203e+00	8.8110499999999997e-04
3.7303303303303301e+00	8.8351900000000004e-04
3.7303403403403403e+00	8.8593600000000004e-04
3.7303503503503501e+00	8.8835699999999999e-04
3.7303603603603603e+00	8.9078200000000001e-04
3.7303703703703706e+00	8.9321099999999998e-04
3.7303803803803803e+00	8.9564400000000002e-04
3.7303903903903906e+00	8.9808100000000001e-04
3.7304004004004003e+00	9.0052100000000005e-04
3.7304104104104105e+00	9.0296500000000004e-04
3.7304204204204203e+00	9.0541400000000000e-04
3.7304304304304305e+00	9.0786600000000001e-04
3.7304404404404403e+00	9.1032199999999998e-04
3.7304504504504505e+00	9.1278200000000000e-04
3.7304604604604603e+00	9.1524599999999998e-04
3.7304704704704705e+00	9.1771400000000003e-04
3.7304804804804803e+00	9.2018600000000003e-04
3.7304904904904905e+00	9.2266300000000000e-04
3.7305005005005003e+00	9.2514300000000002e-04
3.7305105105105105e+00	9.2762699999999999e-04
3.7305205205205203e+00	9.3011500000000002e-04
3.7305305305305305e+00	9.3260800000000003e-04
3.7305405405405407e+00	9.3510399999999997e-04
3.7305505505505505e+00	9.3760499999999999e-04
3.7305605605605607e+00	9.4010899999999995e-04
3.7305705705705705e+00	9.4261799999999999e-04
3.7305805805805807e+00	9.4513099999999999e-04
3.7305905905905905e+00	9.4764899999999995e-04
3.7306006006006007e+00	9.5016999999999996e-04
3.7306106106106105e+00	9.5269599999999995e-04
3.7306206206206207e+00	9.5522599999999999e-04
3.7306306306306305e+00	9.5775999999999999e-04
3.7306406406406407e+00	9.6029799999999995e-04
3.7306506506506505e+00	9.6284099999999998e-04
3.7306606606606607e+00	9.6538799999999997e-04
3.7306706706706705e+00	9.6794000000000003e-04
3.7306806806806807e+00	9.7049500000000004e-04
3.7306906906906905e+00	9.7305600000000003e-04
3.7307007007007007e+00	9.7561999999999996e-04
3.7307107107107109e+00	9.7818899999999997e-04
3.7307207207207207e+00	9.8076299999999995e-04
3.7307307307307309e+00	9.8334000000000008e-04
3.7307407407407407e+00	9.8592300000000009e-04
3.7307507507507509e+00	9.8850999999999995e-04
3.7307607607607607e+00	9.9110100000000009e-04
3.7307707707707709e+00	9.9369699999999998e-04
3.7307807807807807e+00	9.9629699999999994e-04
3.7307907907907909e+00	9.9890200000000008e-04
3.7308008008008007e+00	1.0015099999999999e-03
3.7308108108108109e+00	1.0041300000000000e-03
3.7308208208208207e+00	1.0067500000000000e-03
3.7308308308308309e+00	1.0093700000000001e-03
3.7308408408408407e+00	1.0120000000000001e-03
3.7308508508508509e+00	1.0146300000000001e-03
3.7308608608608607e+00	1.0172700000000000e-03
3.7308708708708709e+00	1.0199100000000000e-03
3.7308808808808811e+00	1.0225600000000000e-03
3.7308908908908909e+00	1.0252099999999999e-03
3.7309009009009011e+00	1.0278700000000000e-03
3.7309109109109109e+00	1.0305300000000000e-03
3.7309209209209211e+00	1.0331900000000000e-03
3.7309309309309309e+00	1.0358699999999999e-03
3.7309409409409411e+00	1.0385399999999999e-03
3.7309509509509509e+00	1.0412200000000000e-03
3.7309609609609611e+00	1.0439100000000001e-03
3.7309709709709709e+00	1.0466000000000000e-03
3.7309809809809811e+00	1.0493000000000000e-03
3.7309909909909909e+00	1.0520000000000000e-03
3.7310010010010011e+00	1.0547099999999999e-03
3.7310110110110108e+00	1.0574200000000001e-03
3.7310210210210211e+00	1.0601300000000001e-03
3.7310310310310308e+00	1.0628600000000001e-03
3.7310410410410411e+00	1.0655800000000000e-03
3.7310510510510508e+00	1.0683200000000000e-03
3.7310610610610611e+00	1.0710500000000000e-03
3.7310710710710713e+00	1.0738000000000000e-03
3.7310810810810811e+00	1.0765400000000000e-03
3.7310910910910913e+00	1.0793000000000001e-03
3.7311011011011010e+00	1.0820599999999999e-03
3.7311111111111113e+00	1.0848200000000000e-03
3.7311211211211210e+00	1.0875900000000000e-03
3.7311311311311313e+00	1.0903700000000000e-03
3.7311411411411410e+00	1.0931500000000000e-03
3.7311511511511513e+00	1.0959300000000000e-03
3.7311611611611610e+00	1.0987200000000001e-03
3.7311711711711713e+00	1.1015199999999999e-03
3.7311811811811810e+00	1.1043200000000000e-03
3.7311911911911912e+00	1.1071300000000000e-03
3.7312012012012010e+00	1.1099500000000000e-03
3.7312112112112112e+00	1.1127699999999999e-03
3.7312212212212210e+00	1.1155900000000001e-03
3.7312312312312312e+00	1.1184200000000000e-03
3.7312412412412415e+00	1.1212600000000000e-03
3.7312512512512512e+00	1.1241000000000001e-03
3.7312612612612615e+00	1.1269500000000000e-03
3.7312712712712712e+00	1.1298100000000000e-03
3.7312812812812814e+00	1.1326699999999999e-03
3.7312912912912912e+00	1.1355400000000000e-03
3.7313013013013014e+00	1.1384100000000001e-03
3.7313113113113112e+00	1.1412900000000001e-03
3.7313213213213214e+00	1.1441699999999999e-03
3.7313313313313312e+00	1.1470600000000001e-03
3.7313413413413414e+00	1.1499600000000000e-03
3.7313513513513512e+00	1.1528599999999999e-03
3.7313613613613614e+00	1.1557700000000000e-03
3.7313713713713712e+00	1.1586900000000000e-03
3.7313813813813814e+00	1.1616100000000000e-03
3.7313913913913912e+00	1.1645399999999999e-03
3.7314014014014014e+00	1.1674700000000001e-03
3.7314114114114116e+00	1.1704199999999999e-03
3.7314214214214214e+00	1.1733600000000000e-03
3.7314314314314316e+00	1.1763200000000000e-03
3.7314414414414414e+00	1.1792800000000000e-03
3.7314514514514516e+00	1.1822499999999999e-03
3.7314614614614614e+00	1.1852200000000001e-03
3.7314714714714716e+00	1.1881999999999999e-03
3.7314814814814814e+00	1.1911900000000000e-03
3.7314914914914916e+00	1.1941800000000000e-03
3.7315015015015014e+00	1.1971799999999999e-03
3.7315115115115116e+00	1.2001900000000001e-03
3.7315215215215214e+00	1.2032099999999999e-03
3.7315315315315316e+00	1.2062300000000000e-03
3.7315415415415414e+00	1.2092600000000000e-03
3.7315515515515516e+00	1.2122900000000000e-03
3.7315615615615614e+00	1.2153299999999999e-03
3.7315715715715716e+00	1.2183800000000000e-03
3.7315815815815818e+00	1.2214400000000001e-03
3.7315915915915916e+00	1.2245100000000001e-03
3.7316016016016018e+00	1.2275800000000000e-03
3.7316116116116116e+00	1.2306600000000000e-03
3.7316216216216218e+00	1.2337400000000001e-03
3.7316316316316316e+00	1.2368399999999999e-03
3.7316416416416418e+00	1.2399399999999999e-03
3.7316516516516516e+00	1.2430500000000001e-03
3.7316616616616618e+00	1.2461600000000001e-03
3.7316716716716716e+00	1.2492899999999999e-03
3.7316816816816818e+00	1.2524200000000000e-03
3.7316916916916916e+00	1.2555600000000000e-03
3.7317017017017018e+00	1.2587099999999999e-03
3.7317117117117116e+00	1.2618600000000001e-03
3.7317217217217218e+00	1.2650300000000001e-03
3.7317317317317316e+00	1.2681999999999999e-03
3.7317417417417418e+00	1.2713799999999999e-03
3.7317517517517516e+00	1.2745600000000001e-03
3.7317617617617618e+00	1.2777600000000000e-03
3.7317717717717720e+00	1.2809600000000000e-03
3.7317817817817818e+00	1.2841700000000001e-03
3.7317917917917920e+00	1.2873900000000000e-03
3.7318018018018018e+00	1.2906199999999999e-03
3.7318118118118120e+00	1.2938600000000000e-03
3.7318218218218218e+00	1.2971100000000000e-03
3.7318318318318320e+00	1.3003600000000000e-03
3.7318418418418418e+00	1.3036199999999999e-03
3.7318518518518520e+00	1.3068900000000000e-03
3.7318618618618618e+00	1.3101800000000000e-03
3.7318718718718720e+00	1.3134600000000000e-03
3.7318818818818817e+00	1.3167599999999999e-03
3.7318918918918920e+00	1.3200700000000000e-03
3.7319019019019017e+00	1.3233900000000000e-03
3.7319119119119120e+00	1.3267100000000000e-03
3.7319219219219217e+00	1.3300499999999999e-03
3.7319319319319320e+00	1.3333900000000001e-03
3.7319419419419422e+00	1.3367400000000001e-03
3.7319519519519520e+00	1.3401000000000001e-03
3.7319619619619622e+00	1.3434800000000000e-03
3.7319719719719719e+00	1.3468600000000001e-03
3.7319819819819822e+00	1.3502500000000001e-03
3.7319919919919919e+00	1.3536500000000001e-03
3.7320020020020022e+00	1.3570600000000000e-03
3.7320120120120119e+00	1.3604800000000001e-03
3.7320220220220222e+00	1.3639100000000001e-03
3.7320320320320319e+00	1.3673500000000000e-03
3.7320420420420422e+00	1.3707999999999999e-03
3.7320520520520519e+00	1.3742600000000000e-03
3.7320620620620621e+00	1.3777399999999999e-03
3.7320720720720719e+00	1.3812200000000001e-03
3.7320820820820821e+00	1.3847099999999999e-03
3.7320920920920919e+00	1.3882100000000000e-03
3.7321021021021021e+00	1.3917199999999999e-03
3.7321121121121124e+00	1.3952500000000000e-03
3.7321221221221221e+00	1.3987800000000001e-03
3.7321321321321324e+00	1.4023300000000000e-03
3.7321421421421421e+00	1.4058800000000000e-03
3.7321521521521523e+00	1.4094500000000000e-03
3.7321621621621621e+00	1.4130300000000000e-03
3.7321721721721723e+00	1.4166199999999999e-03
3.7321821821821821e+00	1.4202200000000000e-03
3.7321921921921923e+00	1.4238300000000001e-03
3.7322022022022021e+00	1.4274600000000000e-03
3.7322122122122123e+00	1.4311000000000000e-03
3.7322222222222221e+00	1.4347400000000001e-03
3.7322322322322323e+00	1.4384000000000001e-03
3.7322422422422421e+00	1.4420699999999999e-03
3.7322522522522523e+00	1.4457599999999999e-03
3.7322622622622621e+00	1.4494499999999999e-03
3.7322722722722723e+00	1.4531600000000000e-03
3.7322822822822825e+00	1.4568800000000000e-03
3.7322922922922923e+00	1.4606199999999999e-03
3.7323023023023025e+00	1.4643600000000001e-03
3.7323123123123123e+00	1.4681200000000001e-03
3.7323223223223225e+00	1.4718900000000000e-03
3.7323323323323323e+00	1.4756800000000000e-03
3.7323423423423425e+00	1.4794700000000001e-03
3.7323523523523523e+00	1.4832800000000000e-03
3.7323623623623625e+00	1.4871100000000000e-03
3.7323723723723723e+00	1.4909500000000000e-03
3.7323823823823825e+00	1.4947999999999999e-03
3.7323923923923923e+00	1.4986600000000000e-03
3.7324024024024025e+00	1.5025399999999999e-03
3.7324124124124123e+00	1.5064300000000000e-03
3.7324224224224225e+00	1.5103400000000000e-03
3.7324324324324323e+00	1.5142599999999999e-03
3.7324424424424425e+00	1.5181999999999999e-03
3.7324524524524523e+00	1.5221499999999999e-03
3.7324624624624625e+00	1.5261100000000000e-03
3.7324724724724727e+00	1.5300900000000000e-03
3.7324824824824825e+00	1.5340799999999999e-03
3.7324924924924927e+00	1.5380900000000000e-03
3.7325025025025025e+00	1.5421199999999999e-03
3.7325125125125127e+00	1.5461600000000000e-03
3.7325225225225225e+00	1.5502100000000000e-03
3.7325325325325327e+00	1.5542900000000001e-03
3.7325425425425425e+00	1.5583699999999999e-03
3.7325525525525527e+00	1.5624800000000000e-03
3.7325625625625625e+00	1.5666000000000000e-03
3.7325725725725727e+00	1.5707300000000000e-03
3.7325825825825825e+00	1.5748800000000001e-03
3.7325925925925927e+00	1.5790500000000000e-03
3.7326026026026025e+00	1.5832400000000001e-03
3.7326126126126127e+00	1.5874400000000001e-03
3.7326226226226225e+00	1.5916599999999999e-03
3.7326326326326327e+00	1.5958999999999999e-03
3.7326426426426429e+00	1.6001500000000001e-03
3.7326526526526527e+00	1.6044200000000001e-03
3.7326626626626629e+00	1.6087100000000000e-03
3.7326726726726727e+00	1.6130199999999999e-03
3.7326826826826829e+00	1.6173500000000000e-03
3.7326926926926927e+00	1.6216900000000001e-03
3.7327027027027029e+00	1.6260599999999999e-03
3.7327127127127127e+00	1.6304399999999999e-03
3.7327227227227229e+00	1.6348400000000000e-03
3.7327327327327327e+00	1.6392600000000000e-03
3.7327427427427429e+00	1.6436999999999999e-03
3.7327527527527526e+00	1.6481700000000000e-03
3.7327627627627629e+00	1.6526500000000001e-03
3.7327727727727726e+00	1.6571500000000000e-03
3.7327827827827829e+00	1.6616700000000001e-03
3.7327927927927926e+00	1.6662100000000000e-03
3.7328028028028029e+00	1.6707700000000000e-03
3.7328128128128131e+00	1.6753499999999999e-03
3.7328228228228229e+00	1.6799600000000001e-03
3.7328328328328331e+00	1.6845800000000000e-03
3.7328428428428428e+00	1.6892299999999999e-03
3.7328528528528531e+00	1.6938999999999999e-03
3.7328628628628628e+00	1.6985900000000000e-03
3.7328728728728731e+00	1.7033100000000000e-03
3.7328828828828828e+00	1.7080400000000001e-03
3.7328928928928931e+00	1.7128000000000000e-03
3.7329029029029028e+00	1.7175900000000000e-03
3.7329129129129131e+00	1.7223900000000001e-03
3.7329229229229228e+00	1.7272300000000000e-03
3.7329329329329330e+00	1.7320800000000000e-03
3.7329429429429428e+00	1.7369600000000001e-03
3.7329529529529530e+00	1.7418600000000000e-03
3.7329629629629628e+00	1.7467900000000000e-03
3.7329729729729730e+00	1.7517500000000001e-03
3.7329829829829833e+00	1.7567300000000000e-03
3.7329929929929930e+00	1.7617300000000000e-03
3.7330030030030033e+00	1.7667600000000000e-03
3.7330130130130130e+00	1.7718199999999999e-03
3.7330230230230232e+00	1.7769100000000000e-03
3.7330330330330330e+00	1.7820200000000000e-03
3.7330430430430432e+00	1.7871600000000001e-03
3.7330530530530530e+00	1.7923300000000000e-03
3.7330630630630632e+00	1.7975300000000001e-03
3.7330730730730730e+00	1.8027500000000001e-03
3.7330830830830832e+00	1.8079999999999999e-03
3.7330930930930930e+00	1.8132900000000000e-03
3.7331031031031032e+00	1.8186000000000001e-03
3.7331131131131130e+00	1.8239400000000000e-03
3.7331231231231232e+00	1.8293100000000000e-03
3.7331331331331330e+00	1.8347200000000000e-03
3.7331431431431432e+00	1.8401500000000000e-03
3.7331531531531530e+00	1.8456200000000001e-03
3.7331631631631632e+00	1.8511199999999999e-03
3.7331731731731734e+00	1.8566500000000001e-03
3.7331831831831832e+00	1.8622100000000000e-03
3.7331931931931934e+00	1.8678099999999999e-03
3.7332032032032032e+00	1.8734400000000001e-03
3.7332132132132134e+00	1.8791100000000000e-03
3.7332232232232232e+00	1.8848100000000000e-03
3.7332332332332334e+00	1.8905400000000000e-03
3.7332432432432432e+00	1.8963100000000000e-03
3.7332532532532534e+00	1.9021200000000000e-03
3.7332632632632632e+00	1.9079600000000000e-03
3.7332732732732734e+00	1.9138400000000000e-03
3.7332832832832832e+00	1.9197600000000000e-03
3.7332932932932934e+00	1.9257199999999999e-03
3.7333033033033032e+00	1.9317099999999999e-03
3.7333133133133134e+00	1.9377500000000000e-03
3.7333233233233232e+00	1.9438200000000000e-03
3.7333333333333334e+00	1.9499299999999999e-03
3.7333433433433436e+00	1.9560900000000002e-03
3.7333533533533534e+00	1.9622799999999998e-03
3.7333633633633636e+00	1.9685200000000001e-03
3.7333733733733734e+00	1.9748000000000001e-03
3.7333833833833836e+00	1.9811299999999998e-03
3.7333933933933934e+00	1.9875000000000001e-03
3.7334034034034036e+00	1.9939100000000002e-03
3.7334134134134134e+00	2.0003700000000000e-03
3.7334234234234236e+00	2.0068700000000000e-03
3.7334334334334334e+00	2.0134200000000001e-03
3.7334434434434436e+00	2.0200200000000000e-03
3.7334534534534534e+00	2.0266699999999999e-03
3.7334634634634636e+00	2.0333600000000001e-03
3.7334734734734734e+00	2.0401099999999999e-03
3.7334834834834836e+00	2.0468999999999999e-03
3.7334934934934934e+00	2.0537500000000000e-03
3.7335035035035036e+00	2.0606399999999999e-03
3.7335135135135138e+00	2.0675899999999998e-03
3.7335235235235236e+00	2.0745999999999998e-03
3.7335335335335338e+00	2.0816599999999999e-03
3.7335435435435436e+00	2.0887700000000002e-03
3.7335535535535538e+00	2.0959400000000001e-03
3.7335635635635636e+00	2.1031700000000001e-03
3.7335735735735738e+00	2.1104499999999998e-03
3.7335835835835836e+00	2.1177900000000000e-03
3.7335935935935938e+00	2.1251999999999998e-03
3.7336036036036035e+00	2.1326600000000002e-03
3.7336136136136138e+00	2.1401900000000001e-03
3.7336236236236235e+00	2.1477699999999998e-03
3.7336336336336338e+00	2.1554299999999998e-03
3.7336436436436435e+00	2.1631400000000000e-03
3.7336536536536538e+00	2.1709300000000002e-03
3.7336636636636635e+00	2.1787800000000000e-03
3.7336736736736738e+00	2.1867000000000002e-03
3.7336836836836835e+00	2.1946900000000000e-03
3.7336936936936937e+00	2.2027499999999998e-03
3.7337037037037040e+00	2.2108800000000001e-03
3.7337137137137137e+00	2.2190800000000000e-03
3.7337237237237240e+00	2.2273599999999998e-03
3.7337337337337337e+00	2.2357200000000001e-03
3.7337437437437440e+00	2.2441499999999999e-03
3.7337537537537537e+00	2.2526600000000001e-03
3.7337637637637640e+00	2.2612499999999998e-03
3.7337737737737737e+00	2.2699299999999999e-03
3.7337837837837839e+00	2.2786799999999999e-03
3.7337937937937937e+00	2.2875299999999999e-03
3.7338038038038039e+00	2.2964499999999998e-03
3.7338138138138137e+00	2.3054700000000000e-03
3.7338238238238239e+00	2.3145700000000002e-03
3.7338338338338337e+00	2.3237700000000002e-03
3.7338438438438439e+00	2.3330600000000001e-03
3.7338538538538537e+00	2.3424399999999999e-03
3.7338638638638639e+00	2.3519200000000000e-03
3.7338738738738741e+00	2.3614999999999999e-03
3.7338838838838839e+00	2.3711800000000001e-03
3.7338938938938941e+00	2.3809600000000001e-03
3.7339039039039039e+00	2.3908499999999999e-03
3.7339139139139141e+00	2.4008499999999999e-03
3.7339239239239239e+00	2.4109499999999998e-03
3.7339339339339341e+00	2.4211599999999999e-03
3.7339439439439439e+00	2.4314900000000001e-03
3.7339539539539541e+00	2.4419300000000001e-03
3.7339639639639639e+00	2.4524899999999999e-03
3.7339739739739741e+00	2.4631800000000001e-03
3.7339839839839839e+00	2.4739800000000002e-03
3.7339939939939941e+00	2.4849099999999999e-03
3.7340040040040039e+00	2.4959700000000001e-03
3.7340140140140141e+00	2.5071600000000000e-03
3.7340240240240239e+00	2.5184900000000000e-03
3.7340340340340341e+00	2.5299500000000000e-03
3.7340440440440443e+00	2.5415600000000000e-03
3.7340540540540541e+00	2.5533100000000000e-03
3.7340640640640643e+00	2.5652000000000001e-03
3.7340740740740741e+00	2.5772500000000001e-03
3.7340840840840843e+00	2.5894500000000001e-03
3.7340940940940941e+00	2.6018000000000000e-03
3.7341041041041043e+00	2.6143199999999998e-03
3.7341141141141141e+00	2.6270000000000000e-03
3.7341241241241243e+00	2.6398500000000000e-03
3.7341341341341341e+00	2.6528799999999998e-03
3.7341441441441443e+00	2.6660799999999999e-03
3.7341541541541541e+00	2.6794599999999998e-03
3.7341641641641643e+00	2.6930299999999999e-03
3.7341741741741741e+00	2.7067900000000002e-03
3.7341841841841843e+00	2.7207400000000001e-03
3.7341941941941941e+00	2.7349000000000002e-03
3.7342042042042043e+00	2.7492599999999999e-03
3.7342142142142145e+00	2.7638300000000001e-03
3.7342242242242243e+00	2.7786199999999999e-03
3.7342342342342345e+00	2.7936300000000001e-03
3.7342442442442443e+00	2.8088700000000002e-03
3.7342542542542545e+00	2.8243399999999998e-03
3.7342642642642643e+00	2.8400500000000002e-03
3.7342742742742745e+00	2.8560199999999999e-03
3.7342842842842843e+00	2.8722299999999999e-03
3.7342942942942945e+00	2.8887100000000001e-03
3.7343043043043043e+00	2.9054500000000000e-03
3.7343143143143145e+00	2.9224799999999999e-03
3.7343243243243243e+00	2.9397799999999999e-03
3.7343343343343345e+00	2.9573799999999999e-03
3.7343443443443443e+00	2.9752799999999999e-03
3.7343543543543545e+00	2.9935000000000001e-03
3.7343643643643643e+00	3.0120300000000002e-03
3.7343743743743745e+00	3.0308900000000001e-03
3.7343843843843842e+00	3.0500900000000001e-03
3.7343943943943945e+00	3.0696400000000002e-03
3.7344044044044047e+00	3.0895599999999999e-03
3.7344144144144145e+00	3.1098499999999999e-03
3.7344244244244247e+00	3.1305199999999999e-03
3.7344344344344345e+00	3.1515900000000001e-03
3.7344444444444447e+00	3.1730700000000001e-03
3.7344544544544545e+00	3.1949800000000000e-03
3.7344644644644647e+00	3.2173300000000000e-03
3.7344744744744744e+00	3.2401299999999999e-03
3.7344844844844847e+00	3.2634100000000000e-03
3.7344944944944944e+00	3.2871699999999998e-03
3.7345045045045047e+00	3.3114400000000001e-03
3.7345145145145144e+00	3.3362299999999999e-03
3.7345245245245247e+00	3.3615600000000000e-03
3.7345345345345344e+00	3.3874600000000001e-03
3.7345445445445447e+00	3.4139399999999999e-03
3.7345545545545544e+00	3.4410199999999999e-03
3.7345645645645646e+00	3.4687400000000001e-03
3.7345745745745749e+00	3.4971099999999999e-03
3.7345845845845846e+00	3.5261699999999999e-03
3.7345945945945949e+00	3.5559300000000001e-03
3.7346046046046046e+00	3.5864299999999998e-03
3.7346146146146149e+00	3.6177000000000002e-03
3.7346246246246246e+00	3.6497700000000001e-03
3.7346346346346349e+00	3.6826799999999998e-03
3.7346446446446446e+00	3.7164600000000000e-03
3.7346546546546548e+00	3.7511599999999999e-03
3.7346646646646646e+00	3.7868099999999998e-03
3.7346746746746748e+00	3.8234599999999999e-03
3.7346846846846846e+00	3.8611499999999998e-03
3.7346946946946948e+00	3.8999299999999998e-03
3.7347047047047046e+00	3.9398599999999999e-03
3.7347147147147148e+00	3.9810000000000002e-03
3.7347247247247246e+00	4.0233999999999999e-03
3.7347347347347348e+00	4.0671300000000004e-03
3.7347447447447450e+00	4.1122600000000004e-03
3.7347547547547548e+00	4.1588700000000003e-03
3.7347647647647650e+00	4.2070199999999997e-03
3.7347747747747748e+00	4.2568199999999997e-03
3.7347847847847850e+00	4.3083499999999999e-03
3.7347947947947948e+00	4.3616999999999996e-03
3.7348048048048050e+00	4.4169999999999999e-03
3.7348148148148148e+00	4.4743500000000002e-03
3.7348248248248250e+00	4.5338799999999997e-03
3.7348348348348348e+00	4.5957300000000001e-03
3.7348448448448450e+00	4.6600499999999998e-03
3.7348548548548548e+00	4.7269900000000004e-03
3.7348648648648650e+00	4.7967399999999999e-03
3.7348748748748748e+00	4.8694899999999998e-03
3.7348848848848850e+00	4.9454399999999997e-03
3.7348948948948948e+00	5.0248400000000000e-03
3.7349049049049050e+00	5.1079200000000002e-03
3.7349149149149152e+00	5.1949900000000000e-03
3.7349249249249250e+00	5.2863399999999996e-03
3.7349349349349352e+00	5.3823100000000004e-03
3.7349449449449450e+00	5.4833000000000000e-03
3.7349549549549552e+00	5.5897300000000002e-03
3.7349649649649650e+00	5.7020700000000001e-03
3.7349749749749752e+00	5.8208499999999998e-03
3.7349849849849850e+00	5.9466700000000003e-03
3.7349949949949952e+00	6.0802100000000000e-03
3.7350050050050050e+00	6.2222400000000004e-03
3.7350150150150152e+00	6.3736200000000000e-03
3.7350250250250250e+00	6.5353399999999997e-03
3.7350350350350352e+00	6.7085399999999998e-03
3.7350450450450450e+00	6.8945300000000003e-03
3.7350550550550552e+00	7.0948399999999998e-03
3.7350650650650650e+00	7.3112100000000003e-03
3.7350750750750752e+00	7.5457199999999997e-03
3.7350850850850850e+00	7.8008000000000001e-03
3.7350950950950952e+00	8.0793199999999992e-03
3.7351051051051054e+00	8.3847200000000000e-03
3.7351151151151152e+00	8.7211300000000005e-03
3.7351251251251254e+00	9.0935700000000005e-03
3.7351351351351352e+00	9.5081599999999999e-03
3.7351451451451454e+00	9.9724700000000006e-03
3.7351551551551552e+00	1.0496000000000000e-02
3.7351651651651654e+00	1.1090600000000001e-02
3.7351751751751752e+00	1.1771800000000001e-02
3.7351851851851854e+00	1.2559300000000001e-02
3.7351951951951952e+00	1.3479600000000000e-02
3.7352052052052054e+00	1.4568100000000000e-02
3.7352152152152152e+00	1.5873600000000002e-02
3.7352252252252254e+00	1.7465000000000001e-02
3.7352352352352352e+00	1.9441900000000002e-02
3.7352452452452454e+00	2.1953799999999999e-02
3.7352552552552551e+00	2.5233499999999999e-02
3.7352652652652654e+00	2.9660700000000002e-02
3.7352752752752756e+00	3.5890499999999999e-02
3.7352852852852854e+00	4.5134599999999997e-02
3.7352952952952956e+00	5.9833799999999999e-02
3.7353053053053054e+00	8.5446300000000003e-02
3.7353153153153156e+00	1.3564300000000001e-01
3.7353253253253254e+00	2.4514600000000000e-01
3.7353353353353356e+00	4.2426000000000003e-01
3.7353453453453453e+00	3.3214900000000003e-01
3.7353553553553556e+00	1.3732000000000000e-01
3.7353653653653653e+00	5.8344500000000001e-02
3.7353753753753756e+00	2.7931500000000001e-02
3.7353853853853853e+00	1.4546099999999999e-02
3.7353953953953956e+00	7.9513099999999996e-03
3.7354054054054053e+00	4.4351800000000004e-03
3.7354154154154156e+00	2.4617500000000000e-03
3.7354254254254253e+00	1.3225999999999999e-03
3.7354354354354355e+00	6.6181800000000000e-04
3.7354454454454458e+00	2.8802899999999998e-04
3.7354554554554555e+00	9.2634799999999996e-05
3.7354654654654658e+00	1.1248300000000000e-05
3.7354754754754755e+00	4.3169100000000000e-06
3.7354854854854858e+00	4.6829500000000003e-05
3.7354954954954955e+00	1.2259700000000001e-04
3.7355055055055058e+00	2.2094399999999999e-04
3.7355155155155155e+00	3.3473400000000000e-04
3.7355255255255257e+00	4.5915499999999999e-04
3.7355355355355355e+00	5.9094799999999999e-04
3.7355455455455457e+00	7.2791100000000003e-04
3.7355555555555555e+00	8.6857999999999998e-04
3.7355655655655657e+00	1.0120000000000001e-03
3.7355755755755755e+00	1.1575999999999999e-03
3.7355855855855857e+00	1.3050600000000000e-03
3.7355955955955955e+00	1.4542600000000000e-03
3.7356056056056057e+00	1.6052300000000000e-03
3.7356156156156159e+00	1.7581299999999999e-03
3.7356256256256257e+00	1.9131899999999999e-03
3.7356356356356359e+00	2.0707299999999998e-03
3.7356456456456457e+00	2.2311300000000000e-03
3.7356556556556559e+00	2.3948500000000000e-03
3.7356656656656657e+00	2.5623800000000000e-03
3.7356756756756759e+00	2.7342899999999999e-03
3.7356856856856857e+00	2.9112000000000001e-03
3.7356956956956959e+00	3.0938099999999998e-03
3.7357057057057057e+00	3.2828800000000002e-03
3.7357157157157159e+00	3.4792700000000000e-03
3.7357257257257257e+00	3.6839199999999998e-03
3.7357357357357359e+00	3.8978799999999998e-03
3.7357457457457457e+00	4.1223299999999996e-03
3.7357557557557559e+00	4.3585899999999999e-03
3.7357657657657657e+00	4.6081500000000001e-03
3.7357757757757759e+00	4.8726999999999998e-03
3.7357857857857857e+00	5.1541800000000004e-03
3.7357957957957959e+00	5.4547800000000002e-03
3.7358058058058061e+00	5.7770399999999998e-03
3.7358158158158159e+00	6.1238999999999998e-03
3.7358258258258261e+00	6.4987700000000001e-03
3.7358358358358359e+00	6.9056500000000002e-03
3.7358458458458461e+00	7.3492499999999999e-03
3.7358558558558559e+00	7.8351299999999992e-03
3.7358658658658661e+00	8.3699599999999992e-03
3.7358758758758759e+00	8.9617099999999995e-03
3.7358858858858861e+00	9.6200799999999996e-03
3.7358958958958959e+00	1.0356900000000000e-02
3.7359059059059061e+00	1.1186700000000001e-02
3.7359159159159159e+00	1.2127499999999999e-02
3.7359259259259261e+00	1.3202300000000000e-02
3.7359359359359359e+00	1.4439799999999999e-02
3.7359459459459461e+00	1.5877400000000000e-02
3.7359559559559559e+00	1.7563599999999999e-02
3.7359659659659661e+00	1.9562900000000001e-02
3.7359759759759763e+00	2.1962099999999998e-02
3.7359859859859861e+00	2.4880300000000001e-02
3.7359959959959963e+00	2.8484499999999999e-02
3.7360060060060061e+00	3.3014000000000002e-02
3.7360160160160163e+00	3.8821300000000003e-02
3.7360260260260261e+00	4.6440299999999997e-02
3.7360360360360363e+00	5.6705699999999998e-02
3.7360460460460461e+00	7.0966899999999999e-02
3.7360560560560563e+00	9.1476299999999997e-02
3.7360660660660661e+00	1.2207500000000000e-01
3.7360760760760763e+00	1.6919699999999999e-01
3.7360860860860861e+00	2.4198700000000001e-01
3.7360960960960963e+00	3.4372700000000000e-01
3.7361061061061061e+00	4.3501699999999999e-01
3.7361161161161163e+00	4.2252899999999999e-01
3.7361261261261260e+00	3.1368800000000002e-01
3.7361361361361363e+00	2.0630200000000001e-01
3.7361461461461465e+00	1.3438200000000000e-01
3.7361561561561563e+00	9.0247499999999994e-02
3.7361661661661665e+00	6.2931899999999999e-02
3.7361761761761763e+00	4.5426500000000002e-02
3.7361861861861865e+00	3.3766800000000000e-02
3.7361961961961963e+00	2.5718499999999998e-02
3.7362062062062065e+00	1.9986899999999998e-02
3.7362162162162162e+00	1.5793999999999999e-02
3.7362262262262265e+00	1.2655300000000000e-02
3.7362362362362362e+00	1.0258900000000000e-02
3.7362462462462465e+00	8.3978000000000004e-03
3.7362562562562562e+00	6.9310099999999996e-03
3.7362662662662665e+00	5.7600699999999999e-03
3.7362762762762762e+00	4.8147700000000003e-03
3.7362862862862865e+00	4.0441200000000000e-03
3.7362962962962962e+00	3.4103900000000001e-03
3.7363063063063064e+00	2.8852999999999999e-03
3.7363163163163167e+00	2.4472999999999999e-03
3.7363263263263264e+00	2.0797900000000002e-03
3.7363363363363367e+00	1.7698300000000000e-03
3.7363463463463464e+00	1.5072300000000000e-03
3.7363563563563567e+00	1.2838800000000000e-03
3.7363663663663664e+00	1.0932699999999999e-03
3.7363763763763767e+00	9.3015399999999999e-04
3.7363863863863864e+00	7.9022999999999995e-04
3.7363963963963966e+00	6.6998600000000002e-04
3.7364064064064064e+00	5.6651499999999997e-04
3.7364164164164166e+00	4.7740300000000000e-04
3.7364264264264264e+00	4.0063400000000003e-04
3.7364364364364366e+00	3.3451500000000002e-04
3.7364464464464464e+00	2.7761399999999997e-04
3.7364564564564566e+00	2.2872100000000001e-04
3.7364664664664664e+00	1.8680300000000001e-04
3.7364764764764766e+00	1.5097799999999999e-04
3.7364864864864864e+00	1.2048999999999999e-04
3.7364964964964966e+00	9.4684899999999999e-05
3.7365065065065068e+00	7.3000699999999994e-05
3.7365165165165166e+00	5.4948499999999997e-05
3.7365265265265268e+00	4.0103600000000000e-05
3.7365365365365366e+00	2.8095599999999999e-05
3.7365465465465468e+00	1.8600900000000000e-05
3.7365565565565566e+00	1.1335500000000000e-05
3.7365665665665668e+00	6.0500100000000004e-06
3.7365765765765766e+00	2.5248899999999999e-06
3.7365865865865868e+00	5.6625699999999996e-07
3.7365965965965966e+00	2.6895600000000000e-09
3.7366066066066068e+00	6.8227899999999996e-07
3.7366166166166166e+00	2.4701800000000000e-06
3.7366266266266268e+00	5.2464600000000002e-06
3.7366366366366366e+00	8.9043099999999995e-06
3.7366466466466468e+00	1.3348400000000001e-05
3.7366566566566566e+00	1.8493699999999999e-05
3.7366666666666668e+00	2.4263900000000000e-05
3.7366766766766770e+00	3.0590699999999998e-05
3.7366866866866868e+00	3.7413100000000003e-05
3.7366966966966970e+00	4.4675999999999997e-05
3.7367067067067068e+00	5.2330000000000002e-05
3.7367167167167170e+00	6.0330600000000001e-05
3.7367267267267268e+00	6.8637699999999995e-05
3.7367367367367370e+00	7.7215399999999999e-05
3.7367467467467468e+00	8.6030800000000003e-05
3.7367567567567570e+00	9.5054699999999996e-05
3.7367667667667668e+00	1.0425999999999999e-04
3.7367767767767770e+00	1.1362399999999999e-04
3.7367867867867868e+00	1.2312400000000001e-04
3.7367967967967970e+00	1.3274000000000001e-04
3.7368068068068068e+00	1.4245400000000000e-04
3.7368168168168170e+00	1.5225100000000000e-04
3.7368268268268268e+00	1.6211599999999999e-04
3.7368368368368370e+00	1.7203600000000000e-04
3.7368468468468472e+00	1.8199800000000000e-04
3.7368568568568570e+00	1.9199100000000000e-04
3.7368668668668672e+00	2.0200700000000001e-04
3.7368768768768770e+00	2.1203600000000000e-04
3.7368868868868872e+00	2.2206900000000000e-04
3.7368968968968970e+00	2.3210000000000000e-04
3.7369069069069072e+00	2.4212200000000000e-04
3.7369169169169170e+00	2.5212800000000001e-04
3.7369269269269272e+00	2.6211499999999999e-04
3.7369369369369370e+00	2.7207600000000000e-04
3.7369469469469472e+00	2.8200700000000003e-04
3.7369569569569570e+00	2.9190400000000000e-04
3.7369669669669672e+00	3.0176399999999999e-04
3.7369769769769769e+00	3.1158400000000000e-04
3.7369869869869872e+00	3.2136000000000003e-04
3.7369969969969969e+00	3.3108999999999998e-04
3.7370070070070072e+00	3.4077199999999998e-04
3.7370170170170169e+00	3.5040400000000001e-04
3.7370270270270272e+00	3.5998399999999999e-04
3.7370370370370374e+00	3.6950999999999998e-04
3.7370470470470472e+00	3.7898100000000002e-04
3.7370570570570574e+00	3.8839499999999998e-04
3.7370670670670671e+00	3.9775200000000002e-04
3.7370770770770774e+00	4.0705100000000002e-04
3.7370870870870871e+00	4.1629100000000000e-04
3.7370970970970974e+00	4.2547100000000002e-04
3.7371071071071071e+00	4.3459100000000001e-04
3.7371171171171174e+00	4.4365099999999998e-04
3.7371271271271271e+00	4.5264900000000001e-04
3.7371371371371374e+00	4.6158600000000000e-04
3.7371471471471471e+00	4.7046200000000000e-04
3.7371571571571574e+00	4.7927600000000000e-04
3.7371671671671671e+00	4.8802900000000001e-04
3.7371771771771773e+00	4.9671999999999997e-04
3.7371871871871871e+00	5.0535000000000000e-04
3.7371971971971973e+00	5.1391900000000005e-04
3.7372072072072076e+00	5.2242599999999999e-04
3.7372172172172173e+00	5.3087299999999996e-04
3.7372272272272276e+00	5.3925900000000005e-04
3.7372372372372373e+00	5.4758499999999996e-04
3.7372472472472476e+00	5.5584999999999999e-04
3.7372572572572573e+00	5.6405699999999997e-04
3.7372672672672675e+00	5.7220399999999999e-04
3.7372772772772773e+00	5.8029200000000005e-04
3.7372872872872875e+00	5.8832100000000005e-04
3.7372972972972973e+00	5.9629300000000002e-04
3.7373073073073075e+00	6.0420700000000005e-04
3.7373173173173173e+00	6.1206400000000005e-04
3.7373273273273275e+00	6.1986400000000003e-04
3.7373373373373373e+00	6.2760900000000000e-04
3.7373473473473475e+00	6.3529700000000005e-04
3.7373573573573573e+00	6.4293100000000001e-04
3.7373673673673675e+00	6.5050999999999998e-04
3.7373773773773777e+00	6.5803499999999996e-04
3.7373873873873875e+00	6.6550699999999997e-04
3.7373973973973977e+00	6.7292500000000000e-04
3.7374074074074075e+00	6.8029099999999997e-04
3.7374174174174177e+00	6.8760499999999999e-04
3.7374274274274275e+00	6.9486799999999996e-04
3.7374374374374377e+00	7.0208000000000000e-04
3.7374474474474475e+00	7.0924200000000001e-04
3.7374574574574577e+00	7.1635299999999998e-04
3.7374674674674675e+00	7.2341599999999995e-04
3.7374774774774777e+00	7.3043000000000001e-04
3.7374874874874875e+00	7.3739599999999997e-04
3.7374974974974977e+00	7.4431400000000004e-04
3.7375075075075075e+00	7.5118500000000003e-04
3.7375175175175177e+00	7.5800900000000003e-04
3.7375275275275275e+00	7.6478799999999997e-04
3.7375375375375377e+00	7.7152000000000004e-04
3.7375475475475479e+00	7.7820799999999996e-04
3.7375575575575577e+00	7.8485100000000004e-04
3.7375675675675679e+00	7.9145099999999998e-04
3.7375775775775777e+00	7.9800599999999998e-04
3.7375875875875879e+00	8.0451899999999996e-04
3.7375975975975977e+00	8.1098900000000002e-04
3.7376076076076079e+00	8.1741799999999999e-04
3.7376176176176177e+00	8.2380400000000003e-04
3.7376276276276279e+00	8.3014999999999999e-04
3.7376376376376377e+00	8.3645499999999995e-04
3.7376476476476479e+00	8.4272000000000004e-04
3.7376576576576577e+00	8.4894500000000004e-04
3.7376676676676679e+00	8.5513099999999997e-04
3.7376776776776777e+00	8.6127899999999995e-04
3.7376876876876879e+00	8.6738799999999997e-04
3.7376976976976977e+00	8.7345900000000004e-04
3.7377077077077079e+00	8.7949299999999996e-04
3.7377177177177177e+00	8.8548999999999995e-04
3.7377277277277279e+00	8.9145000000000001e-04
3.7377377377377381e+00	8.9737499999999995e-04
3.7377477477477479e+00	9.0326299999999996e-04
3.7377577577577581e+00	9.0911699999999998e-04
3.7377677677677679e+00	9.1493499999999997e-04
3.7377777777777781e+00	9.2071899999999996e-04
3.7377877877877879e+00	9.2646899999999997e-04
3.7377977977977981e+00	9.3218600000000000e-04
3.7378078078078079e+00	9.3786900000000003e-04
3.7378178178178181e+00	9.4351899999999998e-04
3.7378278278278279e+00	9.4913599999999995e-04
3.7378378378378381e+00	9.5472199999999997e-04
3.7378478478478478e+00	9.6027600000000003e-04
3.7378578578578581e+00	9.6579800000000003e-04
3.7378678678678678e+00	9.7128899999999996e-04
3.7378778778778781e+00	9.7674999999999997e-04
3.7378878878878878e+00	9.8218000000000003e-04
3.7378978978978981e+00	9.8758000000000006e-04
3.7379079079079083e+00	9.9295000000000004e-04
3.7379179179179181e+00	9.9829200000000002e-04
3.7379279279279283e+00	1.0036000000000001e-03
3.7379379379379380e+00	1.0088899999999999e-03
3.7379479479479483e+00	1.0141400000000000e-03
3.7379579579579580e+00	1.0193699999999999e-03
3.7379679679679683e+00	1.0245700000000000e-03
3.7379779779779780e+00	1.0297399999999999e-03
3.7379879879879883e+00	1.0348899999999999e-03
3.7379979979979980e+00	1.0399999999999999e-03
3.7380080080080083e+00	1.0451000000000000e-03
3.7380180180180180e+00	1.0501600000000001e-03
3.7380280280280282e+00	1.0552000000000001e-03
3.7380380380380380e+00	1.0602100000000000e-03
3.7380480480480482e+00	1.0652000000000001e-03
3.7380580580580580e+00	1.0701700000000001e-03
3.7380680680680682e+00	1.0751000000000001e-03
3.7380780780780785e+00	1.0800199999999999e-03
3.7380880880880882e+00	1.0849099999999999e-03
3.7380980980980985e+00	1.0897700000000001e-03
3.7381081081081082e+00	1.0946199999999999e-03
3.7381181181181184e+00	1.0994399999999999e-03
3.7381281281281282e+00	1.1042300000000001e-03
3.7381381381381384e+00	1.1090000000000000e-03
3.7381481481481482e+00	1.1137499999999999e-03
3.7381581581581584e+00	1.1184800000000000e-03
3.7381681681681682e+00	1.1231800000000001e-03
3.7381781781781784e+00	1.1278700000000000e-03
3.7381881881881882e+00	1.1325300000000001e-03
3.7381981981981984e+00	1.1371700000000001e-03
3.7382082082082082e+00	1.1417899999999999e-03
3.7382182182182184e+00	1.1463800000000000e-03
3.7382282282282282e+00	1.1509599999999999e-03
3.7382382382382384e+00	1.1555100000000000e-03
3.7382482482482486e+00	1.1600499999999999e-03
3.7382582582582584e+00	1.1645600000000000e-03
3.7382682682682686e+00	1.1690600000000000e-03
3.7382782782782784e+00	1.1735300000000001e-03
3.7382882882882886e+00	1.1779900000000001e-03
3.7382982982982984e+00	1.1824299999999999e-03
3.7383083083083086e+00	1.1868400000000000e-03
3.7383183183183184e+00	1.1912400000000001e-03
3.7383283283283286e+00	1.1956200000000001e-03
3.7383383383383384e+00	1.1999800000000000e-03
3.7383483483483486e+00	1.2043200000000000e-03
3.7383583583583584e+00	1.2086400000000000e-03
3.7383683683683686e+00	1.2129500000000000e-03
3.7383783783783784e+00	1.2172400000000001e-03
3.7383883883883886e+00	1.2215100000000001e-03
3.7383983983983984e+00	1.2257600000000000e-03
3.7384084084084086e+00	1.2299900000000000e-03
3.7384184184184184e+00	1.2342099999999999e-03
3.7384284284284286e+00	1.2384099999999999e-03
3.7384384384384388e+00	1.2425900000000000e-03
3.7384484484484486e+00	1.2467600000000000e-03
3.7384584584584588e+00	1.2509100000000000e-03
3.7384684684684686e+00	1.2550400000000000e-03
3.7384784784784788e+00	1.2591600000000001e-03
3.7384884884884886e+00	1.2632600000000000e-03
3.7384984984984988e+00	1.2673500000000000e-03
3.7385085085085086e+00	1.2714200000000001e-03
3.7385185185185188e+00	1.2754699999999999e-03
3.7385285285285286e+00	1.2795100000000000e-03
3.7385385385385388e+00	1.2835399999999999e-03
3.7385485485485486e+00	1.2875400000000000e-03
3.7385585585585588e+00	1.2915400000000001e-03
3.7385685685685686e+00	1.2955200000000001e-03
3.7385785785785788e+00	1.2994800000000000e-03
3.7385885885885886e+00	1.3034300000000000e-03
3.7385985985985988e+00	1.3073600000000000e-03
3.7386086086086090e+00	1.3112800000000000e-03
3.7386186186186188e+00	1.3151899999999999e-03
3.7386286286286290e+00	1.3190800000000000e-03
3.7386386386386388e+00	1.3229600000000000e-03
3.7386486486486490e+00	1.3268200000000000e-03
3.7386586586586588e+00	1.3306699999999999e-03
3.7386686686686690e+00	1.3345099999999999e-03
3.7386786786786788e+00	1.3383300000000000e-03
3.7386886886886890e+00	1.3421399999999999e-03
3.7386986986986988e+00	1.3459399999999999e-03
3.7387087087087090e+00	1.3497299999999999e-03
3.7387187187187187e+00	1.3535000000000001e-03
3.7387287287287290e+00	1.3572499999999999e-03
3.7387387387387387e+00	1.3610000000000000e-03
3.7387487487487490e+00	1.3647300000000000e-03
3.7387587587587587e+00	1.3684500000000000e-03
3.7387687687687690e+00	1.3721600000000001e-03
3.7387787787787792e+00	1.3758600000000000e-03
3.7387887887887890e+00	1.3795400000000001e-03
3.7387987987987992e+00	1.3832100000000000e-03
3.7388088088088089e+00	1.3868699999999999e-03
3.7388188188188192e+00	1.3905199999999999e-03
3.7388288288288289e+00	1.3941500000000000e-03
3.7388388388388392e+00	1.3977799999999999e-03
3.7388488488488489e+00	1.4013900000000000e-03
3.7388588588588592e+00	1.4049900000000001e-03
3.7388688688688689e+00	1.4085800000000000e-03
3.7388788788788792e+00	1.4121600000000000e-03
3.7388888888888889e+00	1.4157300000000000e-03
3.7388988988988991e+00	1.4192800000000000e-03
3.7389089089089089e+00	1.4228299999999999e-03
3.7389189189189191e+00	1.4263600000000000e-03
3.7389289289289289e+00	1.4298799999999999e-03
3.7389389389389391e+00	1.4334000000000000e-03
3.7389489489489494e+00	1.4369000000000001e-03
3.7389589589589591e+00	1.4403899999999999e-03
3.7389689689689694e+00	1.4438700000000001e-03
3.7389789789789791e+00	1.4473400000000001e-03
3.7389889889889893e+00	1.4507999999999999e-03
3.7389989989989991e+00	1.4542600000000000e-03
3.7390090090090093e+00	1.4576999999999999e-03
3.7390190190190191e+00	1.4611299999999999e-03
3.7390290290290293e+00	1.4645500000000000e-03
3.7390390390390391e+00	1.4679599999999999e-03
3.7390490490490493e+00	1.4713599999999999e-03
3.7390590590590591e+00	1.4747499999999999e-03
3.7390690690690693e+00	1.4781300000000000e-03
3.7390790790790791e+00	1.4815000000000000e-03
3.7390890890890893e+00	1.4848600000000000e-03
3.7390990990990991e+00	1.4882200000000000e-03
3.7391091091091093e+00	1.4915600000000001e-03
3.7391191191191191e+00	1.4949000000000000e-03
3.7391291291291293e+00	1.4982200000000000e-03
3.7391391391391395e+00	1.5015400000000000e-03
3.7391491491491493e+00	1.5048500000000001e-03
3.7391591591591595e+00	1.5081400000000000e-03
3.7391691691691693e+00	1.5114300000000000e-03
3.7391791791791795e+00	1.5147100000000001e-03
3.7391891891891893e+00	1.5179900000000001e-03
3.7391991991991995e+00	1.5212500000000000e-03
3.7392092092092093e+00	1.5245000000000000e-03
3.7392192192192195e+00	1.5277500000000000e-03
3.7392292292292293e+00	1.5309900000000001e-03
3.7392392392392395e+00	1.5342200000000000e-03
3.7392492492492493e+00	1.5374399999999999e-03
3.7392592592592595e+00	1.5406500000000000e-03
3.7392692692692693e+00	1.5438600000000000e-03
3.7392792792792795e+00	1.5470499999999999e-03
3.7392892892892893e+00	1.5502400000000000e-03
3.7392992992992995e+00	1.5534200000000000e-03
3.7393093093093097e+00	1.5565900000000001e-03
3.7393193193193195e+00	1.5597600000000001e-03
3.7393293293293297e+00	1.5629100000000000e-03
3.7393393393393395e+00	1.5660600000000000e-03
3.7393493493493497e+00	1.5692000000000000e-03
3.7393593593593595e+00	1.5723400000000000e-03
3.7393693693693697e+00	1.5754600000000001e-03
3.7393793793793795e+00	1.5785800000000000e-03
3.7393893893893897e+00	1.5816900000000000e-03
3.7393993993993995e+00	1.5847999999999999e-03
3.7394094094094097e+00	1.5878900000000000e-03
3.7394194194194195e+00	1.5909800000000001e-03
3.7394294294294297e+00	1.5940600000000000e-03
3.7394394394394395e+00	1.5971399999999999e-03
3.7394494494494497e+00	1.6002000000000000e-03
3.7394594594594595e+00	1.6032600000000000e-03
3.7394694694694697e+00	1.6063099999999999e-03
3.7394794794794799e+00	1.6093600000000000e-03
3.7394894894894897e+00	1.6123999999999999e-03
3.7394994994994999e+00	1.6154299999999999e-03
3.7395095095095097e+00	1.6184600000000000e-03
3.7395195195195199e+00	1.6214700000000001e-03
3.7395295295295297e+00	1.6244800000000000e-03
3.7395395395395399e+00	1.6274900000000001e-03
3.7395495495495497e+00	1.6304900000000001e-03
3.7395595595595599e+00	1.6334800000000001e-03
3.7395695695695697e+00	1.6364600000000000e-03
3.7395795795795799e+00	1.6394400000000000e-03
3.7395895895895896e+00	1.6424100000000000e-03
3.7395995995995999e+00	1.6453800000000001e-03
3.7396096096096096e+00	1.6483400000000001e-03
3.7396196196196199e+00	1.6512899999999999e-03
3.7396296296296296e+00	1.6542300000000000e-03
3.7396396396396399e+00	1.6571699999999999e-03
3.7396496496496501e+00	1.6601100000000000e-03
3.7396596596596599e+00	1.6630300000000000e-03
3.7396696696696701e+00	1.6659500000000000e-03
3.7396796796796798e+00	1.6688700000000000e-03
3.7396896896896901e+00	1.6717800000000001e-03
3.7396996996996998e+00	1.6746800000000000e-03
3.7397097097097101e+00	1.6775799999999999e-03
3.7397197197197198e+00	1.6804700000000001e-03
3.7397297297297301e+00	1.6833499999999999e-03
3.7397397397397398e+00	1.6862299999999999e-03
3.7397497497497501e+00	1.6891100000000000e-03
3.7397597597597598e+00	1.6919700000000001e-03
3.7397697697697700e+00	1.6948400000000000e-03
3.7397797797797798e+00	1.6976900000000000e-03
3.7397897897897900e+00	1.7005400000000000e-03
3.7397997997997998e+00	1.7033899999999999e-03
3.7398098098098100e+00	1.7062300000000000e-03
3.7398198198198198e+00	1.7090600000000001e-03
3.7398298298298300e+00	1.7118900000000000e-03
3.7398398398398403e+00	1.7147099999999999e-03
3.7398498498498500e+00	1.7175300000000001e-03
3.7398598598598602e+00	1.7203400000000001e-03
3.7398698698698700e+00	1.7231400000000000e-03
3.7398798798798802e+00	1.7259500000000000e-03
3.7398898898898900e+00	1.7287400000000001e-03
3.7398998998999002e+00	1.7315300000000000e-03
3.7399099099099100e+00	1.7343199999999999e-03
3.7399199199199202e+00	1.7371000000000001e-03
3.7399299299299300e+00	1.7398699999999999e-03
3.7399399399399402e+00	1.7426399999999999e-03
3.7399499499499500e+00	1.7454000000000000e-03
3.7399599599599602e+00	1.7481599999999999e-03
3.7399699699699700e+00	1.7509200000000000e-03
3.7399799799799802e+00	1.7536699999999999e-03
3.7399899899899900e+00	1.7564099999999999e-03
3.7400000000000002e+00	1.7591499999999999e-03
