3.7300000000000000e+00	8.0936199999999999e-04
3.7300100100100102e+00	8.1166400000000003e-04
3.7300200200200200e+00	8.1397100000000003e-04
3.7300300300300302e+00	8.1628099999999997e-04
3.7300400400400400e+00	8.1859399999999996e-04
3.7300500500500502e+00	8.2091100000000001e-04
3.7300600600600600e+00	8.2323100000000001e-04
3.7300700700700702e+00	8.2555499999999995e-04
3.7300800800800800e+00	8.2788299999999996e-04
3.7300900900900902e+00	8.3021300000000000e-04
3.7301001001001000e+00	8.3254800000000001e-04
3.7301101101101102e+00	8.3488599999999996e-04
3.7301201201201200e+00	8.3722799999999997e-04
3.7301301301301302e+00	8.3957300000000003e-04
3.7301401401401399e+00	8.4192200000000005e-04
3.7301501501501502e+00	8.4427400000000000e-04
3.7301601601601599e+00	8.4663000000000002e-04
3.7301701701701702e+00	8.4898999999999999e-04
3.7301801801801804e+00	8.5135300000000001e-04
3.7301901901901902e+00	8.5371999999999998e-04
3.7302002002002004e+00	8.5609100000000001e-04
3.7302102102102102e+00	8.5846600000000000e-04
3.7302202202202204e+00	8.6084400000000004e-04
3.7302302302302301e+00	8.6322500000000002e-04
3.7302402402402404e+00	8.6561099999999996e-04
3.7302502502502501e+00	8.6799999999999996e-04
3.7302602602602604e+00	8.7039300000000001e-04
3.7302702702702701e+00	8.7279000000000002e-04
3.7302802802802804e+00	8.7519099999999999e-04
3.7302902902902901e+00	8.7759500000000000e-04
3.7303003003003004e+00	8.8000299999999997e-04
3.7303103103103101e+00	8.8241500000000000e-04
3.7303203203203203e+00	8.8483099999999999e-04
3.7303303303303301e+00	8.8725100000000003e-04
3.7303403403403403e+00	8.8967400000000002e-04
3.7303503503503501e+00	8.9210099999999996e-04
3.7303603603603603e+00	8.9453299999999998e-04
3.7303703703703706e+00	8.9696800000000005e-04
3.7303803803803803e+00	8.9940699999999996e-04
3.7303903903903906e+00	9.0185000000000005e-04
3.7304004004004003e+00	9.0429699999999998e-04
3.7304104104104105e+00	9.0674799999999997e-04
3.7304204204204203e+00	9.0920300000000003e-04
3.7304304304304305e+00	9.1166200000000004e-04
3.7304404404404403e+00	9.1412500000000001e-04
3.7304504504504505e+00	9.1659200000000004e-04
3.7304604604604603e+00	9.1906300000000002e-04
3.7304704704704705e+00	9.2153799999999996e-04
3.7304804804804803e+00	9.2401699999999996e-04
3.7304904904904905e+00	9.2650100000000004e-04
3.7305005005005003e+00	9.2898799999999995e-04
3.7305105105105105e+00	9.3148000000000005e-04
3.7305205205205203e+00	9.3397499999999997e-04
3.7305305305305305e+00	9.3647499999999998e-04
3.7305405405405407e+00	9.3897900000000005e-04
3.7305505505505505e+00	9.4148699999999997e-04
3.7305605605605607e+00	9.4399999999999996e-04
3.7305705705705705e+00	9.4651600000000000e-04
3.7305805805805807e+00	9.4903700000000001e-04
3.7305905905905905e+00	9.5156300000000000e-04
3.7306006006006007e+00	9.5409200000000003e-04
3.7306106106106105e+00	9.5662600000000003e-04
3.7306206206206207e+00	9.5916399999999998e-04
3.7306306306306305e+00	9.6170600000000000e-04
3.7306406406406407e+00	9.6425299999999999e-04
3.7306506506506505e+00	9.6680400000000004e-04
3.7306606606606607e+00	9.6935999999999995e-04
3.7306706706706705e+00	9.7192000000000003e-04
3.7306806806806807e+00	9.7448499999999998e-04
3.7306906906906905e+00	9.7705399999999999e-04
3.7307007007007007e+00	9.7962700000000006e-04
3.7307107107107109e+00	9.8220500000000010e-04
3.7307207207207207e+00	9.8478799999999990e-04
3.7307307307307309e+00	9.8737499999999997e-04
3.7307407407407407e+00	9.8996599999999989e-04
3.7307507507507509e+00	9.9256299999999991e-04
3.7307607607607607e+00	9.9516300000000008e-04
3.7307707707707709e+00	9.9776899999999991e-04
3.7307807807807807e+00	1.0003799999999999e-03
3.7307907907907909e+00	1.0029900000000000e-03
3.7308008008008007e+00	1.0056100000000001e-03
3.7308108108108109e+00	1.0082400000000001e-03
3.7308208208208207e+00	1.0108700000000001e-03
3.7308308308308309e+00	1.0135000000000001e-03
3.7308408408408407e+00	1.0161400000000000e-03
3.7308508508508509e+00	1.0187799999999999e-03
3.7308608608608607e+00	1.0214300000000000e-03
3.7308708708708709e+00	1.0240799999999999e-03
3.7308808808808811e+00	1.0267399999999999e-03
3.7308908908908909e+00	1.0294000000000000e-03
3.7309009009009011e+00	1.0320699999999999e-03
3.7309109109109109e+00	1.0347500000000001e-03
3.7309209209209211e+00	1.0374200000000001e-03
3.7309309309309309e+00	1.0401099999999999e-03
3.7309409409409411e+00	1.0427900000000000e-03
3.7309509509509509e+00	1.0454900000000000e-03
3.7309609609609611e+00	1.0481900000000001e-03
3.7309709709709709e+00	1.0508900000000001e-03
3.7309809809809811e+00	1.0536000000000000e-03
3.7309909909909909e+00	1.0563100000000000e-03
3.7310010010010011e+00	1.0590300000000001e-03
3.7310110110110108e+00	1.0617500000000000e-03
3.7310210210210211e+00	1.0644800000000000e-03
3.7310310310310308e+00	1.0672200000000000e-03
3.7310410410410411e+00	1.0699600000000000e-03
3.7310510510510508e+00	1.0727000000000000e-03
3.7310610610610611e+00	1.0754499999999999e-03
3.7310710710710713e+00	1.0782100000000000e-03
3.7310810810810811e+00	1.0809700000000001e-03
3.7310910910910913e+00	1.0837399999999999e-03
3.7311011011011010e+00	1.0865099999999999e-03
3.7311111111111113e+00	1.0892899999999999e-03
3.7311211211211210e+00	1.0920700000000001e-03
3.7311311311311313e+00	1.0948600000000000e-03
3.7311411411411410e+00	1.0976600000000001e-03
3.7311511511511513e+00	1.1004599999999999e-03
3.7311611611611610e+00	1.1032600000000000e-03
3.7311711711711713e+00	1.1060800000000000e-03
3.7311811811811810e+00	1.1088900000000000e-03
3.7311911911911912e+00	1.1117200000000001e-03
3.7312012012012010e+00	1.1145500000000000e-03
3.7312112112112112e+00	1.1173800000000001e-03
3.7312212212212210e+00	1.1202199999999999e-03
3.7312312312312312e+00	1.1230700000000001e-03
3.7312412412412415e+00	1.1259200000000001e-03
3.7312512512512512e+00	1.1287800000000000e-03
3.7312612612612615e+00	1.1316500000000001e-03
3.7312712712712712e+00	1.1345200000000000e-03
3.7312812812812814e+00	1.1374000000000000e-03
3.7312912912912912e+00	1.1402800000000000e-03
3.7313013013013014e+00	1.1431700000000000e-03
3.7313113113113112e+00	1.1460699999999999e-03
3.7313213213213214e+00	1.1489700000000000e-03
3.7313313313313312e+00	1.1518800000000001e-03
3.7313413413413414e+00	1.1547899999999999e-03
3.7313513513513512e+00	1.1577099999999999e-03
3.7313613613613614e+00	1.1606399999999999e-03
3.7313713713713712e+00	1.1635800000000000e-03
3.7313813813813814e+00	1.1665200000000001e-03
3.7313913913913912e+00	1.1694699999999999e-03
3.7314014014014014e+00	1.1724200000000000e-03
3.7314114114114116e+00	1.1753800000000000e-03
3.7314214214214214e+00	1.1783500000000001e-03
3.7314314314314316e+00	1.1813200000000000e-03
3.7314414414414414e+00	1.1842999999999999e-03
3.7314514514514516e+00	1.1872899999999999e-03
3.7314614614614614e+00	1.1902799999999999e-03
3.7314714714714716e+00	1.1932900000000001e-03
3.7314814814814814e+00	1.1962900000000000e-03
3.7314914914914916e+00	1.1993100000000001e-03
3.7315015015015014e+00	1.2023299999999999e-03
3.7315115115115116e+00	1.2053599999999999e-03
3.7315215215215214e+00	1.2084000000000001e-03
3.7315315315315316e+00	1.2114400000000000e-03
3.7315415415415414e+00	1.2144899999999999e-03
3.7315515515515516e+00	1.2175500000000000e-03
3.7315615615615614e+00	1.2206200000000000e-03
3.7315715715715716e+00	1.2236899999999999e-03
3.7315815815815818e+00	1.2267700000000001e-03
3.7315915915915916e+00	1.2298599999999999e-03
3.7316016016016018e+00	1.2329600000000000e-03
3.7316116116116116e+00	1.2360600000000000e-03
3.7316216216216218e+00	1.2391699999999999e-03
3.7316316316316316e+00	1.2422900000000001e-03
3.7316416416416418e+00	1.2454199999999999e-03
3.7316516516516516e+00	1.2485500000000000e-03
3.7316616616616618e+00	1.2516999999999999e-03
3.7316716716716716e+00	1.2548500000000001e-03
3.7316816816816818e+00	1.2580000000000000e-03
3.7316916916916916e+00	1.2611700000000000e-03
3.7317017017017018e+00	1.2643500000000000e-03
3.7317117117117116e+00	1.2675300000000000e-03
3.7317217217217218e+00	1.2707199999999999e-03
3.7317317317317316e+00	1.2739200000000000e-03
3.7317417417417418e+00	1.2771300000000000e-03
3.7317517517517516e+00	1.2803400000000000e-03
3.7317617617617618e+00	1.2835699999999999e-03
3.7317717717717720e+00	1.2868000000000001e-03
3.7317817817817818e+00	1.2900399999999999e-03
3.7317917917917920e+00	1.2932900000000001e-03
3.7318018018018018e+00	1.2965500000000000e-03
3.7318118118118120e+00	1.2998199999999999e-03
3.7318218218218218e+00	1.3031000000000000e-03
3.7318318318318320e+00	1.3063800000000000e-03
3.7318418418418418e+00	1.3096799999999999e-03
3.7318518518518520e+00	1.3129800000000000e-03
3.7318618618618618e+00	1.3162899999999999e-03
3.7318718718718720e+00	1.3196200000000001e-03
3.7318818818818817e+00	1.3229500000000000e-03
3.7318918918918920e+00	1.3262899999999999e-03
3.7319019019019017e+00	1.3296400000000000e-03
3.7319119119119120e+00	1.3330000000000000e-03
3.7319219219219217e+00	1.3363699999999999e-03
3.7319319319319320e+00	1.3397500000000000e-03
3.7319419419419422e+00	1.3431400000000000e-03
3.7319519519519520e+00	1.3465400000000000e-03
3.7319619619619622e+00	1.3499499999999999e-03
3.7319719719719719e+00	1.3533700000000000e-03
3.7319819819819822e+00	1.3568000000000000e-03
3.7319919919919919e+00	1.3602400000000000e-03
3.7320020020020022e+00	1.3636900000000001e-03
3.7320120120120119e+00	1.3671499999999999e-03
3.7320220220220222e+00	1.3706199999999999e-03
3.7320320320320319e+00	1.3741000000000001e-03
3.7320420420420422e+00	1.3775899999999999e-03
3.7320520520520519e+00	1.3810900000000000e-03
3.7320620620620621e+00	1.3845999999999999e-03
3.7320720720720719e+00	1.3881300000000000e-03
3.7320820820820821e+00	1.3916600000000001e-03
3.7320920920920919e+00	1.3952100000000000e-03
3.7321021021021021e+00	1.3987699999999999e-03
3.7321121121121124e+00	1.4023300000000000e-03
3.7321221221221221e+00	1.4059100000000000e-03
3.7321321321321324e+00	1.4095100000000001e-03
3.7321421421421421e+00	1.4131100000000000e-03
3.7321521521521523e+00	1.4167200000000000e-03
3.7321621621621621e+00	1.4203499999999999e-03
3.7321721721721723e+00	1.4239900000000000e-03
3.7321821821821821e+00	1.4276400000000000e-03
3.7321921921921923e+00	1.4312999999999999e-03
3.7322022022022021e+00	1.4349700000000000e-03
3.7322122122122123e+00	1.4386600000000000e-03
3.7322222222222221e+00	1.4423600000000000e-03
3.7322322322322323e+00	1.4460700000000000e-03
3.7322422422422421e+00	1.4498000000000000e-03
3.7322522522522523e+00	1.4535300000000000e-03
3.7322622622622621e+00	1.4572800000000000e-03
3.7322722722722723e+00	1.4610500000000000e-03
3.7322822822822825e+00	1.4648199999999999e-03
3.7322922922922923e+00	1.4686100000000000e-03
3.7323023023023025e+00	1.4724100000000000e-03
3.7323123123123123e+00	1.4762300000000000e-03
3.7323223223223225e+00	1.4800600000000001e-03
3.7323323323323323e+00	1.4839000000000000e-03
3.7323423423423425e+00	1.4877600000000001e-03
3.7323523523523523e+00	1.4916300000000001e-03
3.7323623623623625e+00	1.4955200000000000e-03
3.7323723723723723e+00	1.4994200000000000e-03
3.7323823823823825e+00	1.5033300000000000e-03
3.7323923923923923e+00	1.5072600000000001e-03
3.7324024024024025e+00	1.5112000000000001e-03
3.7324124124124123e+00	1.5151600000000000e-03
3.7324224224224225e+00	1.5191400000000000e-03
3.7324324324324323e+00	1.5231200000000000e-03
3.7324424424424425e+00	1.5271300000000000e-03
3.7324524524524523e+00	1.5311500000000000e-03
3.7324624624624625e+00	1.5351799999999999e-03
3.7324724724724727e+00	1.5392299999999999e-03
3.7324824824824825e+00	1.5433000000000001e-03
3.7324924924924927e+00	1.5473799999999999e-03
3.7325025025025025e+00	1.5514800000000000e-03
3.7325125125125127e+00	1.5555899999999999e-03
3.7325225225225225e+00	1.5597300000000001e-03
3.7325325325325327e+00	1.5638700000000000e-03
3.7325425425425425e+00	1.5680399999999999e-03
3.7325525525525527e+00	1.5722200000000000e-03
3.7325625625625625e+00	1.5764200000000000e-03
3.7325725725725727e+00	1.5806399999999999e-03
3.7325825825825825e+00	1.5848699999999999e-03
3.7325925925925927e+00	1.5891200000000001e-03
3.7326026026026025e+00	1.5933900000000001e-03
3.7326126126126127e+00	1.5976800000000000e-03
3.7326226226226225e+00	1.6019900000000000e-03
3.7326326326326327e+00	1.6063099999999999e-03
3.7326426426426429e+00	1.6106600000000001e-03
3.7326526526526527e+00	1.6150200000000000e-03
3.7326626626626629e+00	1.6194000000000000e-03
3.7326726726726727e+00	1.6238100000000001e-03
3.7326826826826829e+00	1.6282300000000000e-03
3.7326926926926927e+00	1.6326699999999999e-03
3.7327027027027029e+00	1.6371300000000001e-03
3.7327127127127127e+00	1.6416099999999999e-03
3.7327227227227229e+00	1.6461100000000001e-03
3.7327327327327327e+00	1.6506299999999999e-03
3.7327427427427429e+00	1.6551800000000000e-03
3.7327527527527526e+00	1.6597400000000000e-03
3.7327627627627629e+00	1.6643300000000001e-03
3.7327727727727726e+00	1.6689400000000001e-03
3.7327827827827829e+00	1.6735700000000001e-03
3.7327927927927926e+00	1.6782200000000000e-03
3.7328028028028029e+00	1.6828900000000000e-03
3.7328128128128131e+00	1.6875900000000001e-03
3.7328228228228229e+00	1.6923100000000000e-03
3.7328328328328331e+00	1.6970500000000001e-03
3.7328428428428428e+00	1.7018199999999999e-03
3.7328528528528531e+00	1.7066099999999999e-03
3.7328628628628628e+00	1.7114200000000000e-03
3.7328728728728731e+00	1.7162600000000001e-03
3.7328828828828828e+00	1.7211200000000000e-03
3.7328928928928931e+00	1.7260100000000000e-03
3.7329029029029028e+00	1.7309199999999999e-03
3.7329129129129131e+00	1.7358600000000001e-03
3.7329229229229228e+00	1.7408199999999999e-03
3.7329329329329330e+00	1.7458100000000000e-03
3.7329429429429428e+00	1.7508300000000001e-03
3.7329529529529530e+00	1.7558700000000001e-03
3.7329629629629628e+00	1.7609500000000001e-03
3.7329729729729730e+00	1.7660400000000000e-03
3.7329829829829833e+00	1.7711700000000001e-03
3.7329929929929930e+00	1.7763200000000001e-03
3.7330030030030033e+00	1.7815100000000000e-03
3.7330130130130130e+00	1.7867200000000001e-03
3.7330230230230232e+00	1.7919600000000000e-03
3.7330330330330330e+00	1.7972299999999999e-03
3.7330430430430432e+00	1.8025300000000001e-03
3.7330530530530530e+00	1.8078599999999999e-03
3.7330630630630632e+00	1.8132199999999999e-03
3.7330730730730730e+00	1.8186100000000000e-03
3.7330830830830832e+00	1.8240299999999999e-03
3.7330930930930930e+00	1.8294900000000000e-03
3.7331031031031032e+00	1.8349799999999999e-03
3.7331131131131130e+00	1.8404999999999999e-03
3.7331231231231232e+00	1.8460499999999999e-03
3.7331331331331330e+00	1.8516400000000001e-03
3.7331431431431432e+00	1.8572599999999999e-03
3.7331531531531530e+00	1.8629199999999999e-03
3.7331631631631632e+00	1.8686099999999999e-03
3.7331731731731734e+00	1.8743399999999999e-03
3.7331831831831832e+00	1.8801000000000000e-03
3.7331931931931934e+00	1.8859000000000000e-03
3.7332032032032032e+00	1.8917300000000001e-03
3.7332132132132134e+00	1.8976100000000001e-03
3.7332232232232232e+00	1.9035199999999999e-03
3.7332332332332334e+00	1.9094699999999999e-03
3.7332432432432432e+00	1.9154599999999999e-03
3.7332532532532534e+00	1.9214900000000001e-03
3.7332632632632632e+00	1.9275600000000000e-03
3.7332732732732734e+00	1.9336700000000000e-03
3.7332832832832832e+00	1.9398200000000001e-03
3.7332932932932934e+00	1.9460199999999999e-03
3.7333033033033032e+00	1.9522500000000000e-03
3.7333133133133134e+00	1.9585399999999999e-03
3.7333233233233232e+00	1.9648600000000001e-03
3.7333333333333334e+00	1.9712300000000000e-03
3.7333433433433436e+00	1.9776400000000001e-03
3.7333533533533534e+00	1.9840999999999999e-03
3.7333633633633636e+00	1.9906099999999999e-03
3.7333733733733734e+00	1.9971600000000000e-03
3.7333833833833836e+00	2.0037599999999998e-03
3.7333933933933934e+00	2.0104200000000002e-03
3.7334034034034036e+00	2.0171199999999999e-03
3.7334134134134134e+00	2.0238700000000001e-03
3.7334234234234236e+00	2.0306700000000000e-03
3.7334334334334334e+00	2.0375200000000001e-03
3.7334434434434436e+00	2.0444299999999999e-03
3.7334534534534534e+00	2.0513900000000002e-03
3.7334634634634636e+00	2.0584000000000002e-03
3.7334734734734734e+00	2.0654699999999998e-03
3.7334834834834836e+00	2.0726000000000000e-03
3.7334934934934934e+00	2.0797799999999998e-03
3.7335035035035036e+00	2.0870200000000002e-03
3.7335135135135138e+00	2.0943200000000002e-03
3.7335235235235236e+00	2.1016799999999999e-03
3.7335335335335338e+00	2.1091000000000000e-03
3.7335435435435436e+00	2.1165799999999999e-03
3.7335535535535538e+00	2.1241300000000001e-03
3.7335635635635636e+00	2.1317400000000000e-03
3.7335735735735738e+00	2.1394200000000000e-03
3.7335835835835836e+00	2.1471600000000000e-03
3.7335935935935938e+00	2.1549700000000000e-03
3.7336036036036035e+00	2.1628400000000001e-03
3.7336136136136138e+00	2.1707900000000001e-03
3.7336236236236235e+00	2.1788100000000002e-03
3.7336336336336338e+00	2.1868999999999999e-03
3.7336436436436435e+00	2.1950600000000000e-03
3.7336536536536538e+00	2.2033000000000001e-03
3.7336636636636635e+00	2.2116100000000001e-03
3.7336736736736738e+00	2.2200100000000001e-03
3.7336836836836835e+00	2.2284800000000001e-03
3.7336936936936937e+00	2.2370300000000001e-03
3.7337037037037040e+00	2.2456600000000000e-03
3.7337137137137137e+00	2.2543799999999998e-03
3.7337237237237240e+00	2.2631800000000001e-03
3.7337337337337337e+00	2.2720700000000002e-03
3.7337437437437440e+00	2.2810500000000002e-03
3.7337537537537537e+00	2.2901100000000001e-03
3.7337637637637640e+00	2.2992700000000000e-03
3.7337737737737737e+00	2.3085200000000001e-03
3.7337837837837839e+00	2.3178700000000001e-03
3.7337937937937937e+00	2.3273199999999999e-03
3.7338038038038039e+00	2.3368600000000001e-03
3.7338138138138137e+00	2.3465000000000001e-03
3.7338238238238239e+00	2.3562499999999998e-03
3.7338338338338337e+00	2.3660999999999999e-03
3.7338438438438439e+00	2.3760600000000002e-03
3.7338538538538537e+00	2.3861300000000002e-03
3.7338638638638639e+00	2.3963100000000000e-03
3.7338738738738741e+00	2.4066100000000000e-03
3.7338838838838839e+00	2.4170200000000002e-03
3.7338938938938941e+00	2.4275500000000001e-03
3.7339039039039039e+00	2.4382000000000002e-03
3.7339139139139141e+00	2.4489799999999999e-03
3.7339239239239239e+00	2.4598799999999998e-03
3.7339339339339341e+00	2.4709100000000002e-03
3.7339439439439439e+00	2.4820799999999998e-03
3.7339539539539541e+00	2.4933799999999999e-03
3.7339639639639639e+00	2.5048100000000001e-03
3.7339739739739741e+00	2.5163899999999999e-03
3.7339839839839839e+00	2.5281200000000000e-03
3.7339939939939941e+00	2.5399900000000002e-03
3.7340040040040039e+00	2.5520100000000000e-03
3.7340140140140141e+00	2.5641900000000000e-03
3.7340240240240239e+00	2.5765200000000001e-03
3.7340340340340341e+00	2.5890200000000000e-03
3.7340440440440443e+00	2.6016799999999999e-03
3.7340540540540541e+00	2.6145100000000000e-03
3.7340640640640643e+00	2.6275199999999999e-03
3.7340740740740741e+00	2.6407100000000001e-03
3.7340840840840843e+00	2.6540800000000001e-03
3.7340940940940941e+00	2.6676299999999998e-03
3.7341041041041043e+00	2.6813800000000001e-03
3.7341141141141141e+00	2.6953200000000002e-03
3.7341241241241243e+00	2.7094699999999998e-03
3.7341341341341341e+00	2.7238200000000001e-03
3.7341441441441443e+00	2.7383799999999999e-03
3.7341541541541541e+00	2.7531700000000001e-03
3.7341641641641643e+00	2.7681699999999999e-03
3.7341741741741741e+00	2.7834100000000001e-03
3.7341841841841843e+00	2.7988800000000001e-03
3.7341941941941941e+00	2.8145900000000001e-03
3.7342042042042043e+00	2.8305600000000002e-03
3.7342142142142145e+00	2.8467800000000001e-03
3.7342242242242243e+00	2.8632599999999999e-03
3.7342342342342345e+00	2.8800100000000001e-03
3.7342442442442443e+00	2.8970400000000000e-03
3.7342542542542545e+00	2.9143600000000000e-03
3.7342642642642643e+00	2.9319699999999999e-03
3.7342742742742745e+00	2.9498800000000002e-03
3.7342842842842843e+00	2.9681099999999999e-03
3.7342942942942945e+00	2.9866500000000000e-03
3.7343043043043043e+00	3.0055300000000002e-03
3.7343143143143145e+00	3.0247500000000001e-03
3.7343243243243243e+00	3.0443300000000000e-03
3.7343343343343345e+00	3.0642700000000000e-03
3.7343443443443443e+00	3.0845800000000000e-03
3.7343543543543545e+00	3.1052800000000002e-03
3.7343643643643643e+00	3.1263799999999998e-03
3.7343743743743745e+00	3.1478900000000000e-03
3.7343843843843842e+00	3.1698299999999998e-03
3.7343943943943945e+00	3.1922100000000000e-03
3.7344044044044047e+00	3.2150400000000002e-03
3.7344144144144145e+00	3.2383500000000001e-03
3.7344244244244247e+00	3.2621500000000001e-03
3.7344344344344345e+00	3.2864499999999998e-03
3.7344444444444447e+00	3.3112800000000002e-03
3.7344544544544545e+00	3.3366500000000000e-03
3.7344644644644647e+00	3.3625800000000000e-03
3.7344744744744744e+00	3.3890999999999999e-03
3.7344844844844847e+00	3.4162300000000001e-03
3.7344944944944944e+00	3.4439800000000001e-03
3.7345045045045047e+00	3.4723900000000001e-03
3.7345145145145144e+00	3.5014800000000000e-03
3.7345245245245247e+00	3.5312700000000000e-03
3.7345345345345344e+00	3.5618099999999999e-03
3.7345445445445447e+00	3.5931000000000001e-03
3.7345545545545544e+00	3.6251999999999999e-03
3.7345645645645646e+00	3.6581299999999999e-03
3.7345745745745749e+00	3.6919300000000000e-03
3.7345845845845846e+00	3.7266299999999999e-03
3.7345945945945949e+00	3.7622799999999998e-03
3.7346046046046046e+00	3.7989199999999999e-03
3.7346146146146149e+00	3.8365900000000000e-03
3.7346246246246246e+00	3.8753500000000001e-03
3.7346346346346349e+00	3.9152400000000004e-03
3.7346446446446446e+00	3.9563200000000001e-03
3.7346546546546548e+00	3.9986400000000004e-03
3.7346646646646646e+00	4.0422799999999997e-03
3.7346746746746748e+00	4.0872900000000004e-03
3.7346846846846846e+00	4.1337400000000003e-03
3.7346946946946948e+00	4.1817199999999999e-03
3.7347047047047046e+00	4.2313100000000003e-03
3.7347147147147148e+00	4.2825800000000002e-03
3.7347247247247246e+00	4.3356400000000000e-03
3.7347347347347348e+00	4.3905899999999998e-03
3.7347447447447450e+00	4.4475399999999998e-03
3.7347547547547548e+00	4.5066000000000004e-03
3.7347647647647650e+00	4.5678999999999997e-03
3.7347747747747748e+00	4.6315799999999997e-03
3.7347847847847850e+00	4.6978000000000002e-03
3.7347947947947948e+00	4.7666999999999996e-03
3.7348048048048050e+00	4.8384800000000000e-03
3.7348148148148148e+00	4.9133199999999997e-03
3.7348248248248250e+00	4.9914299999999998e-03
3.7348348348348348e+00	5.0730400000000000e-03
3.7348448448448450e+00	5.1584200000000004e-03
3.7348548548548548e+00	5.2478300000000002e-03
3.7348648648648650e+00	5.3415800000000003e-03
3.7348748748748748e+00	5.4400100000000003e-03
3.7348848848848850e+00	5.5434899999999999e-03
3.7348948948948948e+00	5.6524499999999998e-03
3.7349049049049050e+00	5.7673300000000002e-03
3.7349149149149152e+00	5.8886700000000004e-03
3.7349249249249250e+00	6.0170199999999997e-03
3.7349349349349352e+00	6.1530500000000002e-03
3.7349449449449450e+00	6.2974800000000003e-03
3.7349549549549552e+00	6.4511300000000002e-03
3.7349649649649650e+00	6.6149499999999996e-03
3.7349749749749752e+00	6.7899900000000001e-03
3.7349849849849850e+00	6.9774700000000004e-03
3.7349949949949952e+00	7.1787999999999999e-03
3.7350050050050050e+00	7.3955899999999996e-03
3.7350150150150152e+00	7.6297099999999996e-03
3.7350250250250250e+00	7.8833500000000008e-03
3.7350350350350352e+00	8.1590599999999992e-03
3.7350450450450450e+00	8.4598699999999995e-03
3.7350550550550552e+00	8.7893699999999995e-03
3.7350650650650650e+00	9.1518699999999994e-03
3.7350750750750752e+00	9.5525200000000001e-03
3.7350850850850850e+00	9.9976400000000003e-03
3.7350950950950952e+00	1.0495000000000001e-02
3.7351051051051054e+00	1.1054000000000000e-02
3.7351151151151152e+00	1.1686900000000000e-02
3.7351251251251254e+00	1.2408700000000000e-02
3.7351351351351352e+00	1.3239100000000000e-02
3.7351451451451454e+00	1.4203500000000001e-02
3.7351551551551552e+00	1.5335900000000000e-02
3.7351651651651654e+00	1.6681999999999999e-02
3.7351751751751752e+00	1.8304999999999998e-02
3.7351851851851854e+00	2.0294500000000000e-02
3.7351951951951952e+00	2.2780700000000001e-02
3.7352052052052054e+00	2.5959699999999999e-02
3.7352152152152152e+00	3.0137799999999999e-02
3.7352252252252254e+00	3.5816500000000001e-02
3.7352352352352352e+00	4.3862999999999999e-02
3.7352452452452454e+00	5.5878600000000000e-02
3.7352552552552551e+00	7.5063800000000000e-02
3.7352652652652654e+00	1.0840300000000000e-01
3.7352752752752756e+00	1.7217199999999999e-01
3.7352852852852854e+00	2.9809999999999998e-01
3.7352952952952956e+00	4.4233699999999998e-01
3.7353053053053054e+00	3.2352999999999998e-01
3.7353153153153156e+00	1.5011400000000000e-01
3.7353253253253254e+00	7.0535200000000006e-02
3.7353353353353356e+00	3.6421900000000000e-02
3.7353453453453453e+00	2.0276900000000000e-02
3.7353553553553556e+00	1.1865499999999999e-02
3.7353653653653653e+00	7.1497300000000000e-03
3.7353753753753756e+00	4.3622699999999997e-03
3.7353853853853853e+00	2.6536900000000002e-03
3.7353953953953956e+00	1.5830900000000001e-03
3.7354054054054053e+00	9.0678899999999997e-04
3.7354154154154156e+00	4.8303199999999999e-04
3.7354254254254253e+00	2.2581000000000001e-04
3.7354354354354355e+00	8.1072400000000000e-05
3.7354454454454458e+00	1.3843799999999999e-05
3.7354554554554555e+00	9.3060499999999996e-07
3.7354654654654658e+00	2.6635199999999999e-05
3.7354754754754755e+00	8.0153800000000005e-05
3.7354854854854858e+00	1.5395000000000000e-04
3.7354954954954955e+00	2.4271399999999999e-04
3.7355055055055058e+00	3.4267999999999999e-04
3.7355155155155155e+00	4.5117300000000003e-04
3.7355255255255257e+00	5.6629599999999999e-04
3.7355355355355355e+00	6.8672199999999996e-04
3.7355455455455457e+00	8.1154100000000004e-04
3.7355555555555555e+00	9.4015899999999998e-04
3.7355655655655657e+00	1.0722200000000000e-03
3.7355755755755755e+00	1.2075600000000001e-03
3.7355855855855857e+00	1.3461500000000000e-03
3.7355955955955955e+00	1.4881000000000000e-03
3.7356056056056057e+00	1.6336199999999999e-03
3.7356156156156159e+00	1.7830100000000000e-03
3.7356256256256257e+00	1.9366500000000000e-03
3.7356356356356359e+00	2.0950000000000001e-03
3.7356456456456457e+00	2.2586300000000002e-03
3.7356556556556559e+00	2.4281500000000000e-03
3.7356656656656657e+00	2.6042900000000000e-03
3.7356756756756759e+00	2.7878800000000000e-03
3.7356856856856857e+00	2.9798500000000000e-03
3.7356956956956959e+00	3.1812500000000000e-03
3.7357057057057057e+00	3.3933000000000001e-03
3.7357157157157159e+00	3.6173700000000000e-03
3.7357257257257257e+00	3.8550400000000001e-03
3.7357357357357359e+00	4.1081099999999999e-03
3.7357457457457457e+00	4.3786700000000003e-03
3.7357557557557559e+00	4.6691399999999996e-03
3.7357657657657657e+00	4.9823500000000000e-03
3.7357757757757759e+00	5.3216000000000001e-03
3.7357857857857857e+00	5.6908100000000001e-03
3.7357957957957959e+00	6.0946100000000003e-03
3.7358058058058061e+00	6.5385599999999997e-03
3.7358158158158159e+00	7.0293500000000002e-03
3.7358258258258261e+00	7.5750899999999996e-03
3.7358358358358359e+00	8.1857600000000003e-03
3.7358458458458461e+00	8.8736400000000003e-03
3.7358558558558559e+00	9.6541300000000004e-03
3.7358658658658661e+00	1.0546600000000000e-02
3.7358758758758759e+00	1.1575999999999999e-02
3.7358858858858861e+00	1.2774300000000001e-02
3.7358958958958959e+00	1.4183899999999999e-02
3.7359059059059061e+00	1.5861100000000000e-02
3.7359159159159159e+00	1.7882599999999998e-02
3.7359259259259261e+00	2.0355000000000002e-02
3.7359359359359359e+00	2.3429200000000001e-02
3.7359459459459461e+00	2.7325400000000000e-02
3.7359559559559559e+00	3.2373399999999997e-02
3.7359659659659661e+00	3.9084800000000003e-02
3.7359759759759763e+00	4.8282400000000003e-02
3.7359859859859861e+00	6.1346800000000000e-02
3.7359959959959963e+00	8.0696100000000007e-02
3.7360060060060061e+00	1.1073000000000000e-01
3.7360160160160163e+00	1.5950100000000000e-01
3.7360260260260261e+00	2.3988300000000001e-01
3.7360360360360363e+00	3.5737600000000003e-01
3.7360460460460461e+00	4.4674599999999998e-01
3.7360560560560563e+00	3.8731900000000002e-01
3.7360660660660661e+00	2.5414100000000001e-01
3.7360760760760763e+00	1.5577299999999999e-01
3.7360860860860861e+00	9.8259700000000005e-02
3.7360960960960963e+00	6.5062800000000004e-02
3.7361061061061061e+00	4.5074999999999997e-02
3.7361161161161163e+00	3.2424599999999998e-02
3.7361261261261260e+00	2.4045100000000000e-02
3.7361361361361363e+00	1.8274300000000000e-02
3.7361461461461465e+00	1.4167799999999999e-02
3.7361561561561563e+00	1.1164200000000001e-02
3.7361661661661665e+00	8.9158399999999995e-03
3.7361761761761763e+00	7.1993200000000004e-03
3.7361861861861865e+00	5.8666500000000002e-03
3.7361961961961963e+00	4.8169399999999996e-03
3.7362062062062065e+00	3.9797399999999998e-03
3.7362162162162162e+00	3.3047699999999998e-03
3.7362262262262265e+00	2.7554599999999999e-03
3.7362362362362362e+00	2.3047400000000000e-03
3.7362462462462465e+00	1.9322700000000000e-03
3.7362562562562562e+00	1.6225700000000000e-03
3.7362662662662665e+00	1.3636799999999999e-03
3.7362762762762762e+00	1.1462800000000000e-03
3.7362862862862865e+00	9.6301500000000001e-04
3.7362962962962962e+00	8.0803400000000001e-04
3.7363063063063064e+00	6.7663900000000004e-04
3.7363163163163167e+00	5.6503100000000002e-04
3.7363263263263264e+00	4.7011100000000000e-04
3.7363363363363367e+00	3.8933400000000002e-04
3.7363463463463464e+00	3.2059999999999999e-04
3.7363563563563567e+00	2.6216199999999997e-04
3.7363663663663664e+00	2.1256199999999999e-04
3.7363763763763767e+00	1.7057400000000000e-04
3.7363863863863864e+00	1.3516400000000001e-04
3.7363963963963966e+00	1.0545600000000000e-04
3.7364064064064064e+00	8.0704000000000005e-05
3.7364164164164166e+00	6.0270599999999999e-05
3.7364264264264264e+00	4.3608800000000002e-05
3.7364364364364366e+00	3.0247899999999999e-05
3.7364464464464464e+00	1.9781400000000000e-05
3.7364564564564566e+00	1.1857300000000001e-05
3.7364664664664664e+00	6.1696799999999999e-06
3.7364764764764766e+00	2.4520000000000000e-06
3.7364864864864864e+00	4.7151700000000000e-07
3.7364964964964966e+00	2.4429300000000000e-08
3.7365065065065068e+00	9.3188199999999995e-07
3.7365165165165166e+00	3.0365699999999999e-06
3.7365265265265268e+00	6.1998600000000003e-06
3.7365365365365366e+00	1.0299300000000000e-05
3.7365465465465468e+00	1.5226699999999999e-05
3.7365565565565566e+00	2.0886000000000000e-05
3.7365665665665668e+00	2.7192000000000000e-05
3.7365765765765766e+00	3.4069000000000002e-05
3.7365865865865868e+00	4.1449699999999997e-05
3.7365965965965966e+00	4.9273900000000003e-05
3.7366066066066068e+00	5.7488000000000003e-05
3.7366166166166166e+00	6.6044000000000007e-05
3.7366266266266268e+00	7.4899200000000003e-05
3.7366366366366366e+00	8.4015200000000002e-05
3.7366466466466468e+00	9.3357500000000002e-05
3.7366566566566566e+00	1.0289500000000000e-04
3.7366666666666668e+00	1.1260100000000000e-04
3.7366766766766770e+00	1.2244999999999999e-04
3.7366866866866868e+00	1.3241899999999999e-04
3.7366966966966970e+00	1.4248900000000001e-04
3.7367067067067068e+00	1.5264200000000001e-04
3.7367167167167170e+00	1.6286000000000000e-04
3.7367267267267268e+00	1.7313100000000001e-04
3.7367367367367370e+00	1.8343999999999999e-04
3.7367467467467468e+00	1.9377500000000001e-04
3.7367567567567570e+00	2.0412699999999999e-04
3.7367667667667668e+00	2.1448499999999999e-04
3.7367767767767770e+00	2.2484100000000001e-04
3.7367867867867868e+00	2.3518700000000001e-04
3.7367967967967970e+00	2.4551599999999999e-04
3.7368068068068068e+00	2.5582200000000000e-04
3.7368168168168170e+00	2.6609900000000000e-04
3.7368268268268268e+00	2.7634200000000000e-04
3.7368368368368370e+00	2.8654800000000002e-04
3.7368468468468472e+00	2.9671100000000001e-04
3.7368568568568570e+00	3.0682900000000000e-04
3.7368668668668672e+00	3.1689700000000001e-04
3.7368768768768770e+00	3.2691399999999998e-04
3.7368868868868872e+00	3.3687700000000002e-04
3.7368968968968970e+00	3.4678299999999998e-04
3.7369069069069072e+00	3.5663099999999999e-04
3.7369169169169170e+00	3.6641899999999999e-04
3.7369269269269272e+00	3.7614600000000000e-04
3.7369369369369370e+00	3.8580999999999999e-04
3.7369469469469472e+00	3.9541100000000003e-04
3.7369569569569570e+00	4.0494700000000001e-04
3.7369669669669672e+00	4.1441699999999999e-04
3.7369769769769769e+00	4.2382200000000002e-04
3.7369869869869872e+00	4.3315999999999998e-04
3.7369969969969969e+00	4.4243199999999998e-04
3.7370070070070072e+00	4.5163700000000001e-04
3.7370170170170169e+00	4.6077400000000000e-04
3.7370270270270272e+00	4.6984400000000002e-04
3.7370370370370374e+00	4.7884700000000002e-04
3.7370470470470472e+00	4.8778299999999999e-04
3.7370570570570574e+00	4.9665199999999999e-04
3.7370670670670671e+00	5.0545500000000003e-04
3.7370770770770774e+00	5.1418999999999998e-04
3.7370870870870871e+00	5.2285999999999999e-04
3.7370970970970974e+00	5.3146300000000003e-04
3.7371071071071071e+00	5.4000100000000002e-04
3.7371171171171174e+00	5.4847399999999997e-04
3.7371271271271271e+00	5.5688199999999997e-04
3.7371371371371374e+00	5.6522600000000005e-04
3.7371471471471471e+00	5.7350599999999999e-04
3.7371571571571574e+00	5.8172300000000003e-04
3.7371671671671671e+00	5.8987700000000004e-04
3.7371771771771773e+00	5.9796899999999995e-04
3.7371871871871871e+00	6.0599999999999998e-04
3.7371971971971973e+00	6.1397000000000003e-04
3.7372072072072076e+00	6.2187899999999999e-04
3.7372172172172173e+00	6.2972799999999997e-04
3.7372272272272276e+00	6.3751800000000000e-04
3.7372372372372373e+00	6.4524899999999997e-04
3.7372472472472476e+00	6.5292300000000002e-04
3.7372572572572573e+00	6.6053800000000001e-04
3.7372672672672675e+00	6.6809800000000000e-04
3.7372772772772773e+00	6.7560099999999996e-04
3.7372872872872875e+00	6.8304800000000001e-04
3.7372972972972973e+00	6.9044099999999997e-04
3.7373073073073075e+00	6.9777900000000004e-04
3.7373173173173173e+00	7.0506300000000002e-04
3.7373273273273275e+00	7.1229500000000005e-04
3.7373373373373373e+00	7.1947400000000000e-04
3.7373473473473475e+00	7.2660100000000000e-04
3.7373573573573573e+00	7.3367699999999996e-04
3.7373673673673675e+00	7.4070199999999998e-04
3.7373773773773777e+00	7.4767699999999998e-04
3.7373873873873875e+00	7.5460299999999996e-04
3.7373973973973977e+00	7.6148000000000003e-04
3.7374074074074075e+00	7.6830900000000001e-04
3.7374174174174177e+00	7.7508899999999996e-04
3.7374274274274275e+00	7.8182299999999996e-04
3.7374374374374377e+00	7.8851099999999999e-04
3.7374474474474475e+00	7.9515200000000003e-04
3.7374574574574577e+00	8.0174800000000002e-04
3.7374674674674675e+00	8.0829899999999995e-04
3.7374774774774777e+00	8.1480599999999995e-04
3.7374874874874875e+00	8.2126900000000001e-04
3.7374974974974977e+00	8.2768900000000005e-04
3.7375075075075075e+00	8.3406599999999995e-04
3.7375175175175177e+00	8.4040099999999995e-04
3.7375275275275275e+00	8.4669400000000005e-04
3.7375375375375377e+00	8.5294600000000004e-04
3.7375475475475479e+00	8.5915700000000004e-04
3.7375575575575577e+00	8.6532899999999997e-04
3.7375675675675679e+00	8.7146000000000001e-04
3.7375775775775777e+00	8.7755299999999999e-04
3.7375875875875879e+00	8.8360600000000000e-04
3.7375975975975977e+00	8.8962199999999996e-04
3.7376076076076079e+00	8.9559899999999996e-04
3.7376176176176177e+00	9.0154000000000005e-04
3.7376276276276279e+00	9.0744299999999996e-04
3.7376376376376377e+00	9.1330999999999997e-04
3.7376476476476479e+00	9.1914199999999996e-04
3.7376576576576577e+00	9.2493700000000002e-04
3.7376676676676679e+00	9.3069799999999999e-04
3.7376776776776777e+00	9.3642400000000005e-04
3.7376876876876879e+00	9.4211499999999999e-04
3.7376976976976977e+00	9.4777299999999995e-04
3.7377077077077079e+00	9.5339700000000003e-04
3.7377177177177177e+00	9.5898800000000003e-04
3.7377277277277279e+00	9.6454699999999995e-04
3.7377377377377381e+00	9.7007300000000001e-04
3.7377477477477479e+00	9.7556800000000001e-04
3.7377577577577581e+00	9.8103100000000005e-04
3.7377677677677679e+00	9.8646200000000002e-04
3.7377777777777781e+00	9.9186400000000007e-04
3.7377877877877879e+00	9.9723400000000005e-04
3.7377977977977981e+00	1.0025699999999999e-03
3.7378078078078079e+00	1.0078900000000000e-03
3.7378178178178181e+00	1.0131700000000001e-03
3.7378278278278279e+00	1.0184199999999999e-03
3.7378378378378381e+00	1.0236399999999999e-03
3.7378478478478478e+00	1.0288400000000000e-03
3.7378578578578581e+00	1.0340099999999999e-03
3.7378678678678678e+00	1.0391500000000000e-03
3.7378778778778781e+00	1.0442600000000000e-03
3.7378878878878878e+00	1.0493400000000000e-03
3.7378978978978981e+00	1.0544000000000000e-03
3.7379079079079083e+00	1.0594400000000000e-03
3.7379179179179181e+00	1.0644400000000000e-03
3.7379279279279283e+00	1.0694200000000000e-03
3.7379379379379380e+00	1.0743800000000000e-03
3.7379479479479483e+00	1.0793100000000000e-03
3.7379579579579580e+00	1.0842099999999999e-03
3.7379679679679683e+00	1.0890900000000000e-03
3.7379779779779780e+00	1.0939500000000000e-03
3.7379879879879883e+00	1.0987799999999999e-03
3.7379979979979980e+00	1.1035900000000000e-03
3.7380080080080083e+00	1.1083700000000000e-03
3.7380180180180180e+00	1.1131299999999999e-03
3.7380280280280282e+00	1.1178700000000000e-03
3.7380380380380380e+00	1.1225800000000000e-03
3.7380480480480482e+00	1.1272700000000001e-03
3.7380580580580580e+00	1.1319399999999999e-03
3.7380680680680682e+00	1.1365900000000000e-03
3.7380780780780785e+00	1.1412200000000001e-03
3.7380880880880882e+00	1.1458200000000001e-03
3.7380980980980985e+00	1.1504000000000000e-03
3.7381081081081082e+00	1.1549600000000000e-03
3.7381181181181184e+00	1.1594999999999999e-03
3.7381281281281282e+00	1.1640200000000000e-03
3.7381381381381384e+00	1.1685199999999999e-03
3.7381481481481482e+00	1.1730000000000000e-03
3.7381581581581584e+00	1.1774600000000000e-03
3.7381681681681682e+00	1.1819000000000001e-03
3.7381781781781784e+00	1.1863200000000000e-03
3.7381881881881882e+00	1.1907199999999999e-03
3.7381981981981984e+00	1.1950999999999999e-03
3.7382082082082082e+00	1.1994600000000001e-03
3.7382182182182184e+00	1.2038100000000000e-03
3.7382282282282282e+00	1.2081300000000000e-03
3.7382382382382384e+00	1.2124400000000000e-03
3.7382482482482486e+00	1.2167199999999999e-03
3.7382582582582584e+00	1.2209899999999999e-03
3.7382682682682686e+00	1.2252400000000001e-03
3.7382782782782784e+00	1.2294800000000000e-03
3.7382882882882886e+00	1.2336900000000000e-03
3.7382982982982984e+00	1.2378900000000000e-03
3.7383083083083086e+00	1.2420700000000001e-03
3.7383183183183184e+00	1.2462400000000000e-03
3.7383283283283286e+00	1.2503900000000001e-03
3.7383383383383384e+00	1.2545200000000001e-03
3.7383483483483486e+00	1.2586299999999999e-03
3.7383583583583584e+00	1.2627300000000001e-03
3.7383683683683686e+00	1.2668099999999999e-03
3.7383783783783784e+00	1.2708800000000001e-03
3.7383883883883886e+00	1.2749300000000001e-03
3.7383983983983984e+00	1.2789600000000000e-03
3.7384084084084086e+00	1.2829800000000000e-03
3.7384184184184184e+00	1.2869900000000000e-03
3.7384284284284286e+00	1.2909799999999999e-03
3.7384384384384388e+00	1.2949500000000000e-03
3.7384484484484486e+00	1.2989099999999999e-03
3.7384584584584588e+00	1.3028499999999999e-03
3.7384684684684686e+00	1.3067800000000000e-03
3.7384784784784788e+00	1.3106900000000000e-03
3.7384884884884886e+00	1.3145900000000000e-03
3.7384984984984988e+00	1.3184799999999999e-03
3.7385085085085086e+00	1.3223499999999999e-03
3.7385185185185188e+00	1.3262100000000000e-03
3.7385285285285286e+00	1.3300499999999999e-03
3.7385385385385388e+00	1.3338800000000000e-03
3.7385485485485486e+00	1.3377000000000000e-03
3.7385585585585588e+00	1.3415000000000000e-03
3.7385685685685686e+00	1.3452900000000001e-03
3.7385785785785788e+00	1.3490700000000000e-03
3.7385885885885886e+00	1.3528300000000000e-03
3.7385985985985988e+00	1.3565800000000000e-03
3.7386086086086090e+00	1.3603199999999999e-03
3.7386186186186188e+00	1.3640400000000000e-03
3.7386286286286290e+00	1.3677500000000000e-03
3.7386386386386388e+00	1.3714500000000000e-03
3.7386486486486490e+00	1.3751400000000000e-03
3.7386586586586588e+00	1.3788100000000001e-03
3.7386686686686690e+00	1.3824800000000000e-03
3.7386786786786788e+00	1.3861300000000000e-03
3.7386886886886890e+00	1.3897700000000000e-03
3.7386986986986988e+00	1.3933900000000000e-03
3.7387087087087090e+00	1.3970100000000000e-03
3.7387187187187187e+00	1.4006100000000000e-03
3.7387287287287290e+00	1.4042000000000000e-03
3.7387387387387387e+00	1.4077800000000000e-03
3.7387487487487490e+00	1.4113500000000000e-03
3.7387587587587587e+00	1.4149099999999999e-03
3.7387687687687690e+00	1.4184499999999999e-03
3.7387787787787792e+00	1.4219899999999999e-03
3.7387887887887890e+00	1.4255100000000001e-03
3.7387987987987992e+00	1.4290300000000000e-03
3.7388088088088089e+00	1.4325300000000000e-03
3.7388188188188192e+00	1.4360200000000001e-03
3.7388288288288289e+00	1.4395000000000000e-03
3.7388388388388392e+00	1.4429700000000000e-03
3.7388488488488489e+00	1.4464300000000001e-03
3.7388588588588592e+00	1.4498800000000000e-03
3.7388688688688689e+00	1.4533199999999999e-03
3.7388788788788792e+00	1.4567499999999999e-03
3.7388888888888889e+00	1.4601700000000000e-03
3.7388988988988991e+00	1.4635799999999999e-03
3.7389089089089089e+00	1.4669800000000001e-03
3.7389189189189191e+00	1.4703699999999999e-03
3.7389289289289289e+00	1.4737500000000000e-03
3.7389389389389391e+00	1.4771200000000000e-03
3.7389489489489494e+00	1.4804799999999999e-03
3.7389589589589591e+00	1.4838300000000000e-03
3.7389689689689694e+00	1.4871800000000001e-03
3.7389789789789791e+00	1.4905100000000000e-03
3.7389889889889893e+00	1.4938300000000000e-03
3.7389989989989991e+00	1.4971500000000000e-03
3.7390090090090093e+00	1.5004500000000000e-03
3.7390190190190191e+00	1.5037500000000001e-03
3.7390290290290293e+00	1.5070299999999999e-03
3.7390390390390391e+00	1.5103100000000000e-03
3.7390490490490493e+00	1.5135800000000000e-03
3.7390590590590591e+00	1.5168400000000000e-03
3.7390690690690693e+00	1.5200900000000000e-03
3.7390790790790791e+00	1.5233400000000000e-03
3.7390890890890893e+00	1.5265700000000001e-03
3.7390990990990991e+00	1.5298000000000000e-03
3.7391091091091093e+00	1.5330100000000000e-03
3.7391191191191191e+00	1.5362200000000000e-03
3.7391291291291293e+00	1.5394199999999999e-03
3.7391391391391395e+00	1.5426200000000000e-03
3.7391491491491493e+00	1.5458000000000000e-03
3.7391591591591595e+00	1.5489799999999999e-03
3.7391691691691693e+00	1.5521500000000000e-03
3.7391791791791795e+00	1.5553100000000001e-03
3.7391891891891893e+00	1.5584600000000000e-03
3.7391991991991995e+00	1.5616000000000000e-03
3.7392092092092093e+00	1.5647400000000000e-03
3.7392192192192195e+00	1.5678700000000001e-03
3.7392292292292293e+00	1.5709900000000000e-03
3.7392392392392395e+00	1.5740999999999999e-03
3.7392492492492493e+00	1.5772099999999999e-03
3.7392592592592595e+00	1.5803099999999999e-03
3.7392692692692693e+00	1.5834000000000000e-03
3.7392792792792795e+00	1.5864799999999999e-03
3.7392892892892893e+00	1.5895600000000001e-03
3.7392992992992995e+00	1.5926300000000000e-03
3.7393093093093097e+00	1.5956900000000001e-03
3.7393193193193195e+00	1.5987499999999999e-03
3.7393293293293297e+00	1.6017900000000001e-03
3.7393393393393395e+00	1.6048300000000000e-03
3.7393493493493497e+00	1.6078700000000000e-03
3.7393593593593595e+00	1.6108900000000000e-03
3.7393693693693697e+00	1.6139100000000001e-03
3.7393793793793795e+00	1.6169299999999999e-03
3.7393893893893897e+00	1.6199299999999999e-03
3.7393993993993995e+00	1.6229300000000001e-03
3.7394094094094097e+00	1.6259200000000001e-03
3.7394194194194195e+00	1.6289099999999999e-03
3.7394294294294297e+00	1.6318900000000000e-03
3.7394394394394395e+00	1.6348599999999999e-03
3.7394494494494497e+00	1.6378300000000001e-03
3.7394594594594595e+00	1.6407900000000000e-03
3.7394694694694697e+00	1.6437400000000001e-03
3.7394794794794799e+00	1.6466899999999999e-03
3.7394894894894897e+00	1.6496300000000000e-03
3.7394994994994999e+00	1.6525600000000000e-03
3.7395095095095097e+00	1.6554899999999999e-03
3.7395195195195199e+00	1.6584099999999999e-03
3.7395295295295297e+00	1.6613299999999999e-03
3.7395395395395399e+00	1.6642300000000000e-03
3.7395495495495497e+00	1.6671399999999999e-03
3.7395595595595599e+00	1.6700300000000001e-03
3.7395695695695697e+00	1.6729300000000000e-03
3.7395795795795799e+00	1.6758100000000000e-03
3.7395895895895896e+00	1.6786900000000000e-03
3.7395995995995999e+00	1.6815599999999999e-03
3.7396096096096096e+00	1.6844300000000000e-03
3.7396196196196199e+00	1.6872899999999999e-03
3.7396296296296296e+00	1.6901500000000001e-03
3.7396396396396399e+00	1.6930000000000001e-03
3.7396496496496501e+00	1.6958400000000001e-03
3.7396596596596599e+00	1.6986799999999999e-03
3.7396696696696701e+00	1.7015100000000000e-03
3.7396796796796798e+00	1.7043399999999999e-03
3.7396896896896901e+00	1.7071600000000001e-03
3.7396996996996998e+00	1.7099800000000001e-03
3.7397097097097101e+00	1.7127900000000001e-03
3.7397197197197198e+00	1.7155899999999999e-03
3.7397297297297301e+00	1.7183900000000000e-03
3.7397397397397398e+00	1.7211900000000000e-03
3.7397497497497501e+00	1.7239800000000000e-03
3.7397597597597598e+00	1.7267599999999999e-03
3.7397697697697700e+00	1.7295399999999999e-03
3.7397797797797798e+00	1.7323099999999999e-03
3.7397897897897900e+00	1.7350800000000000e-03
3.7397997997997998e+00	1.7378400000000000e-03
3.7398098098098100e+00	1.7405999999999999e-03
3.7398198198198198e+00	1.7433500000000001e-03
3.7398298298298300e+00	1.7461000000000000e-03
3.7398398398398403e+00	1.7488400000000000e-03
3.7398498498498500e+00	1.7515800000000000e-03
3.7398598598598602e+00	1.7543100000000000e-03
3.7398698698698700e+00	1.7570400000000001e-03
3.7398798798798802e+00	1.7597600000000000e-03
3.7398898898898900e+00	1.7624800000000001e-03
3.7398998998999002e+00	1.7652000000000000e-03
3.7399099099099100e+00	1.7679000000000000e-03
3.7399199199199202e+00	1.7706099999999999e-03
3.7399299299299300e+00	1.7733099999999999e-03
3.7399399399399402e+00	1.7760000000000000e-03
3.7399499499499500e+00	1.7786900000000001e-03
3.7399599599599602e+00	1.7813700000000000e-03
3.7399699699699700e+00	1.7840499999999999e-03
3.7399799799799802e+00	1.7867300000000000e-03
3.7399899899899900e+00	1.7894000000000000e-03
3.7400000000000002e+00	1.7920700000000000e-03
