3.7309999999999999e+00	5.3030000000009458e-04
3.7310020010005003e+00	5.3119999999995393e-04
3.7310040020010002e+00	5.3109999999989554e-04
3.7310060030015006e+00	5.3199999999997694e-04
3.7310080040020011e+00	5.3199999999997694e-04
3.7310100050025010e+00	5.3299999999989467e-04
3.7310120060030014e+00	5.3299999999989467e-04
3.7310140070035018e+00	5.3309999999995306e-04
3.7310160080040018e+00	5.3419999999992918e-04
3.7310180090045022e+00	5.3429999999998756e-04
3.7310200100050022e+00	5.3450000000010434e-04
3.7310220110055026e+00	5.3560000000008046e-04
3.7310240120060030e+00	5.3590000000003357e-04
3.7310260130065029e+00	5.3610000000015035e-04
3.7310280140070033e+00	5.3640000000010346e-04
3.7310300150075038e+00	5.3769999999997431e-04
3.7310320160080037e+00	5.3799999999992743e-04
3.7310340170085041e+00	5.3830000000010259e-04
3.7310360180090045e+00	5.3869999999989204e-04
3.7310380190095045e+00	5.3919999999996193e-04
3.7310400200100049e+00	5.3959999999997343e-04
3.7310420210105053e+00	5.4010000000004332e-04
3.7310440220110053e+00	5.4060000000011321e-04
3.7310460230115057e+00	5.4109999999996106e-04
3.7310480240120061e+00	5.4169999999986729e-04
3.7310500250125060e+00	5.4229999999999556e-04
3.7310520260130065e+00	5.4200000000004245e-04
3.7310540270135064e+00	5.4259999999994868e-04
3.7310560280140068e+00	5.4329999999991330e-04
3.7310580290145072e+00	5.4409999999993630e-04
3.7310600300150072e+00	5.4379999999998319e-04
3.7310620310155076e+00	5.4460000000000619e-04
3.7310640320160080e+00	5.4550000000008758e-04
3.7310660330165080e+00	5.4529999999997081e-04
3.7310680340170084e+00	5.4620000000005220e-04
3.7310700350175088e+00	5.4620000000005220e-04
3.7310720360180087e+00	5.4710000000013359e-04
3.7310740370185091e+00	5.4709999999991155e-04
3.7310760380190096e+00	5.4810000000005132e-04
3.7310780390195095e+00	5.4819999999988767e-04
3.7310800400200099e+00	5.4930000000008583e-04
3.7310820410205103e+00	5.4939999999992217e-04
3.7310840420210103e+00	5.4960000000003895e-04
3.7310860430215107e+00	5.5080000000007345e-04
3.7310880440220107e+00	5.5099999999996818e-04
3.7310900450225111e+00	5.5130000000014334e-04
3.7310920460230115e+00	5.5159999999987441e-04
3.7310940470235114e+00	5.5190000000004957e-04
3.7310960480240118e+00	5.5329999999997881e-04
3.7310980490245123e+00	5.5369999999999031e-04
3.7311000500250122e+00	5.5410000000000181e-04
3.7311020510255126e+00	5.5460000000007170e-04
3.7311040520260130e+00	5.5510000000014159e-04
3.7311060530265130e+00	5.5570000000004782e-04
3.7311080540270134e+00	5.5629999999995405e-04
3.7311100550275138e+00	5.5690000000008233e-04
3.7311120560280138e+00	5.5649999999984878e-04
3.7311140570285142e+00	5.5720000000003544e-04
3.7311160580290146e+00	5.5790000000000006e-04
3.7311180590295145e+00	5.5870000000002307e-04
3.7311200600300150e+00	5.5849999999990629e-04
3.7311220610305149e+00	5.5939999999998768e-04
3.7311240620310153e+00	5.6020000000001069e-04
3.7311260630315157e+00	5.6009999999995230e-04
3.7311280640320157e+00	5.6110000000009208e-04
3.7311300650325161e+00	5.6110000000009208e-04
3.7311320660330165e+00	5.6210000000000981e-04
3.7311340670335165e+00	5.6220000000006820e-04
3.7311360680340169e+00	5.6330000000004432e-04
3.7311380690345173e+00	5.6340000000010271e-04
3.7311400700350172e+00	5.6359999999999744e-04
3.7311420710355176e+00	5.6480000000003194e-04
3.7311440720360181e+00	5.6509999999998506e-04
3.7311460730365180e+00	5.6539999999993817e-04
3.7311480740370184e+00	5.6569999999989129e-04
3.7311500750375188e+00	5.6710000000004257e-04
3.7311520760380188e+00	5.6750000000005407e-04
3.7311540770385192e+00	5.6799999999990192e-04
3.7311560780390192e+00	5.6849999999997181e-04
3.7311580790395196e+00	5.6900000000004169e-04
3.7311600800400200e+00	5.6959999999994793e-04
3.7311620810405199e+00	5.7020000000007620e-04
3.7311640820410203e+00	5.7090000000004082e-04
3.7311660830415208e+00	5.7060000000008770e-04
3.7311680840420207e+00	5.7130000000005232e-04
3.7311700850425211e+00	5.7210000000007533e-04
3.7311720860430215e+00	5.7290000000009833e-04
3.7311740870435215e+00	5.7280000000003994e-04
3.7311760880440219e+00	5.7370000000012134e-04
3.7311780890445223e+00	5.7470000000003907e-04
3.7311800900450223e+00	5.7470000000003907e-04
3.7311820910455227e+00	5.7569999999995680e-04
3.7311840920460231e+00	5.7580000000001519e-04
3.7311860930465230e+00	5.7689999999999131e-04
3.7311880940470235e+00	5.7710000000010808e-04
3.7311900950475234e+00	5.7730000000000281e-04
3.7311920960480238e+00	5.7860000000009570e-04
3.7311940970485242e+00	5.7890000000004882e-04
3.7311960980490242e+00	5.7920000000000194e-04
3.7311980990495246e+00	5.7960000000001344e-04
3.7312001000500250e+00	5.8000000000002494e-04
3.7312021010505250e+00	5.8050000000009483e-04
3.7312041020510254e+00	5.8199999999986041e-04
3.7312061030515258e+00	5.8150000000001256e-04
3.7312081040520257e+00	5.8209999999991879e-04
3.7312101050525261e+00	5.8279999999988341e-04
3.7312121060530266e+00	5.8350000000007007e-04
3.7312141070535265e+00	5.8329999999995330e-04
3.7312161080540269e+00	5.8409999999997630e-04
3.7312181090545273e+00	5.8489999999999931e-04
3.7312201100550273e+00	5.8580000000008070e-04
3.7312221110555277e+00	5.8580000000008070e-04
3.7312241120560281e+00	5.8669999999994005e-04
3.7312261130565281e+00	5.8679999999999843e-04
3.7312281140570285e+00	5.8789999999997455e-04
3.7312301150575284e+00	5.8800000000003294e-04
3.7312321160580288e+00	5.8920000000006745e-04
3.7312341170585293e+00	5.8939999999996218e-04
3.7312361180590292e+00	5.8970000000013734e-04
3.7312381190595296e+00	5.9110000000006657e-04
3.7312401200600300e+00	5.9150000000007807e-04
3.7312421210605300e+00	5.9190000000008958e-04
3.7312441220610304e+00	5.9239999999993742e-04
3.7312461230615308e+00	5.9290000000000731e-04
3.7312481240620308e+00	5.9350000000013559e-04
3.7312501250625312e+00	5.9419999999987816e-04
3.7312521260630316e+00	5.9490000000006482e-04
3.7312541270635315e+00	5.9560000000002944e-04
3.7312561280640320e+00	5.9640000000005244e-04
3.7312581290645324e+00	5.9720000000007545e-04
3.7312601300650323e+00	5.9719999999985340e-04
3.7312621310655327e+00	5.9809999999993479e-04
3.7312641320660327e+00	5.9910000000007457e-04
3.7312661330665331e+00	5.9919999999991091e-04
3.7312681340670335e+00	6.0029999999988704e-04
3.7312701350675335e+00	6.0050000000000381e-04
3.7312721360680339e+00	6.0070000000012058e-04
3.7312741370685343e+00	6.0199999999999143e-04
3.7312761380690342e+00	6.0229999999994455e-04
3.7312781390695346e+00	6.0269999999995605e-04
3.7312801400700351e+00	6.0320000000002594e-04
3.7312821410705350e+00	6.0470000000001356e-04
3.7312841420710354e+00	6.0520000000008345e-04
3.7312861430715358e+00	6.0579999999998968e-04
3.7312881440720358e+00	6.0649999999995430e-04
3.7312901450725362e+00	6.0719999999991892e-04
3.7312921460730366e+00	6.0700000000002419e-04
3.7312941470735366e+00	6.0790000000010558e-04
3.7312961480740370e+00	6.0879999999996492e-04
3.7312981490745369e+00	6.0980000000010470e-04
3.7313001500750373e+00	6.0980000000010470e-04
3.7313021510755378e+00	6.1090000000008082e-04
3.7313041520760377e+00	6.1099999999991716e-04
3.7313061530765381e+00	6.1219999999995167e-04
3.7313081540770385e+00	6.1249999999990479e-04
3.7313101550775385e+00	6.1379999999999768e-04
3.7313121560780389e+00	6.1420000000000918e-04
3.7313141570785393e+00	6.1460000000002069e-04
3.7313161580790393e+00	6.1519999999992692e-04
3.7313181590795397e+00	6.1569999999999681e-04
3.7313201600800401e+00	6.1639999999996142e-04
3.7313221610805400e+00	6.1709999999992604e-04
3.7313241620810405e+00	6.1779999999989066e-04
3.7313261630815409e+00	6.1869999999997205e-04
3.7313281640820408e+00	6.1949999999999505e-04
3.7313301650825412e+00	6.2049999999991279e-04
3.7313321660830412e+00	6.2049999999991279e-04
3.7313341670835416e+00	6.2160000000011095e-04
3.7313361680840420e+00	6.2180000000000568e-04
3.7313381690845420e+00	6.2300000000004019e-04
3.7313401700850424e+00	6.2329999999999330e-04
3.7313421710855428e+00	6.2460000000008620e-04
3.7313441720860427e+00	6.2499999999987566e-04
3.7313461730865431e+00	6.2549999999994554e-04
3.7313481740870436e+00	6.2610000000007382e-04
3.7313501750875435e+00	6.2669999999998005e-04
3.7313521760880439e+00	6.2739999999994467e-04
3.7313541770885443e+00	6.2819999999996767e-04
3.7313561780890443e+00	6.2899999999999068e-04
3.7313581790895447e+00	6.2990000000007207e-04
3.7313601800900451e+00	6.3089999999998980e-04
3.7313621810905451e+00	6.3100000000004819e-04
3.7313641820910455e+00	6.3210000000002431e-04
3.7313661830915454e+00	6.3229999999991904e-04
3.7313681840920458e+00	6.3349999999995354e-04
3.7313701850925463e+00	6.3389999999996505e-04
3.7313721860930462e+00	6.3530000000011633e-04
3.7313741870935466e+00	6.3579999999996417e-04
3.7313761880940470e+00	6.3630000000003406e-04
3.7313781890945470e+00	6.3699999999999868e-04
3.7313801900950474e+00	6.3769999999996330e-04
3.7313821910955478e+00	6.3849999999998630e-04
3.7313841920960478e+00	6.3940000000006769e-04
3.7313861930965482e+00	6.4029999999992704e-04
3.7313881940970486e+00	6.4029999999992704e-04
3.7313901950975485e+00	6.4139999999990316e-04
3.7313921960980490e+00	6.4259999999993767e-04
3.7313941970985494e+00	6.4289999999989078e-04
3.7313961980990493e+00	6.4419999999998367e-04
3.7313981990995497e+00	6.4459999999999518e-04
3.7314002001000497e+00	6.4510000000006507e-04
3.7314022011005501e+00	6.4569999999997130e-04
3.7314042021010505e+00	6.4639999999993591e-04
3.7314062031015505e+00	6.4709999999990053e-04
3.7314082041020509e+00	6.4790000000014558e-04
3.7314102051025513e+00	6.4890000000006332e-04
3.7314122061030512e+00	6.4989999999998105e-04
3.7314142071035517e+00	6.5090000000012083e-04
3.7314162081040521e+00	6.5110000000001556e-04
3.7314182091045520e+00	6.5239999999988640e-04
3.7314202101050524e+00	6.5270000000006156e-04
3.7314222111055528e+00	6.5409999999999080e-04
3.7314242121060528e+00	6.5469999999989703e-04
3.7314262131065532e+00	6.5530000000002531e-04
3.7314282141070536e+00	6.5599999999998992e-04
3.7314302151075536e+00	6.5680000000001293e-04
3.7314322161080540e+00	6.5760000000003593e-04
3.7314342171085539e+00	6.5859999999995367e-04
3.7314362181090543e+00	6.5969999999992979e-04
3.7314382191095548e+00	6.5979999999998817e-04
3.7314402201100547e+00	6.6110000000008107e-04
3.7314422211105551e+00	6.6140000000003418e-04
3.7314442221110555e+00	6.6440000000000943e-04
3.7314462231115555e+00	6.6509999999997405e-04
3.7314482241120559e+00	6.6589999999999705e-04
3.7314502251125563e+00	6.6680000000007844e-04
3.7314522261130563e+00	6.6779999999999617e-04
3.7314542271135567e+00	6.6889999999997229e-04
3.7314562281140571e+00	6.6999999999994841e-04
3.7314582291145570e+00	6.7030000000012357e-04
3.7314602301150575e+00	6.7170000000005281e-04
3.7314622311155579e+00	6.7219999999990065e-04
3.7314642321160578e+00	6.7280000000002893e-04
3.7314662331165582e+00	6.7349999999999355e-04
3.7314682341170582e+00	6.7530000000015633e-04
3.7314702351175586e+00	6.7620000000001568e-04
3.7314722361180590e+00	6.7620000000001568e-04
3.7314742371185590e+00	6.7729999999999180e-04
3.7314762381190594e+00	6.7860000000008469e-04
3.7314782391195598e+00	6.7989999999995554e-04
3.7314802401200597e+00	6.8029999999996704e-04
3.7314822411205602e+00	6.8090000000009532e-04
3.7314842421210606e+00	6.8249999999991928e-04
3.7314862431215605e+00	6.8329999999994229e-04
3.7314882441220609e+00	6.8420000000002368e-04
3.7314902451225613e+00	6.8519999999994141e-04
3.7314922461230613e+00	6.8629999999991753e-04
3.7314942471235617e+00	6.8660000000009269e-04
3.7314962481240621e+00	6.8789999999996354e-04
3.7314982491245621e+00	6.8840000000003343e-04
3.7315002501250625e+00	6.9000000000007944e-04
3.7315022511255624e+00	6.9070000000004406e-04
3.7315042521260628e+00	6.9150000000006706e-04
3.7315062531265633e+00	6.9240000000014845e-04
3.7315082541270632e+00	6.9350000000012457e-04
3.7315102551275636e+00	6.9470000000015908e-04
3.7315122561280640e+00	6.9500000000011219e-04
3.7315142571285640e+00	6.9640000000004143e-04
3.7315162581290644e+00	6.9699999999994766e-04
3.7315182591295648e+00	6.9870000000005206e-04
3.7315202601300648e+00	6.9950000000007506e-04
3.7315222611305652e+00	7.0049999999999280e-04
3.7315242621310656e+00	7.0150000000013257e-04
3.7315262631315655e+00	7.0280000000000342e-04
3.7315282641320660e+00	7.0309999999995654e-04
3.7315302651325664e+00	7.0459999999994416e-04
3.7315322661330663e+00	7.0520000000007244e-04
3.7315342671335667e+00	7.0689999999995479e-04
3.7315362681340667e+00	7.0780000000003618e-04
3.7315382691345671e+00	7.0879999999995391e-04
3.7315402701350675e+00	7.0999999999998842e-04
3.7315422711355675e+00	7.1029999999994153e-04
3.7315442721360679e+00	7.1179999999992916e-04
3.7315462731365683e+00	7.1229999999999905e-04
3.7315482741370682e+00	7.1409999999993978e-04
3.7315502751375687e+00	7.1500000000002117e-04
3.7315522761380691e+00	7.1599999999993891e-04
3.7315542771385690e+00	7.1709999999991503e-04
3.7315562781390694e+00	7.1850000000006631e-04
3.7315582791395698e+00	7.1890000000007781e-04
3.7315602801400698e+00	7.2059999999996016e-04
3.7315622811405702e+00	7.2130000000014682e-04
3.7315642821410706e+00	7.2230000000006456e-04
3.7315662831415706e+00	7.2329999999998229e-04
3.7315682841420710e+00	7.2460000000007518e-04
3.7315702851425709e+00	7.2600000000000442e-04
3.7315722861430713e+00	7.2659999999991065e-04
3.7315742871435718e+00	7.2830000000001505e-04
3.7315762881440717e+00	7.2919999999987439e-04
3.7315782891445721e+00	7.3020000000001417e-04
3.7315802901450725e+00	7.3150000000010706e-04
3.7315822911455725e+00	7.3290000000003630e-04
3.7315842921460729e+00	7.3340000000010619e-04
3.7315862931465733e+00	7.3520000000004693e-04
3.7315882941470733e+00	7.3610000000012832e-04
3.7315902951475737e+00	7.3719999999988239e-04
3.7315922961480741e+00	7.3840000000013895e-04
3.7315942971485740e+00	7.3980000000006818e-04
3.7315962981490745e+00	7.4050000000003280e-04
3.7315982991495749e+00	7.4229999999997354e-04
3.7316003001500748e+00	7.4320000000005493e-04
3.7316023011505752e+00	7.4440000000008943e-04
3.7316043021510752e+00	7.4580000000001867e-04
3.7316063031515756e+00	7.4630000000008856e-04
3.7316083041520760e+00	7.4799999999997091e-04
3.7316103051525760e+00	7.4900000000011069e-04
3.7316123061530764e+00	7.5010000000008681e-04
3.7316143071535768e+00	7.5139999999995766e-04
3.7316163081540767e+00	7.5289999999994528e-04
3.7316183091545772e+00	7.5460000000004968e-04
3.7316203101550776e+00	7.5549999999990902e-04
3.7316223111555775e+00	7.5660000000010719e-04
3.7316243121560779e+00	7.5800000000003642e-04
3.7316263131565783e+00	7.5950000000002404e-04
3.7316283141570783e+00	7.6019999999998866e-04
3.7316303151575787e+00	7.6220000000004617e-04
3.7316323161580791e+00	7.3670000000003455e-04
3.7316343171585791e+00	7.3809999999996379e-04
3.7316363181590795e+00	7.3970000000000979e-04
3.7316383191595794e+00	7.4050000000003280e-04
3.7316403201600798e+00	7.4249999999986827e-04
3.7316423211605803e+00	7.4379999999996116e-04
3.7316443221610802e+00	7.4430000000003105e-04
3.7316463231615806e+00	7.4599999999991340e-04
3.7316483241620810e+00	7.4700000000005318e-04
3.7316503251625810e+00	7.4819999999986564e-04
3.7316523261630814e+00	7.4960000000001692e-04
3.7316543271635818e+00	7.5130000000012132e-04
3.7316563281640818e+00	7.5110000000000454e-04
3.7316583291645822e+00	7.5319999999989840e-04
3.7316603301650826e+00	7.5460000000004968e-04
3.7316623311655825e+00	7.5530000000001429e-04
3.7316643321660830e+00	7.5720000000001342e-04
3.7316663331665834e+00	7.5840000000004792e-04
3.7316683341670833e+00	7.5979999999997716e-04
3.7316703351675837e+00	7.6060000000000016e-04
3.7316723361680841e+00	7.6249999999999929e-04
3.7316743371685841e+00	7.6379999999987014e-04
3.7316763381690845e+00	7.6530000000007981e-04
3.7316783391695845e+00	7.6609999999988077e-04
3.7316803401700849e+00	7.6809999999993828e-04
3.7316823411705853e+00	7.6949999999986751e-04
3.7316843421710852e+00	7.7110000000013557e-04
3.7316863431715857e+00	7.7199999999999491e-04
3.7316883441720861e+00	7.7329999999986576e-04
3.7316903451725860e+00	7.7480000000007543e-04
3.7316923461730864e+00	7.7660000000001617e-04
3.7316943471735868e+00	7.7769999999999229e-04
3.7316963481740868e+00	7.7909999999992152e-04
3.7316983491745872e+00	7.8090000000008430e-04
3.7317003501750876e+00	7.8190000000000204e-04
3.7317023511755876e+00	7.8430000000007105e-04
3.7317043521760880e+00	7.8500000000003567e-04
3.7317063531765884e+00	7.8700000000009318e-04
3.7317083541770883e+00	7.8829999999996403e-04
3.7317103551775888e+00	7.9000000000006843e-04
3.7317123561780887e+00	7.9199999999990389e-04
3.7317143571785891e+00	7.9340000000005517e-04
3.7317163581790895e+00	7.9509999999993752e-04
3.7317183591795895e+00	7.9619999999991364e-04
3.7317203601800899e+00	7.9759999999984288e-04
3.7317223611805903e+00	7.9929999999994727e-04
3.7317243621810903e+00	8.0150000000012156e-04
3.7317263631815907e+00	8.0300000000010918e-04
3.7317283641820911e+00	8.0490000000010831e-04
3.7317303651825910e+00	8.0609999999992077e-04
3.7317323661830915e+00	8.0780000000002516e-04
3.7317343671835919e+00	8.0979999999986063e-04
3.7317363681840918e+00	8.1130000000007030e-04
3.7317383691845922e+00	8.1310000000001104e-04
3.7317403701850926e+00	8.1430000000004554e-04
3.7317423711855926e+00	8.1599999999992789e-04
3.7317443721860930e+00	8.1799999999998541e-04
3.7317463731865930e+00	8.1949999999997303e-04
3.7317483741870934e+00	8.2150000000003054e-04
3.7317503751875938e+00	8.2380000000004117e-04
3.7317523761880937e+00	8.2559999999998190e-04
3.7317543771885942e+00	8.2680000000001641e-04
3.7317563781890946e+00	8.2850000000012081e-04
3.7317583791895945e+00	8.3070000000007305e-04
3.7317603801900949e+00	8.3229999999989701e-04
3.7317623811905953e+00	8.3440000000001291e-04
3.7317643821910953e+00	8.3600000000005892e-04
3.7317663831915957e+00	8.3800000000011643e-04
3.7317683841920961e+00	8.3959999999994039e-04
3.7317703851925961e+00	8.4159999999999791e-04
3.7317723861930965e+00	8.4419999999996165e-04
3.7317743871935969e+00	8.4519999999987938e-04
3.7317763881940968e+00	8.4780000000006517e-04
3.7317783891945973e+00	8.5000000000001741e-04
3.7317803901950972e+00	8.5160000000006342e-04
3.7317823911955976e+00	8.5380000000001566e-04
3.7317843921960980e+00	8.5559999999995640e-04
3.7317863931965980e+00	8.5800000000002541e-04
3.7317883941970984e+00	8.5990000000002453e-04
3.7317903951975988e+00	8.6239999999992989e-04
3.7317923961980988e+00	8.6439999999998740e-04
3.7317943971985992e+00	8.6610000000009180e-04
3.7317963981990996e+00	8.6840000000010242e-04
3.7317983991995995e+00	8.7029999999987950e-04
3.7318004002001000e+00	8.7289999999984325e-04
3.7318024012006004e+00	8.7510000000001753e-04
3.7318044022011003e+00	8.7689999999995827e-04
3.7318064032016007e+00	8.7940000000008567e-04
3.7318084042021011e+00	8.8160000000003791e-04
3.7318104052026011e+00	8.8339999999997865e-04
3.7318124062031015e+00	8.8599999999994239e-04
3.7318144072036015e+00	8.8819999999989463e-04
3.7318164082041019e+00	8.9019999999995214e-04
3.7318184092046023e+00	8.9289999999997427e-04
3.7318204102051022e+00	8.9530000000004328e-04
3.7318224112056027e+00	8.9749999999999552e-04
3.7318244122061031e+00	9.0049999999997077e-04
3.7318264132066030e+00	9.0229999999991151e-04
3.7318284142071034e+00	9.0480000000003891e-04
3.7318304152076038e+00	9.0719999999988588e-04
3.7318324162081038e+00	9.1039999999997789e-04
3.7318344172086042e+00	9.1240000000003540e-04
3.7318364182091046e+00	9.1529999999995226e-04
3.7318384192096046e+00	9.1799999999997439e-04
3.7318404202101050e+00	9.2069999999999652e-04
3.7318424212106054e+00	9.2320000000012392e-04
3.7318444222111053e+00	9.2570000000002928e-04
3.7318464232116058e+00	9.2809999999987625e-04
3.7318484242121057e+00	9.3149999999986299e-04
3.7318504252126061e+00	9.3380000000009566e-04
3.7318524262131065e+00	9.3610000000010629e-04
3.7318544272136065e+00	9.3940000000003465e-04
3.7318564282141069e+00	9.4180000000010367e-04
3.7318584292146073e+00	9.4520000000009041e-04
3.7318604302151073e+00	9.4769999999999577e-04
3.7318624312156077e+00	9.5130000000009929e-04
3.7318644322161081e+00	9.5399999999989937e-04
3.7318664332166080e+00	9.5679999999997989e-04
3.7318684342171085e+00	9.5979999999995513e-04
3.7318704352176089e+00	9.6300000000004715e-04
3.7318724362181088e+00	9.6640000000003390e-04
3.7318744372186092e+00	9.6899999999999764e-04
3.7318764382191096e+00	9.7189999999991450e-04
3.7318784392196096e+00	9.7599999999986586e-04
3.7318804402201100e+00	9.7849999999999326e-04
3.7318824412206100e+00	9.8229999999999151e-04
3.7318844422211104e+00	9.8550000000008353e-04
3.7318864432216108e+00	9.8909999999996501e-04
3.7318884442221107e+00	9.9209999999994025e-04
3.7318904452226112e+00	9.9559999999998539e-04
3.7318924462231116e+00	9.9960000000010041e-04
3.7318944472236115e+00	1.0030999999999235e-03
3.7318964482241119e+00	1.0061000000001208e-03
3.7318984492246123e+00	1.0098000000000606e-03
3.7319004502251123e+00	1.0130999999999890e-03
3.7319024512256127e+00	1.0170999999998820e-03
3.7319044522261131e+00	1.0208000000000439e-03
3.7319064532266131e+00	1.0251999999999484e-03
3.7319084542271135e+00	1.0284000000000404e-03
3.7319104552276139e+00	1.0324999999999918e-03
3.7319124562281139e+00	1.0364999999998847e-03
3.7319144572286143e+00	1.0402999999998830e-03
3.7319164582291142e+00	1.0452000000000794e-03
3.7319184592296146e+00	1.0490999999999140e-03
3.7319204602301150e+00	1.0529999999999706e-03
3.7319224612306150e+00	1.0570999999999220e-03
3.7319244622311154e+00	1.0613999999999901e-03
3.7319264632316158e+00	1.0658999999999530e-03
3.7319284642321158e+00	1.0707000000000910e-03
3.7319304652326162e+00	1.0748999999998787e-03
3.7319324662331166e+00	1.0794000000000636e-03
3.7319344672336165e+00	1.0844999999999327e-03
3.7319364682341170e+00	1.0890999999999540e-03
3.7319384692346174e+00	1.0942999999998815e-03
3.7319404702351173e+00	1.0992999999999142e-03
3.7319424712356177e+00	1.1039999999999939e-03
3.7319444722361181e+00	1.1084999999999567e-03
3.7319464732366181e+00	1.1140000000000594e-03
3.7319484742371185e+00	1.1193999999998816e-03
3.7319504752376185e+00	1.1250000000000426e-03
3.7319524762381189e+00	1.1296999999999002e-03
3.7319544772386193e+00	1.1357999999999091e-03
3.7319564782391192e+00	1.1411999999999534e-03
3.7319584792396197e+00	1.1470000000000091e-03
3.7319604802401201e+00	1.1524999999998897e-03
3.7319624812406200e+00	1.1586999999999570e-03
3.7319644822411204e+00	1.1646000000000711e-03
3.7319664832416208e+00	1.1704999999999632e-03
3.7319684842421208e+00	1.1763999999998553e-03
3.7319704852426212e+00	1.1825999999999226e-03
3.7319724862431216e+00	1.1890000000001066e-03
3.7319744872436216e+00	1.1958999999999165e-03
3.7319764882441220e+00	1.2023999999999369e-03
3.7319784892446224e+00	1.2095999999999218e-03
3.7319804902451224e+00	1.2168000000001289e-03
3.7319824912456228e+00	1.2240000000001139e-03
3.7319844922461227e+00	1.2305999999999706e-03
3.7319864932466231e+00	1.2384999999999202e-03
3.7319884942471235e+00	1.2460999999999167e-03
3.7319904952476235e+00	1.2535000000000185e-03
3.7319924962481239e+00	1.2619999999998743e-03
3.7319944972486243e+00	1.2697999999999876e-03
3.7319964982491243e+00	1.2780999999999487e-03
3.7319984992496247e+00	1.2871000000000965e-03
3.7320005002501251e+00	1.2951000000001045e-03
3.7320025012506250e+00	1.3043999999999834e-03
3.7320045022511255e+00	1.3133000000000727e-03
3.7320065032516259e+00	1.3220000000000454e-03
3.7320085042521258e+00	1.3319000000000525e-03
3.7320105052526262e+00	1.3412999999999897e-03
3.7320125062531266e+00	1.3516000000000084e-03
3.7320145072536266e+00	1.3620999999999217e-03
3.7320165082541270e+00	1.3722000000000456e-03
3.7320185092546270e+00	1.3832999999998652e-03
3.7320205102551274e+00	1.3948999999999767e-03
3.7320225112556278e+00	1.4054999999999485e-03
3.7320245122561277e+00	1.4174000000000131e-03
3.7320265132566282e+00	1.4292999999998557e-03
3.7320285142571286e+00	1.4416999999999902e-03
3.7320305152576285e+00	1.4551000000000425e-03
3.7320325162581289e+00	1.4682000000001416e-03
3.7320345172586293e+00	1.4815999999999718e-03
3.7320365182591293e+00	1.4951000000000825e-03
3.7320385192596297e+00	1.5093999999999941e-03
3.7320405202601301e+00	1.5243000000000340e-03
3.7320425212606301e+00	1.5396000000000853e-03
3.7320445222611305e+00	1.5551999999998678e-03
3.7320465232616309e+00	1.5722000000000236e-03
3.7320485242621309e+00	1.5886000000000511e-03
3.7320505252626313e+00	1.6064000000000078e-03
3.7320525262631312e+00	1.6239000000000114e-03
3.7320545272636316e+00	1.6434000000000726e-03
3.7320565282641320e+00	1.6621999999999471e-03
3.7320585292646320e+00	1.6829000000000427e-03
3.7320605302651324e+00	1.7030000000000101e-03
3.7320625312656328e+00	1.7253999999999881e-03
3.7320645322661328e+00	1.7477999999999660e-03
3.7320665332666332e+00	1.7712999999999202e-03
3.7320685342671336e+00	1.7960999999999672e-03
3.7320705352676335e+00	1.8217000000000372e-03
3.7320725362681340e+00	1.8476999999998966e-03
3.7320745372686344e+00	1.8758000000000941e-03
3.7320765382691343e+00	1.9051999999999403e-03
3.7320785392696347e+00	1.9354000000000315e-03
3.7320805402701351e+00	1.9668999999999937e-03
3.7320825412706351e+00	2.0009999999999195e-03
3.7320845422711355e+00	2.0362000000000435e-03
3.7320865432716355e+00	2.0723999999998632e-03
3.7320885442721359e+00	2.1119999999998917e-03
3.7320905452726363e+00	2.1522000000000485e-03
3.7320925462731362e+00	2.1957999999999700e-03
3.7320945472736367e+00	2.2412000000000543e-03
3.7320965482741371e+00	2.2898000000000085e-03
3.7320985492746370e+00	2.3409999999999265e-03
3.7321005502751374e+00	2.3963999999998542e-03
3.7321025512756378e+00	2.4535999999999447e-03
3.7321045522761378e+00	2.5162000000000795e-03
3.7321065532766382e+00	2.5821999999999790e-03
3.7321085542771386e+00	2.6528999999999581e-03
3.7321105552776386e+00	2.7289000000001451e-03
3.7321125562781390e+00	2.8105000000000491e-03
3.7321145572786394e+00	2.8988000000000902e-03
3.7321165582791394e+00	2.9930000000000234e-03
3.7321185592796398e+00	3.0969999999999054e-03
3.7321205602801402e+00	3.2100000000001572e-03
3.7321225612806401e+00	3.3319999999998906e-03
3.7321245622811405e+00	3.4659999999999691e-03
3.7321265632816405e+00	3.6130000000000884e-03
3.7321285642821409e+00	3.7750000000000838e-03
3.7321305652826413e+00	3.9540000000000131e-03
3.7321325662831413e+00	4.1550000000001308e-03
3.7321345672836417e+00	4.3779999999999930e-03
3.7321365682841421e+00	4.6289999999999942e-03
3.7321385692846420e+00	4.9129999999999452e-03
3.7321405702851425e+00	5.2339999999999609e-03
3.7321425712856429e+00	5.6030000000000246e-03
3.7321445722861428e+00	6.0270000000000046e-03
3.7321465732866432e+00	6.5209999999999990e-03
3.7321485742871436e+00	7.0959999999999912e-03
3.7321505752876436e+00	7.7750000000000874e-03
3.7321525762881440e+00	8.5809999999999498e-03
3.7321545772886444e+00	9.5460000000000544e-03
3.7321565782891444e+00	1.0707000000000022e-02
3.7321585792896448e+00	1.2109999999999843e-02
3.7321605802901447e+00	1.3800000000000034e-02
3.7321625812906452e+00	1.5805999999999987e-02
3.7321645822911456e+00	1.8105999999999955e-02
3.7321665832916455e+00	2.0550000000000068e-02
3.7321685842921459e+00	2.2751100000000024e-02
3.7321705852926463e+00	2.4043499999999884e-02
3.7321725862931463e+00	2.3684569999999905e-02
3.7321745872936467e+00	2.1448699999999876e-02
3.7321765882941471e+00	1.7902000000000085e-02
3.7321785892946471e+00	1.4025999999999872e-02
3.7321805902951475e+00	1.0549999999999837e-02
3.7321825912956479e+00	7.7620000000000466e-03
3.7321845922961479e+00	5.6529999999999081e-03
3.7321865932966483e+00	4.1009999999999103e-03
3.7321885942971487e+00	2.9680000000000817e-03
3.7321905952976486e+00	2.1409999999999485e-03
3.7321925962981490e+00	1.5358999999999234e-03
3.7321945972986490e+00	1.0892000000000124e-03
3.7321965982991494e+00	7.5870000000000104e-04
3.7321985992996498e+00	5.1190000000000957e-04
3.7322006003001498e+00	3.2750000000003610e-04
3.7322026013006502e+00	1.8950000000006462e-04
3.7322046023011506e+00	8.5899999999972110e-05
3.7322066033016505e+00	8.8000000000310052e-06
3.7322086043021510e+00	-4.7899999999989618e-05
3.7322106053026514e+00	-8.9499999999964608e-05
3.7322126063031513e+00	-1.1854000000000031e-04
3.7322146073036517e+00	-1.3843000000002270e-04
3.7322166083041521e+00	-1.5056999999996101e-04
3.7322186093046521e+00	-1.5798000000000201e-04
3.7322206103051525e+00	-1.5946999999993938e-04
3.7322226113056529e+00	-1.5838000000001351e-04
3.7322246123061529e+00	-1.5440499999996860e-04
3.7322266133066533e+00	-1.4770799999996864e-04
3.7322286143071532e+00	-1.3952699999997265e-04
3.7322306153076537e+00	-1.3041599999996656e-04
3.7322326163081541e+00	-1.1919679999994326e-04
3.7322346173086540e+00	-1.0769752899997265e-04
3.7322366183091544e+00	-9.6336199999935701e-05
3.7322386193096548e+00	-8.3576099999982389e-05
3.7322406203101548e+00	-7.1288999999974401e-05
3.7322426213106552e+00	-5.8043999999979334e-05
3.7322446223111556e+00	-4.4339999999976065e-05
3.7322466233116556e+00	-3.1792000000030463e-05
3.7322486243121560e+00	-1.8282000000091614e-05
3.7322506253126564e+00	-5.0799999999906476e-06
3.7322526263131564e+00	7.0400000000692131e-06
3.7322546273136568e+00	2.0750000000013813e-05
3.7322566283141572e+00	3.3060000000029177e-05
3.7322586293146571e+00	4.5300000000025875e-05
3.7322606303151575e+00	5.8029999999931192e-05
3.7322626313156575e+00	7.0049999999932666e-05
3.7322646323161579e+00	8.2340000000069580e-05
3.7322666333166583e+00	9.4009999999977722e-05
3.7322686343171583e+00	1.0632999999993231e-04
3.7322706353176587e+00	1.1768000000000889e-04
3.7322726363181591e+00	1.2852000000007635e-04
3.7322746373186590e+00	1.3941000000006198e-04
3.7322766383191595e+00	1.5097999999991174e-04
3.7322786393196599e+00	1.6090000000001936e-04
3.7322806403201598e+00	1.7193000000004233e-04
3.7322826413206602e+00	1.8183000000004945e-04
3.7322846423211606e+00	1.9243999999996042e-04
3.7322866433216606e+00	2.0261000000010299e-04
3.7322886443221610e+00	2.1222000000009622e-04
3.7322906453226614e+00	2.2118999999998223e-04
3.7322926463231614e+00	2.3144000000008269e-04
3.7322946473236618e+00	2.3992000000006009e-04
3.7322966483241617e+00	2.4960000000007199e-04
3.7322986493246622e+00	2.5845999999996039e-04
3.7323006503251626e+00	2.6749000000014789e-04
3.7323026513256625e+00	2.7569000000005062e-04
3.7323046523261629e+00	2.8406000000003040e-04
3.7323066533266633e+00	2.9261999999996569e-04
3.7323086543271633e+00	3.0141000000005747e-04
3.7323106553276637e+00	3.0942999999994392e-04
3.7323126563281641e+00	3.1672999999998730e-04
3.7323146573286641e+00	3.2433999999992302e-04
3.7323166583291645e+00	3.3229999999995208e-04
3.7323186593296649e+00	3.3964999999991363e-04
3.7323206603301649e+00	3.4742999999992641e-04
3.7323226613306653e+00	3.5469999999993007e-04
3.7323246623311657e+00	3.6250000000004334e-04
3.7323266633316656e+00	3.6989999999992307e-04
3.7323286643321660e+00	3.7679999999995495e-04
3.7323306653326660e+00	3.8350000000009210e-04
3.7323326663331664e+00	3.8990000000005409e-04
3.7323346673336668e+00	3.9699999999998070e-04
3.7323366683341668e+00	4.0400000000007097e-04
3.7323386693346672e+00	4.0979999999990468e-04
3.7323406703351676e+00	4.1650000000004184e-04
3.7323426713356675e+00	4.2319999999995694e-04
3.7323446723361680e+00	4.2989999999987205e-04
3.7323466733366684e+00	4.3569999999992781e-04
3.7323486743371683e+00	4.4160000000004196e-04
3.7323506753376687e+00	4.4859999999991018e-04
3.7323526763381691e+00	4.5380000000005971e-04
3.7323546773386691e+00	4.6020000000002170e-04
3.7323566783391695e+00	4.6599999999985542e-04
3.7323586793396699e+00	4.7200000000002795e-04
3.7323606803401699e+00	4.7740000000007221e-04
3.7323626813406703e+00	4.8329999999996431e-04
3.7323646823411702e+00	4.8849999999989180e-04
3.7323666833416707e+00	4.9429999999994756e-04
3.7323686843421711e+00	4.9959999999993343e-04
3.7323706853426710e+00	5.0539999999998919e-04
3.7323726863431714e+00	5.1090000000009184e-04
3.7323746873436718e+00	5.1599999999996093e-04
3.7323766883441718e+00	5.2169999999995831e-04
3.7323786893446722e+00	5.2720000000006095e-04
3.7323806903451726e+00	5.3250000000004682e-04
3.7323826913456726e+00	5.3750000000007958e-04
3.7323846923461730e+00	5.4229999999999556e-04
3.7323866933466734e+00	5.4789999999993455e-04
3.7323886943471734e+00	5.5249999999995580e-04
3.7323906953476738e+00	5.5790000000000006e-04
3.7323926963481742e+00	5.6229999999990454e-04
3.7323946973486741e+00	5.6769999999994880e-04
3.7323966983491745e+00	5.7200000000001694e-04
3.7323986993496745e+00	5.7740000000006120e-04
3.7324007003501749e+00	5.8179999999996568e-04
3.7324027013506753e+00	5.8730000000006832e-04
3.7324047023511753e+00	5.9190000000008958e-04
3.7324067033516757e+00	5.9670000000000556e-04
3.7324087043521761e+00	6.0060000000006220e-04
3.7324107053526761e+00	6.0560000000009495e-04
3.7324127063531765e+00	6.0989999999994104e-04
3.7324147073536769e+00	6.1449999999996230e-04
3.7324167083541768e+00	6.1920000000004194e-04
3.7324187093546772e+00	6.2429999999991104e-04
3.7324207103551776e+00	6.2870000000003756e-04
3.7324227113556776e+00	6.3330000000005882e-04
3.7324247123561780e+00	6.3740000000001018e-04
3.7324267133566784e+00	6.4179999999991466e-04
3.7324287143571784e+00	6.4660000000005269e-04
3.7324307153576788e+00	6.5070000000000405e-04
3.7324327163581787e+00	6.5540000000008369e-04
3.7324347173586792e+00	6.5939999999997667e-04
3.7324367183591796e+00	6.6399999999999793e-04
3.7324387193596795e+00	6.6800000000011295e-04
3.7324407203601799e+00	6.7249999999985377e-04
3.7324427213606803e+00	6.7660000000002718e-04
3.7324447223611803e+00	6.8120000000004843e-04
3.7324467233616807e+00	6.8529999999999980e-04
3.7324487243621811e+00	6.8909999999999805e-04
3.7324507253626811e+00	6.9340000000006619e-04
3.7324527263631815e+00	6.9739999999995916e-04
3.7324547273636819e+00	7.0189999999992203e-04
3.7324567283641819e+00	7.0609999999993178e-04
3.7324587293646823e+00	7.0999999999998842e-04
3.7324607303651827e+00	7.1460000000000967e-04
3.7324627313656826e+00	7.1880000000001942e-04
3.7324647323661830e+00	7.2280000000013445e-04
3.7324667333666830e+00	7.2640000000001592e-04
3.7324687343671834e+00	7.3080000000014245e-04
3.7324707353676838e+00	7.3499999999993015e-04
3.7324727363681838e+00	7.3889999999998679e-04
3.7324747373686842e+00	7.4359999999984439e-04
3.7324767383691846e+00	7.4710000000011156e-04
3.7324787393696846e+00	7.5150000000001604e-04
3.7324807403701850e+00	7.5559999999996741e-04
3.7324827413706854e+00	7.5960000000008243e-04
3.7324847423711853e+00	7.6340000000008068e-04
3.7324867433716857e+00	7.6710000000002054e-04
3.7324887443721861e+00	7.7159999999998341e-04
3.7324907453726861e+00	7.7510000000002854e-04
3.7324927463731865e+00	7.7940000000009668e-04
3.7324947473736869e+00	7.8369999999994278e-04
3.7324967483741869e+00	7.8690000000003479e-04
3.7324987493746873e+00	7.9099999999998616e-04
3.7325007503751872e+00	7.9509999999993752e-04
3.7325027513756877e+00	7.9910000000005255e-04
3.7325047523761881e+00	8.0320000000000391e-04
3.7325067533766880e+00	8.0720000000011893e-04
3.7325087543771884e+00	8.1120000000001191e-04
3.7325107553776888e+00	8.1520000000012693e-04
3.7325127563781888e+00	8.1920000000001991e-04
3.7325147573786892e+00	8.2329999999997128e-04
3.7325167583791896e+00	8.2739999999992264e-04
3.7325187593796896e+00	8.3159999999993239e-04
3.7325207603801900e+00	8.3480000000002441e-04
3.7325227613806904e+00	8.3910000000009255e-04
3.7325247623811904e+00	8.4259999999991564e-04
3.7325267633816908e+00	8.4710000000010055e-04
3.7325287643821912e+00	8.5069999999998203e-04
3.7325307653826911e+00	8.5439999999992189e-04
3.7325327663831915e+00	8.5930000000011830e-04
3.7325347673836915e+00	8.6330000000001128e-04
3.7325367683841919e+00	8.6650000000010330e-04
3.7325387693846923e+00	8.7090000000000778e-04
3.7325407703851923e+00	8.7440000000005291e-04
3.7325427713856927e+00	8.7910000000013255e-04
3.7325447723861931e+00	8.8299999999996714e-04
3.7325467733866931e+00	8.8709999999991851e-04
3.7325487743871935e+00	8.9050000000012730e-04
3.7325507753876939e+00	8.9500000000009017e-04
3.7325527763881938e+00	8.9880000000008842e-04
3.7325547773886942e+00	9.0290000000003978e-04
3.7325567783891946e+00	9.0720000000010792e-04
3.7325587793896946e+00	9.1079999999998940e-04
3.7325607803901950e+00	9.1459999999998765e-04
3.7325627813906954e+00	9.1879999999999740e-04
3.7325647823911954e+00	9.2319999999990188e-04
3.7325667833916958e+00	9.2699999999990013e-04
3.7325687843921962e+00	9.3110000000007354e-04
3.7325707853926962e+00	9.3549999999997802e-04
3.7325727863931966e+00	9.3929999999997627e-04
3.7325747873936965e+00	9.4339999999992763e-04
3.7325767883941969e+00	9.4689999999997276e-04
3.7325787893946973e+00	9.5179999999994713e-04
3.7325807903951973e+00	9.5599999999995688e-04
3.7325827913956977e+00	9.5969999999989675e-04
3.7325847923961981e+00	9.6370000000001177e-04
3.7325867933966981e+00	9.6819999999997464e-04
3.7325887943971985e+00	9.7210000000003127e-04
3.7325907953976989e+00	9.7639999999987737e-04
3.7325927963981989e+00	9.8020000000009766e-04
3.7325947973986993e+00	9.8440000000010741e-04
3.7325967983991997e+00	9.8909999999996501e-04
3.7325987993996996e+00	9.9329999999997476e-04
3.7326008004002000e+00	9.9699999999991462e-04
3.7326028014007004e+00	1.0011999999999244e-03
3.7326048024012004e+00	1.0059000000000040e-03
3.7326068034017008e+00	1.0101000000000138e-03
3.7326088044022008e+00	1.0137999999999536e-03
3.7326108054027012e+00	1.0181000000000218e-03
3.7326128064032016e+00	1.0229999999999961e-03
3.7326148074037016e+00	1.0273999999999006e-03
3.7326168084042020e+00	1.0314000000000156e-03
3.7326188094047024e+00	1.0360000000000369e-03
3.7326208104052023e+00	1.0402000000000466e-03
3.7326228114057027e+00	1.0440000000000449e-03
3.7326248124062031e+00	1.0483999999999494e-03
3.7326268134067031e+00	1.0535000000000405e-03
3.7326288144072035e+00	1.0571999999999804e-03
3.7326308154077039e+00	1.0616000000001069e-03
3.7326328164082039e+00	1.0666000000001397e-03
3.7326348174087043e+00	1.0712999999999973e-03
3.7326368184092047e+00	1.0757999999999601e-03
3.7326388194097047e+00	1.0798999999999115e-03
3.7326408204102051e+00	1.0847000000000495e-03
3.7326428214107050e+00	1.0893000000000708e-03
3.7326448224112054e+00	1.0935999999999169e-03
3.7326468234117058e+00	1.0977000000000903e-03
3.7326488244122058e+00	1.1025999999998426e-03
3.7326508254127062e+00	1.1071999999998638e-03
3.7326528264132066e+00	1.1117000000000488e-03
3.7326548274137066e+00	1.1168999999999762e-03
3.7326568284142070e+00	1.1209999999999276e-03
3.7326588294147074e+00	1.1258000000000656e-03
3.7326608304152074e+00	1.1305999999999816e-03
3.7326628314157078e+00	1.1352000000000029e-03
3.7326648324162082e+00	1.1396999999999657e-03
3.7326668334167081e+00	1.1449999999999516e-03
3.7326688344172085e+00	1.1493000000000198e-03
3.7326708354177089e+00	1.1544999999999472e-03
3.7326728364182089e+00	1.1596000000000384e-03
3.7326748374187093e+00	1.1636999999999897e-03
3.7326768384192093e+00	1.1687000000000225e-03
3.7326788394197097e+00	1.1736999999998332e-03
3.7326808404202101e+00	1.1787000000000880e-03
3.7326828414207101e+00	1.1840999999999102e-03
3.7326848424212105e+00	1.1890999999999430e-03
3.7326868434217109e+00	1.1942000000000341e-03
3.7326888444222108e+00	1.1992999999999032e-03
3.7326908454227112e+00	1.2045000000000528e-03
3.7326928464232116e+00	1.2096999999999802e-03
3.7326948474237116e+00	1.2151000000000245e-03
3.7326968484242120e+00	1.2195999999999874e-03
3.7326988494247124e+00	1.2251999999999263e-03
3.7327008504252124e+00	1.2299000000000060e-03
3.7327028514257128e+00	1.2357999999998981e-03
3.7327048524262132e+00	1.2408999999999892e-03
3.7327068534267132e+00	1.2463000000000335e-03
3.7327088544272136e+00	1.2507999999999964e-03
3.7327108554277135e+00	1.2566000000000521e-03
3.7327128564282139e+00	1.2616000000000849e-03
3.7327148574287143e+00	1.2669000000000707e-03
3.7327168584292143e+00	1.2725000000000097e-03
3.7327188594297147e+00	1.2783999999999018e-03
3.7327208604302151e+00	1.2836000000000514e-03
3.7327228614307151e+00	1.2891999999999904e-03
3.7327248624312155e+00	1.2942000000000231e-03
3.7327268634317159e+00	1.3005000000001488e-03
3.7327288644322159e+00	1.3062999999999825e-03
3.7327308654327163e+00	1.3114999999999100e-03
3.7327328664332167e+00	1.3171999999999073e-03
3.7327348674337166e+00	1.3233000000001383e-03
3.7327368684342170e+00	1.3289000000000772e-03
3.7327388694347174e+00	1.3341000000000047e-03
3.7327408704352174e+00	1.3398000000000021e-03
3.7327428714357178e+00	1.3460000000000694e-03
3.7327448724362178e+00	1.3518999999999615e-03
3.7327468734367182e+00	1.3583999999999818e-03
3.7327488744372186e+00	1.3634000000000146e-03
3.7327508754377186e+00	1.3701999999999881e-03
3.7327528764382190e+00	1.3756000000000324e-03
3.7327548774387194e+00	1.3817999999998776e-03
3.7327568784392193e+00	1.3856999999999342e-03
3.7327588794397197e+00	1.3923000000000130e-03
3.7327608804402201e+00	1.3986999999999750e-03
3.7327628814407201e+00	1.4049000000000422e-03
3.7327648824412205e+00	1.4110000000000511e-03
3.7327668834417209e+00	1.4179000000000830e-03
3.7327688844422209e+00	1.4236999999999167e-03
3.7327708854427213e+00	1.4304000000000539e-03
3.7327728864432217e+00	1.4370999999999690e-03
3.7327748874437217e+00	1.4437000000000477e-03
3.7327768884442221e+00	1.4503999999999628e-03
3.7327788894447220e+00	1.4570999999998779e-03
3.7327808904452224e+00	1.4650999999998859e-03
3.7327828914457228e+00	1.4724999999999877e-03
3.7327848924462228e+00	1.4791000000000665e-03
3.7327868934467232e+00	1.4868999999999577e-03
3.7327888944472236e+00	1.4939000000000480e-03
3.7327908954477236e+00	1.5028999999999737e-03
3.7327928964482240e+00	1.5083000000000180e-03
3.7327948974487244e+00	1.5150999999999915e-03
3.7327968984492244e+00	1.5232999999998942e-03
3.7327988994497248e+00	1.5298999999999729e-03
3.7328009004502252e+00	1.5378999999999809e-03
3.7328029014507251e+00	1.5414000000000261e-03
3.7328049024512255e+00	1.5486999999998474e-03
3.7328069034517259e+00	1.5566000000000191e-03
3.7328089044522259e+00	1.5640000000001208e-03
3.7328109054527263e+00	1.5709999999999891e-03
3.7328129064532263e+00	1.5785999999999856e-03
3.7328149074537267e+00	1.5870000000000051e-03
3.7328169084542271e+00	1.5940000000000953e-03
3.7328189094547271e+00	1.6019000000000450e-03
3.7328209104552275e+00	1.6095000000000415e-03
3.7328229114557279e+00	1.6171000000000380e-03
3.7328249124562278e+00	1.6255000000000575e-03
3.7328269134567282e+00	1.6328999999999372e-03
3.7328289144572286e+00	1.6412999999999567e-03
3.7328309154577286e+00	1.6496999999999762e-03
3.7328329164582290e+00	1.6572999999999727e-03
3.7328349174587294e+00	1.6659999999999453e-03
3.7328369184592294e+00	1.6739000000001170e-03
3.7328389194597298e+00	1.6830000000001011e-03
3.7328409204602302e+00	1.6914999999999569e-03
3.7328429214607302e+00	1.6993000000000702e-03
3.7328449224612306e+00	1.7085999999999490e-03
3.7328469234617305e+00	1.7172999999999217e-03
3.7328489244622309e+00	1.7256000000001048e-03
3.7328509254627313e+00	1.7344999999999722e-03
3.7328529264632313e+00	1.7430000000000501e-03
3.7328549274637317e+00	1.7522000000000926e-03
3.7328569284642321e+00	1.7612000000000183e-03
3.7328589294647321e+00	1.7711000000000254e-03
3.7328609304652325e+00	1.7797999999999981e-03
3.7328629314657329e+00	1.7895999999999468e-03
3.7328649324662329e+00	1.7983999999999778e-03
3.7328669334667333e+00	1.8082999999999849e-03
3.7328689344672337e+00	1.8172999999999107e-03
3.7328709354677336e+00	1.8276999999999877e-03
3.7328729364682340e+00	1.8373000000000417e-03
3.7328749374687344e+00	1.8473999999999435e-03
3.7328769384692344e+00	1.8569999999999975e-03
3.7328789394697348e+00	1.8670999999998994e-03
3.7328809404702348e+00	1.8769000000000702e-03
3.7328829414707352e+00	1.8873999999999835e-03
3.7328849424712356e+00	1.8977000000000022e-03
3.7328869434717356e+00	1.9089000000001022e-03
3.7328889444722360e+00	1.9191000000000624e-03
3.7328909454727364e+00	1.9294000000000811e-03
3.7328929464732363e+00	1.9408000000000758e-03
3.7328949474737367e+00	1.9515000000001059e-03
3.7328969484742371e+00	1.9625999999999255e-03
3.7328989494747371e+00	1.9731000000000609e-03
3.7329009504752375e+00	1.9842000000001025e-03
3.7329029514757379e+00	1.9960000000001088e-03
3.7329049524762379e+00	2.0074999999999399e-03
3.7329069534767383e+00	2.0188999999999346e-03
3.7329089544772387e+00	2.0302999999999294e-03
3.7329109554777387e+00	2.0427999999999003e-03
3.7329129564782391e+00	2.0545999999999065e-03
3.7329149574787390e+00	2.0666000000000295e-03
3.7329169584792394e+00	2.0792000000000588e-03
3.7329189594797398e+00	2.0913000000000181e-03
3.7329209604802398e+00	2.1040999999999421e-03
3.7329229614807402e+00	2.1168000000000298e-03
3.7329249624812406e+00	2.1293999999998370e-03
3.7329269634817406e+00	2.1421999999999830e-03
3.7329289644822410e+00	2.1552000000000238e-03
3.7329309654827414e+00	2.1686999999999124e-03
3.7329329664832414e+00	2.1816999999999531e-03
3.7329349674837418e+00	2.1952999999999001e-03
3.7329369684842422e+00	2.2089000000000691e-03
3.7329389694847421e+00	2.2223999999999577e-03
3.7329409704852425e+00	2.2371999999999392e-03
3.7329429714857429e+00	2.2511999999998977e-03
3.7329449724862429e+00	2.2647999999998447e-03
3.7329469734867433e+00	2.2800999999998961e-03
3.7329489744872433e+00	2.2942999999999714e-03
3.7329509754877437e+00	2.3096000000000227e-03
3.7329529764882441e+00	2.3239999999999927e-03
3.7329549774887441e+00	2.3390000000000910e-03
3.7329569784892445e+00	2.3546000000000955e-03
3.7329589794897449e+00	2.3699999999999832e-03
3.7329609804902448e+00	2.3865000000000691e-03
3.7329629814907452e+00	2.4022999999999683e-03
3.7329649824912456e+00	2.4185999999999375e-03
3.7329669834917456e+00	2.4345999999999535e-03
3.7329689844922460e+00	2.4516999999999456e-03
3.7329709854927464e+00	2.4679000000000784e-03
3.7329729864932464e+00	2.4846000000000590e-03
3.7329749874937468e+00	2.5020000000000042e-03
3.7329769884942472e+00	2.5193999999999495e-03
3.7329789894947472e+00	2.5370000000000115e-03
3.7329809904952476e+00	2.5551999999999797e-03
3.7329829914957475e+00	2.5732000000000532e-03
3.7329849924962479e+00	2.5922999999998808e-03
3.7329869934967483e+00	2.6108000000000242e-03
3.7329889944972483e+00	2.6318000000000730e-03
3.7329909954977487e+00	2.6511000000000173e-03
3.7329929964982491e+00	2.6706999999999148e-03
3.7329949974987491e+00	2.6900999999999176e-03
3.7329969984992495e+00	2.7105999999998964e-03
3.7329989994997499e+00	2.7303999999999107e-03
3.7330010005002499e+00	2.7511000000000063e-03
3.7330030015007503e+00	2.7718999999999383e-03
3.7330050025012507e+00	2.7932999999999986e-03
3.7330070035017506e+00	2.8150000000000119e-03
3.7330090045022510e+00	2.8360000000000607e-03
3.7330110055027514e+00	2.8589999999999449e-03
3.7330130065032514e+00	2.8820000000000512e-03
3.7330150075037518e+00	2.9040000000000177e-03
3.7330170085042522e+00	2.9269999999999019e-03
3.7330190095047522e+00	2.9510000000001479e-03
3.7330210105052526e+00	2.9749999999999499e-03
3.7330230115057526e+00	2.9989999999999739e-03
3.7330250125062530e+00	3.0229999999999979e-03
3.7330270135067534e+00	3.0479999999999396e-03
3.7330290145072533e+00	3.0740000000000212e-03
3.7330310155077537e+00	3.1000000000001027e-03
3.7330330165082541e+00	3.1259999999999621e-03
3.7330350175087541e+00	3.1520000000000437e-03
3.7330370185092545e+00	3.1790000000000429e-03
3.7330390195097549e+00	3.2069999999999599e-03
3.7330410205102549e+00	3.2350000000000989e-03
3.7330430215107553e+00	3.2639999999999336e-03
3.7330450225112557e+00	3.2920000000000726e-03
3.7330470235117557e+00	3.3220000000000471e-03
3.7330490245122561e+00	3.3510000000001039e-03
3.7330510255127565e+00	3.3819999999999961e-03
3.7330530265132564e+00	3.4119999999999706e-03
3.7330550275137568e+00	3.4440000000000026e-03
3.7330570285142568e+00	3.4749999999998948e-03
3.7330590295147572e+00	3.5080000000000666e-03
3.7330610305152576e+00	3.5410000000000164e-03
3.7330630315157576e+00	3.5739999999999661e-03
3.7330650325162580e+00	3.6080000000000556e-03
3.7330670335167584e+00	3.6430000000000629e-03
3.7330690345172584e+00	3.6769999999999303e-03
3.7330710355177588e+00	3.7139999999999951e-03
3.7330730365182592e+00	3.7499999999999201e-03
3.7330750375187591e+00	3.7869999999999848e-03
3.7330770385192595e+00	3.8579999999999171e-03
3.7330790395197599e+00	3.8960000000001216e-03
3.7330810405202599e+00	3.9370000000000793e-03
3.7330830415207603e+00	3.9759999999999796e-03
3.7330850425212607e+00	4.0180000000000771e-03
3.7330870435217607e+00	4.0590000000000348e-03
3.7330890445222611e+00	4.1020000000000501e-03
3.7330910455227611e+00	4.1439999999999255e-03
3.7330930465232615e+00	4.1880000000000805e-03
3.7330950475237619e+00	4.2320000000000135e-03
3.7330970485242618e+00	4.2780000000000040e-03
3.7330990495247622e+00	4.3239999999999945e-03
3.7331010505252626e+00	4.3709999999999027e-03
3.7331030515257626e+00	4.4180000000000330e-03
3.7331050525262630e+00	4.4659999999998590e-03
3.7331070535267634e+00	4.5159999999999645e-03
3.7331090545272634e+00	4.5660000000000700e-03
3.7331110555277638e+00	4.6170000000000933e-03
3.7331130565282642e+00	4.6690000000000342e-03
3.7331150575287642e+00	4.7209999999999752e-03
3.7331170585292646e+00	4.7749999999999737e-03
3.7331190595297650e+00	4.8289999999999722e-03
3.7331210605302649e+00	4.8840000000001105e-03
3.7331230615307653e+00	4.9410000000000842e-03
3.7331250625312653e+00	4.9969999999999182e-03
3.7331270635317657e+00	5.0550000000000317e-03
3.7331290645322661e+00	5.1149999999999807e-03
3.7331310655327661e+00	5.1749999999999297e-03
3.7331330665332665e+00	5.2360000000000184e-03
3.7331350675337669e+00	5.2989999999999426e-03
3.7331370685342669e+00	5.3619999999998669e-03
3.7331390695347673e+00	5.4270000000000707e-03
3.7331410705352677e+00	5.4929999999999701e-03
3.7331430715357676e+00	5.5600000000000094e-03
3.7331450725362680e+00	5.6279999999999664e-03
3.7331470735367684e+00	5.6970000000000631e-03
3.7331490745372684e+00	5.7679999999999954e-03
3.7331510755377688e+00	5.8400000000000674e-03
3.7331530765382692e+00	5.9139999999999748e-03
3.7331550775387692e+00	5.9890000000000221e-03
3.7331570785392696e+00	6.0660000000001268e-03
3.7331590795397696e+00	6.1430000000000096e-03
3.7331610805402700e+00	6.2230000000000896e-03
3.7331630815407704e+00	6.3050000000000050e-03
3.7331650825412703e+00	6.3879999999998383e-03
3.7331670835417707e+00	6.4720000000000333e-03
3.7331690845422711e+00	6.5589999999999815e-03
3.7331710855427711e+00	6.6470000000000695e-03
3.7331730865432715e+00	6.7369999999999930e-03
3.7331750875437719e+00	6.8289999999999740e-03
3.7331770885442719e+00	6.9219999999998727e-03
3.7331790895447723e+00	7.0179999999999687e-03
3.7331810905452727e+00	7.1149999999999824e-03
3.7331830915457727e+00	7.2140000000000537e-03
3.7331850925462731e+00	7.3149999999999604e-03
3.7331870935467735e+00	7.4170000000000069e-03
3.7331890945472734e+00	7.5209999999998889e-03
3.7331910955477738e+00	7.6279999999999681e-03
3.7331930965482738e+00	7.7359999999999651e-03
3.7331950975487742e+00	7.8460000000000196e-03
3.7331970985492746e+00	7.9569999999999919e-03
3.7331990995497746e+00	8.0700000000000216e-03
3.7332011005502750e+00	8.1839999999999691e-03
3.7332031015507754e+00	8.2990000000000563e-03
3.7332051025512754e+00	8.4170000000001188e-03
3.7332071035517758e+00	8.5340000000000416e-03
3.7332091045522762e+00	8.6530000000000218e-03
3.7332111055527761e+00	8.7720000000000020e-03
3.7332131065532765e+00	8.8919999999999000e-03
3.7332151075537769e+00	9.0120000000000200e-03
3.7332171085542769e+00	9.1310000000000002e-03
3.7332191095547773e+00	9.2499999999999805e-03
3.7332211105552777e+00	9.3680000000000430e-03
3.7332231115557777e+00	9.4849999999999657e-03
3.7332251125562781e+00	9.6000000000000529e-03
3.7332271135567781e+00	9.7119999999999429e-03
3.7332291145572785e+00	9.8219999999999974e-03
3.7332311155577789e+00	9.9279999999999369e-03
3.7332331165582788e+00	1.0028999999999844e-02
3.7332351175587792e+00	1.0126000000000079e-02
3.7332371185592796e+00	1.0216999999999921e-02
3.7332391195597796e+00	1.0301000000000116e-02
3.7332411205602800e+00	1.0375999999999941e-02
3.7332431215607804e+00	1.0444000000000120e-02
3.7332451225612804e+00	1.0502000000000011e-02
3.7332471235617808e+00	1.0548000000000002e-02
3.7332491245622812e+00	1.0583999999999927e-02
3.7332511255627812e+00	1.0604999999999976e-02
3.7332531265632816e+00	1.0612999999999984e-02
3.7332551275637820e+00	1.0604999999999976e-02
3.7332571285642819e+00	1.0580999999999952e-02
3.7332591295647823e+00	1.0539800000000099e-02
3.7332611305652823e+00	1.0479099999999963e-02
3.7332631315657827e+00	1.0399499999999895e-02
3.7332651325662831e+00	1.0300199999999871e-02
3.7332671335667831e+00	1.0178800000000043e-02
3.7332691345672835e+00	1.0037599999999980e-02
3.7332711355677839e+00	9.8732000000001374e-03
3.7332731365682839e+00	9.6884999999999888e-03
3.7332751375687843e+00	9.4790799999999731e-03
3.7332771385692847e+00	9.2504099999999312e-03
3.7332791395697846e+00	9.0012159999999231e-03
3.7332811405702850e+00	8.7336249999998561e-03
3.7332831415707854e+00	8.4516099999998318e-03
3.7332851425712854e+00	8.1397899999999801e-03
3.7332871435717858e+00	7.8247899999999149e-03
3.7332891445722862e+00	7.4910999999999728e-03
3.7332911455727862e+00	7.1455999999998632e-03
3.7332931465732866e+00	6.7903000000000269e-03
3.7332951475737866e+00	6.4260000000000428e-03
3.7332971485742870e+00	6.0571000000000375e-03
3.7332991495747874e+00	5.6841000000000808e-03
3.7333011505752873e+00	5.3092000000001249e-03
3.7333031515757877e+00	4.9349999999999117e-03
3.7333051525762881e+00	4.5630000000000948e-03
3.7333071535767881e+00	4.1949999999999488e-03
3.7333091545772885e+00	3.8329999999999753e-03
3.7333111555777889e+00	3.4780000000000921e-03
3.7333131565782889e+00	3.1309999999999949e-03
3.7333151575787893e+00	2.7939999999999632e-03
3.7333171585792897e+00	2.4669999999999970e-03
3.7333191595797897e+00	2.1519999999999317e-03
3.7333211605802901e+00	1.8479999999998498e-03
3.7333231615807905e+00	1.5570000000000306e-03
3.7333251625812904e+00	1.2769999999999726e-03
3.7333271635817908e+00	1.0120000000000129e-03
3.7333291645822908e+00	7.5800000000003642e-04
3.7333311655827912e+00	5.1800000000001845e-04
3.7333331665832916e+00	2.8899999999998371e-04
3.7333351675837916e+00	7.2999999999989740e-05
3.7333371685842920e+00	-1.2999999999996348e-04
3.7333391695847924e+00	-3.2199999999993345e-04
3.7333411705852924e+00	-5.0200000000000244e-04
3.7333431715857928e+00	-6.7100000000008819e-04
3.7333451725862932e+00	-8.3100000000002616e-04
3.7333471735867931e+00	-9.7900000000006315e-04
3.7333491745872935e+00	-1.1179999999999524e-03
3.7333511755877939e+00	-1.2469999999999981e-03
3.7333531765882939e+00	-1.3680000000000359e-03
3.7333551775887943e+00	-1.4800000000000368e-03
3.7333571785892947e+00	-1.5850000000000586e-03
3.7333591795897947e+00	-1.6819999999999613e-03
3.7333611805902951e+00	-1.7719999999998848e-03
3.7333631815907951e+00	-1.8549999999999400e-03
3.7333651825912955e+00	-1.9319999999999338e-03
3.7333671835917959e+00	-2.0029999999999770e-03
3.7333691845922958e+00	-2.0690000000000985e-03
3.7333711855927962e+00	-2.1290000000000475e-03
3.7333731865932966e+00	-2.1839999999999637e-03
3.7333751875937966e+00	-2.2349999999999870e-03
3.7333771885942970e+00	-2.2809999999999775e-03
3.7333791895947974e+00	-2.3229999999999640e-03
3.7333811905952974e+00	-2.3619999999999752e-03
3.7333831915957978e+00	-2.3959999999999537e-03
3.7333851925962982e+00	-2.4279999999999857e-03
3.7333871935967982e+00	-2.4560000000000137e-03
3.7333891945972986e+00	-2.4820000000000952e-03
3.7333911955977990e+00	-2.5060000000000082e-03
3.7333931965982989e+00	-2.5260000000000282e-03
3.7333951975987993e+00	-2.5439999999999907e-03
3.7333971985992993e+00	-2.5600000000000067e-03
3.7333991995997997e+00	-2.5729999999999364e-03
3.7334012006003001e+00	-2.5859999999999772e-03
3.7334032016008001e+00	-2.5949999999999029e-03
3.7334052026013005e+00	-2.6040000000000507e-03
3.7334072036018009e+00	-2.6100000000000012e-03
3.7334092046023009e+00	-2.6160000000000627e-03
3.7334112056028013e+00	-2.6200000000000667e-03
3.7334132066033017e+00	-2.6230000000000420e-03
3.7334152076038016e+00	-2.6249999999999885e-03
3.7334172086043020e+00	-2.6249999999999885e-03
3.7334192096048024e+00	-2.6250000000000995e-03
3.7334212106053024e+00	-2.6239999999999597e-03
3.7334232116058028e+00	-2.6209999999999845e-03
3.7334252126063032e+00	-2.6180000000000092e-03
3.7334272136068032e+00	-2.6140000000000052e-03
3.7334292146073036e+00	-2.6100000000000012e-03
3.7334312156078036e+00	-2.6050000000000795e-03
3.7334332166083040e+00	-2.5990000000000180e-03
3.7334352176088044e+00	-2.5919999999999277e-03
3.7334372186093043e+00	-2.5857000000000241e-03
3.7334392196098047e+00	-2.5789000000000506e-03
3.7334412206103051e+00	-2.5711999999999957e-03
3.7334432216108051e+00	-2.5626000000000815e-03
3.7334452226113055e+00	-2.5540000000000562e-03
3.7334472236118059e+00	-2.5450999999999668e-03
3.7334492246123059e+00	-2.5363999999999942e-03
3.7334512256128063e+00	-2.5273999999999575e-03
3.7334532266133067e+00	-2.5171999999999972e-03
3.7334552276138067e+00	-2.5069000000000896e-03
3.7334572286143071e+00	-2.4975000000000414e-03
3.7334592296148075e+00	-2.4868000000000112e-03
3.7334612306153074e+00	-2.4763999999999342e-03
3.7334632316158078e+00	-2.4659999999999682e-03
3.7334652326163082e+00	-2.4549000000000376e-03
3.7334672336168082e+00	-2.4435999999999902e-03
3.7334692346173086e+00	-2.4332000000000242e-03
3.7334712356178086e+00	-2.4218999999999768e-03
3.7334732366183090e+00	-2.4108000000000462e-03
3.7334752376188094e+00	-2.3988999999999816e-03
3.7334772386193094e+00	-2.3878999999999984e-03
3.7334792396198098e+00	-2.3767999999999567e-03
3.7334812406203102e+00	-2.3651999999999562e-03
3.7334832416208101e+00	-2.3537999999999615e-03
3.7334852426213105e+00	-2.3421999999999610e-03
3.7334872436218109e+00	-2.3298999999999959e-03
3.7334892446223109e+00	-2.3182999999999954e-03
3.7334912456228113e+00	-2.3069000000000006e-03
3.7334932466233117e+00	-2.2959000000000174e-03
3.7334952476238117e+00	-2.2836999999999996e-03
3.7334972486243121e+00	-2.2724000000000633e-03
3.7334992496248125e+00	-2.2603999999999402e-03
3.7335012506253125e+00	-2.2495999999999627e-03
3.7335032516258129e+00	-2.2381999999999680e-03
3.7335052526263128e+00	-2.2261999999999560e-03
3.7335072536268132e+00	-2.2145999999999555e-03
3.7335092546273136e+00	-2.2035000000000249e-03
3.7335112556278136e+00	-2.1915999999999602e-03
3.7335132566283140e+00	-2.1808999999999301e-03
3.7335152576288144e+00	-2.1693000000000406e-03
3.7335172586293144e+00	-2.1575999999999818e-03
3.7335192596298148e+00	-2.1464999999999401e-03
3.7335212606303152e+00	-2.1358000000000210e-03
3.7335232616308152e+00	-2.1242000000000205e-03
3.7335252626313156e+00	-2.1135999999999378e-03
3.7335272636318160e+00	-2.1024000000000598e-03
3.7335292646323159e+00	-2.0914000000000765e-03
3.7335312656328163e+00	-2.0803000000000349e-03
3.7335332666333167e+00	-2.0695000000000574e-03
3.7335352676338167e+00	-2.0586999999999689e-03
3.7335372686343171e+00	-2.0485000000000086e-03
3.7335392696348171e+00	-2.0383000000000484e-03
3.7335412706353175e+00	-2.0278000000000240e-03
3.7335432716358179e+00	-2.0172999999999996e-03
3.7335452726363179e+00	-2.0065000000000222e-03
3.7335472736368183e+00	-1.9957000000000447e-03
3.7335492746373187e+00	-1.9854000000000260e-03
3.7335512756378186e+00	-1.9761000000000362e-03
3.7335532766383190e+00	-1.9651000000000529e-03
3.7335552776388194e+00	-1.9549000000000927e-03
3.7335572786393194e+00	-1.9457999999999975e-03
3.7335592796398198e+00	-1.9352999999999732e-03
3.7335612806403202e+00	-1.9255999999999718e-03
3.7335632816408202e+00	-1.9161999999999235e-03
3.7335652826413206e+00	-1.9063999999999748e-03
3.7335672836418210e+00	-1.8965000000000787e-03
3.7335692846423210e+00	-1.8867999999999663e-03
3.7335712856428214e+00	-1.8777000000000932e-03
3.7335732866433213e+00	-1.8673999999999635e-03
3.7335752876438217e+00	-1.8581999999999210e-03
3.7335772886443221e+00	-1.3962000000000696e-03
3.7335792896448221e+00	-1.3914000000000426e-03
3.7335812906453225e+00	-1.3875000000000970e-03
3.7335832916458229e+00	-1.3826000000000116e-03
3.7335852926463229e+00	-1.3780999999999377e-03
3.7335872936468233e+00	-1.3741999999999921e-03
3.7335892946473237e+00	-1.3701000000000407e-03
3.7335912956478237e+00	-1.3650000000000606e-03
3.7335932966483241e+00	-1.3612000000000624e-03
3.7335952976488245e+00	-1.3567999999999358e-03
3.7335972986493244e+00	-1.3520999999999672e-03
3.7335992996498248e+00	-1.3481999999999106e-03
3.7336013006503252e+00	-1.3433000000000472e-03
3.7336033016508252e+00	-1.3386999999999150e-03
3.7336053026513256e+00	-1.3345000000000162e-03
3.7336073036518256e+00	-1.3298999999999950e-03
3.7336093046523260e+00	-1.3260000000000494e-03
3.7336113056528264e+00	-1.3210000000000166e-03
3.7336133066533264e+00	-1.3170000000000126e-03
3.7336153076538268e+00	-1.3122999999999330e-03
3.7336173086543272e+00	-1.3079000000000285e-03
3.7336193096548271e+00	-1.3040100000000221e-03
3.7336213106553275e+00	-1.2987600000000654e-03
3.7336233116558279e+00	-1.2942900000000312e-03
3.7336253126563279e+00	-1.2907200000000785e-03
3.7336273136568283e+00	-1.2861799999999146e-03
3.7336293146573287e+00	-1.2817999999999996e-03
3.7336313156578287e+00	-1.2776899999999980e-03
3.7336333166583291e+00	-1.2729700000000399e-03
3.7336353176588295e+00	-1.2687500000000407e-03
3.7336373186593295e+00	-1.2641500000000194e-03
3.7336393196598299e+00	-1.2602699999999523e-03
3.7336413206603298e+00	-1.2552000000000119e-03
3.7336433216608302e+00	-1.2510700000000208e-03
3.7336453226613306e+00	-1.2469499999999689e-03
3.7336473236618306e+00	-1.2429500000000759e-03
3.7336493246623310e+00	-1.2381699999999274e-03
3.7336513256628314e+00	-1.2336800000000148e-03
3.7336533266633314e+00	-1.2295700000000132e-03
3.7336553276638318e+00	-1.2259399999999809e-03
3.7336573286643322e+00	-1.2218699999999583e-03
3.7336593296648322e+00	-1.2174199999999136e-03
3.7336613306653326e+00	-1.2126999999999555e-03
3.7336633316658330e+00	-1.2087600000000309e-03
3.7336653326663329e+00	-1.2046800000000690e-03
3.7336673336668333e+00	-1.2005399999999167e-03
3.7336693346673338e+00	-1.1964100000000366e-03
3.7336713356678337e+00	-1.1806900000000953e-03
3.7336733366683341e+00	-1.1768300000000176e-03
3.7336753376688341e+00	-1.1731699999999456e-03
3.7336773386693345e+00	-1.1687900000000306e-03
3.7336793396698349e+00	-1.1647299999999472e-03
3.7336813406703349e+00	-1.1610700000000973e-03
3.7336833416708353e+00	-1.1568499999999871e-03
3.7336853426713357e+00	-1.1531399999999969e-03
3.7336873436718356e+00	-1.1489799999999661e-03
3.7336893446723360e+00	-1.1454400000000531e-03
3.7336913456728364e+00	-1.1415700000000362e-03
3.7336933466733364e+00	-1.1374200000000556e-03
3.7336953476738368e+00	-1.1330299999999793e-03
3.7336973486743372e+00	-1.1294699999999658e-03
3.7336993496748372e+00	-1.1257599999999757e-03
3.7337013506753376e+00	-1.1219700000000277e-03
3.7337033516758380e+00	-1.1181299999999395e-03
3.7337053526763380e+00	-1.1142900000000733e-03
3.7337073536768384e+00	-1.1104900000000750e-03
3.7337093546773383e+00	-1.1067799999999739e-03
3.7337113556778387e+00	-1.1031900000000316e-03
3.7337133566783391e+00	-1.0987700000000267e-03
3.7337153576788391e+00	-1.0955500000000562e-03
3.7337173586793395e+00	-1.0915799999999809e-03
3.7337193596798399e+00	-1.0878799999999300e-03
3.7337213606803399e+00	-1.0844899999999935e-03
3.7337233616808403e+00	-1.0804599999999498e-03
3.7337253626813407e+00	-1.0768100000000391e-03
3.7337273636818407e+00	-1.0735800000000184e-03
3.7337293646823411e+00	-1.0698000000000096e-03
3.7337313656828415e+00	-1.0665100000000205e-03
3.7337333666833414e+00	-1.0627199999999615e-03
3.7337353676838418e+00	-1.0594800000000015e-03
3.7337373686843423e+00	-1.0558199999999296e-03
3.7337393696848422e+00	-1.0527599999999859e-03
3.7337413706853426e+00	-1.0493300000000705e-03
3.7337433716858426e+00	-1.0455600000000009e-03
3.7337453726863430e+00	-1.0424800000000678e-03
3.7337473736868434e+00	-1.0381099999999810e-03
3.7337493746873434e+00	-1.0354799999999775e-03
3.7337513756878438e+00	-1.0316200000000109e-03
3.7337533766883442e+00	-1.0285399999999667e-03
3.7337553776888441e+00	-1.0252799999999063e-03
3.7337573786893445e+00	-1.0218599999999300e-03
3.7337593796898449e+00	-1.0182899999999773e-03
3.7337613806903449e+00	-1.0146100000000269e-03
3.7337633816908453e+00	-1.0118300000000469e-03
3.7337653826913457e+00	-1.0079800000000194e-03
3.7337673836918457e+00	-1.0050799999999915e-03
3.7337693846923461e+00	-1.0021500000000350e-03
3.7337713856928465e+00	-9.9819999999994913e-04
3.7337733866933465e+00	-9.9526000000005332e-04
3.7337753876938469e+00	-9.9234999999997520e-04
3.7337773886943468e+00	-9.8949000000003728e-04
3.7337793896948472e+00	-9.8569000000003903e-04
3.7337813906953476e+00	-9.8296999999991641e-04
3.7337833916958476e+00	-9.7935999999998469e-04
3.7337853926963480e+00	-9.7685999999996831e-04
3.7337873936968484e+00	-9.7349000000002128e-04
3.7337893946973484e+00	-9.7027999999999004e-04
3.7337913956978488e+00	-9.6723300000001178e-04
3.7337933966983492e+00	-9.6437100000001941e-04
3.7337953976988492e+00	-9.6070900000000403e-04
3.7337973986993496e+00	-9.5825900000001685e-04
3.7337993996998500e+00	-9.5504000000001810e-04
3.7338014007003499e+00	-9.5206399999991920e-04
3.7338034017008503e+00	-9.4934499999999034e-04
3.7338054027013508e+00	-9.4589899999997229e-04
3.7338074037018507e+00	-9.4273700000002680e-04
3.7338094047023511e+00	-9.3987400000006271e-04
3.7338114057028511e+00	-9.3732400000001714e-04
3.7338134067033515e+00	-9.3409700000002260e-04
3.7338154077038519e+00	-9.3120800000001669e-04
3.7338174087043519e+00	-9.2866899999999308e-04
3.7338194097048523e+00	-9.2549100000005602e-04
3.7338214107053527e+00	-9.2268600000000589e-04
3.7338234117058526e+00	-9.2026599999994740e-04
3.7338254127063530e+00	-9.1724300000006753e-04
3.7338274137068534e+00	-9.1462700000000119e-04
3.7338294147073534e+00	-9.1142899999996363e-04
3.7338314157078538e+00	-9.0866000000000557e-04
3.7338334167083542e+00	-9.0633000000006625e-04
3.7338354177088542e+00	-9.0344999999991682e-04
3.7338374187093546e+00	-9.0002999999994060e-04
3.7338394197098550e+00	-8.9807899999994056e-04
3.7338414207103550e+00	-8.9460600000002000e-04
3.7338434217108554e+00	-8.9262300000003680e-04
3.7338454227113553e+00	-8.8913700000003981e-04
3.7338474237118557e+00	-8.8715800000005451e-04
3.7338494247123561e+00	-8.8369399999999043e-04
3.7338514257128561e+00	-8.8175499999998408e-04
3.7338534267133565e+00	-8.7834900000005600e-04
3.7338554277138569e+00	-8.7648500000003793e-04
3.7338574287143569e+00	-8.7316999999997869e-04
3.7338594297148573e+00	-8.7141199999996033e-04
3.7338614307153577e+00	-8.6821999999997512e-04
3.7338634317158577e+00	-8.6560099999999363e-04
3.7338654327163581e+00	-8.6356300000001163e-04
3.7338674337168585e+00	-8.6111399999999616e-04
3.7338694347173584e+00	-8.5825999999999958e-04
3.7338714357178588e+00	-8.5600799999996369e-04
3.7338734367183593e+00	-8.5336700000004928e-04
3.7338754377188592e+00	-8.5034200000000393e-04
3.7338774387193596e+00	-8.4794099999996320e-04
3.7338794397198596e+00	-8.4516999999995068e-04
3.7338814407203600e+00	-8.4303600000001921e-04
3.7338834417208604e+00	-8.4054399999999863e-04
3.7338854427213604e+00	-8.3870199999991346e-04
3.7338874437218608e+00	-8.3551500000000889e-04
3.7338894447223612e+00	-8.3299040000006652e-04
3.7338914457228611e+00	-8.3113270000001460e-04
3.7338934467233615e+00	-8.2894820000001257e-04
3.7338954477238619e+00	-8.2644269999998521e-04
3.7338974487243619e+00	-8.2362169999994350e-04
3.7338994497248623e+00	-8.2149079999993546e-04
3.7339014507253627e+00	-8.1905539999993504e-04
3.7339034517258627e+00	-8.1632059999992013e-04
3.7339054527263631e+00	-8.1429189999993046e-04
3.7339074537268635e+00	-8.1197420000000964e-04
3.7339094547273635e+00	-8.0937250000001626e-04
3.7339114557278639e+00	-8.0749179999994869e-04
3.7339134567283643e+00	-8.0533699999996156e-04
3.7339154577288642e+00	-8.0291270000010240e-04
3.7339174587293646e+00	-8.0022359999998294e-04
3.7339194597298646e+00	-8.0128360000009113e-04
3.7339214607303650e+00	-8.0208469999998311e-04
3.7339234617308654e+00	-7.9962459999993740e-04
3.7339254627313654e+00	-7.9691800000003532e-04
3.7339274637318658e+00	-7.9496910999998782e-04
3.7339294647323662e+00	-7.9278207999999850e-04
3.7339314657328662e+00	-7.9036103999996499e-04
3.7339334667333666e+00	-7.8770998999999620e-04
3.7339354677338670e+00	-7.8583290000000527e-04
3.7339374687343669e+00	-7.8373362999994978e-04
3.7339394697348673e+00	-7.8141600999992455e-04
3.7339414707353678e+00	-7.7888377000001618e-04
3.7339434717358677e+00	-6.3512724999992276e-04
3.7339454727363681e+00	-6.3324755600002725e-04
3.7339474737368685e+00	-6.3216301400004227e-04
3.7339494747373685e+00	-6.3087712999998491e-04
3.7339514757378689e+00	-6.3039333999992397e-04
3.7339534767383689e+00	-6.2871503000005990e-04
3.7339554777388693e+00	-6.2784552000005878e-04
3.7339574787393697e+00	-6.2678808000005137e-04
3.7339594797398696e+00	-6.2554592000008125e-04
3.7339614807403700e+00	-6.2412219000007596e-04
3.7339634817408704e+00	-6.2151166000001812e-04
3.7339654827413704e+00	2.1098103999999118e-03
3.7339674837418708e+00	2.1124349999999126e-03
3.7339694847423712e+00	2.1052229000000366e-03
3.7339714857428712e+00	2.0981713000001179e-03
3.7339734867433716e+00	2.0912773999999246e-03
3.7339754877438720e+00	2.0945384999999650e-03
3.7339774887443720e+00	2.0879520000001150e-03
3.7339794897448724e+00	2.0815150999999865e-03
3.7339814907453728e+00	2.0752253000000387e-03
3.7339834917458727e+00	2.0690800999998427e-03
3.7339854927463731e+00	2.0730768999999150e-03
3.7339874937468731e+00	2.0672132000001398e-03
3.7339894947473735e+00	2.0614866999999482e-03
3.7339914957478739e+00	2.0558950000000298e-03
3.7339934967483739e+00	2.0504357000001860e-03
3.7339954977488743e+00	2.0451065000000046e-03
3.7339974987493747e+00	2.0399051999999696e-03
3.7339994997498747e+00	2.0348295999998989e-03
3.7340015007503751e+00	2.0298774000000464e-03
3.7340035017508755e+00	2.0350465000000817e-03
3.7340055027513754e+00	2.0303349999999387e-03
3.7340075037518758e+00	2.0257399999998871e-03
3.7340095047523763e+00	2.0313859999998574e-03
3.7340115057528762e+00	2.0270220000000450e-03
3.7340135067533766e+00	2.0227680000000081e-03
3.7340155077538770e+00	2.0186239999999689e-03
3.7340175087543770e+00	2.0145880000002059e-03
3.7340195097548774e+00	2.0106559999999440e-03
3.7340215107553774e+00	2.0068280000000716e-03
3.7340235117558778e+00	2.0031019999999788e-03
3.7340255127563782e+00	1.9994750000000838e-03
3.7340275137568781e+00	1.9959469999999424e-03
3.7340295147573785e+00	1.9925149999999725e-03
3.7340315157578789e+00	1.9791780000000259e-03
3.7340335167583789e+00	1.9759329999999853e-03
3.7340355177588793e+00	1.9727819999999507e-03
3.7340375187593797e+00	1.9697199999999526e-03
3.7340395197598797e+00	1.9667450000000475e-03
3.7340415207603801e+00	1.9638570000000133e-03
3.7340435217608805e+00	1.9610530000000459e-03
3.7340455227613805e+00	1.9583329999999233e-03
3.7340475237618809e+00	1.9556949999999240e-03
3.7340495247623813e+00	1.9531380000001874e-03
3.7340515257628812e+00	1.9406600000000385e-03
3.7340535267633816e+00	1.9382589999998867e-03
3.7340555277638816e+00	1.9359350000001108e-03
3.7340575287643820e+00	1.9336860000001010e-03
3.7340595297648824e+00	1.9315099999999141e-03
3.7340615307653824e+00	1.9294060000001334e-03
3.7340635317658828e+00	1.9173740000000272e-03
3.7340655327663832e+00	1.9154099999998397e-03
3.7340675337668832e+00	1.9135160000001150e-03
3.7340695347673836e+00	1.9116880000000780e-03
3.7340715357678840e+00	1.9099269999998114e-03
3.7340735367683839e+00	1.9082300000001773e-03
3.7340755377688843e+00	1.8965959999999171e-03
3.7340775387693848e+00	1.8950250000000501e-03
3.7340795397698847e+00	1.8935150000001233e-03
3.7340815407703851e+00	1.8920650000000538e-03
3.7340835417708855e+00	1.8806740000001376e-03
3.7340855427713855e+00	1.8793399999998961e-03
3.7340875437718859e+00	1.8780640000000126e-03
3.7340895447723859e+00	1.8768430000000169e-03
3.7340915457728863e+00	1.8756760000000483e-03
3.7340935467733867e+00	1.8645640000001240e-03
3.7340955477738866e+00	1.8635030000000441e-03
3.7340975487743870e+00	1.8624949999999085e-03
3.7340995497748874e+00	1.8615369999999132e-03
3.7341015507753874e+00	1.8506279999999098e-03
3.7341035517758878e+00	1.8497680000000294e-03
3.7341055527763882e+00	1.8489560000001237e-03
3.7341075537768882e+00	1.8481910000001101e-03
3.7341095547773886e+00	1.8374719999998401e-03
3.7341115557778890e+00	1.8367969999999456e-03
3.7341135567783890e+00	1.8361669999999997e-03
3.7341155577788894e+00	1.8255799999999933e-03
3.7341175587793898e+00	1.8250360000000576e-03
3.7341195597798897e+00	1.8245329999999615e-03
3.7341215607803901e+00	1.8240700000000665e-03
3.7341235617808901e+00	1.8136479999999455e-03
3.7341255627813905e+00	1.8132639999999256e-03
3.7341275637818909e+00	1.8129190000000239e-03
3.7341295647823909e+00	1.8026119999998702e-03
3.7341315657828913e+00	1.8023410000000961e-03
3.7341335667833917e+00	1.8021070000000528e-03
3.7341355677838917e+00	1.7919069999998705e-03
3.7341375687843921e+00	1.7917430000000678e-03
3.7341395697848925e+00	1.7916119999998870e-03
3.7341415707853924e+00	1.7915139999999941e-03
3.7341435717858928e+00	1.7814480000000188e-03
3.7341455727863933e+00	1.7814149999999529e-03
3.7341475737868932e+00	1.7814120000001488e-03
3.7341495747873936e+00	1.7714399999999575e-03
3.7341515757878940e+00	1.7714970000000108e-03
3.7341535767883940e+00	1.7715840000001037e-03
3.7341555777888944e+00	1.7616990000000055e-03
3.7341575787893944e+00	1.7618420000000690e-03
3.7341595797898948e+00	1.7620119999999240e-03
3.7341615807903952e+00	1.7522089999999491e-03
3.7341635817908951e+00	1.7524319999999705e-03
3.7341655827913955e+00	1.7526800000000620e-03
3.7341675837918960e+00	1.7429530000001581e-03
3.7341695847923959e+00	1.7432500000000850e-03
3.7341715857928963e+00	1.7435709999999993e-03
3.7341735867933967e+00	1.7339149999999748e-03
3.7341755877938967e+00	1.7342819999999204e-03
3.7341775887943971e+00	1.7346709999999099e-03
3.7341795897948975e+00	1.7250810000000172e-03
3.7341815907953975e+00	1.7255130000000118e-03
3.7341835917958979e+00	1.7259650000001070e-03
3.7341855927963983e+00	1.7164370000000151e-03
3.7341875937968982e+00	1.7169280000000064e-03
3.7341895947973986e+00	1.7174390000000983e-03
3.7341915957978986e+00	1.7079679999998376e-03
3.7341935967983990e+00	1.7085150000000215e-03
3.7341955977988994e+00	1.7090799999999184e-03
3.7341975987993994e+00	1.6996620000000462e-03
3.7341995997998998e+00	1.7002600000000090e-03
3.7342016008004002e+00	1.7008750000000461e-03
3.7342036018009002e+00	1.6915060000000093e-03
3.7342056028014006e+00	1.6921519999999468e-03
3.7342076038019010e+00	1.6928130000000152e-03
3.7342096048024009e+00	1.6834900000000097e-03
3.7342116058029013e+00	1.6841800000000351e-03
3.7342136068034018e+00	1.6848799999999997e-03
3.7342156078039017e+00	1.6755999999999993e-03
3.7342176088044021e+00	1.6763300000000037e-03
3.7342196098049025e+00	1.6670700000001037e-03
3.7342216108054025e+00	1.6678299999999258e-03
3.7342236118059029e+00	1.6685900000001919e-03
3.7342256128064029e+00	1.6593700000000489e-03
3.7342276138069033e+00	1.6601599999999106e-03
3.7342296148074037e+00	1.6609600000001556e-03
3.7342316158079036e+00	1.6517699999998303e-03
3.7342336168084040e+00	1.6525900000001759e-03
3.7342356178089045e+00	1.6534200000000165e-03
3.7342376188094044e+00	1.6442500000000138e-03
3.7342396198099048e+00	1.6450999999999549e-03
3.7342416208104052e+00	1.6459600000000574e-03
3.7342436218109052e+00	1.6368200000000943e-03
3.7342456228114056e+00	1.6376899999999139e-03
3.7342476238119060e+00	1.6385699999998948e-03
3.7342496248124060e+00	1.6294599999999715e-03
3.7342516258129064e+00	1.6303499999998916e-03
3.7342536268134068e+00	1.6212500000001295e-03
3.7342556278139067e+00	1.6221700000000894e-03
3.7342576288144071e+00	1.6230799999998879e-03
3.7342596298149071e+00	1.6140000000000043e-03
3.7342616308154075e+00	1.6149199999999642e-03
3.7342636318159079e+00	1.6158500000000853e-03
3.7342656328164079e+00	1.6067899999998581e-03
3.7342676338169083e+00	1.6077299999999184e-03
3.7342696348174087e+00	1.6086699999999787e-03
3.7342716358179087e+00	1.5996199999999128e-03
3.7342736368184091e+00	1.6005700000001344e-03
3.7342756378189095e+00	1.6015300000000732e-03
3.7342776388194094e+00	1.5924900000001685e-03
3.7342796398199098e+00	1.5934500000001073e-03
3.7342816408204103e+00	1.5944100000000461e-03
3.7342836418209102e+00	1.5853800000000806e-03
3.7342856428214106e+00	1.5863499999999586e-03
3.7342876438219110e+00	1.5873299999999979e-03
3.7342896448224110e+00	1.5783000000000325e-03
3.7342916458229114e+00	1.5792800000000717e-03
3.7342936468234114e+00	1.5802599999998890e-03
3.7342956478239118e+00	1.5712299999999235e-03
3.7342976488244122e+00	1.5722199999999020e-03
3.7342996498249121e+00	1.5732000000001634e-03
3.7343016508254125e+00	1.5641799999999151e-03
3.7343036518259130e+00	1.5651600000001764e-03
3.7343056528264129e+00	1.5661499999999329e-03
3.7343076538269133e+00	1.5571299999999066e-03
3.7343096548274137e+00	1.5581100000001680e-03
3.7343116558279137e+00	1.5551000000000315e-03
3.7343136568284141e+00	1.5520799999999557e-03
3.7343156578289145e+00	1.5500600000000198e-03
3.7343176588294145e+00	1.5480399999998617e-03
3.7343196598299149e+00	1.5450200000000081e-03
3.7343216608304153e+00	1.5429999999998500e-03
3.7343236618309152e+00	1.5409800000001361e-03
3.7343256628314156e+00	1.5389599999999781e-03
3.7343276638319156e+00	1.5359299999999632e-03
3.7343296648324160e+00	1.5339000000000880e-03
3.7343316658329164e+00	1.5318699999999907e-03
3.7343336668334164e+00	1.5298400000001156e-03
3.7343356678339168e+00	1.5268099999998785e-03
3.7343376688344172e+00	1.5247700000000641e-03
3.7343396698349172e+00	1.5227300000000277e-03
3.7343416708354176e+00	1.5206899999999912e-03
3.7343436718359180e+00	1.5176500000000370e-03
3.7343456728364179e+00	1.5156000000000613e-03
3.7343476738369183e+00	1.5135500000000857e-03
3.7343496748374188e+00	1.5114899999999487e-03
3.7343516758379187e+00	1.5094300000000338e-03
3.7343536768384191e+00	1.5073699999998968e-03
3.7343556778389195e+00	1.5053000000000427e-03
3.7343576788394195e+00	1.5022399999999880e-03
3.7343596798399199e+00	1.5001599999999726e-03
3.7343616808404203e+00	1.4980799999999572e-03
3.7343636818409203e+00	1.4959999999999418e-03
3.7343656828414207e+00	1.4939099999999872e-03
3.7343676838419206e+00	1.4918200000000326e-03
3.7343696848424210e+00	1.4897300000000779e-03
3.7343716858429215e+00	1.4876299999999620e-03
3.7343736868434214e+00	1.4855199999999069e-03
3.7343756878439218e+00	1.4834099999998518e-03
3.7343776888444222e+00	1.4812900000000795e-03
3.7343796898449222e+00	1.4791700000000851e-03
3.7343816908454226e+00	1.4770399999999295e-03
3.7343836918459230e+00	1.4749099999999959e-03
3.7343856928464230e+00	1.4727699999999011e-03
3.7343876938469234e+00	1.4706300000000283e-03
3.7343896948474238e+00	1.4684799999999942e-03
3.7343916958479237e+00	1.4663200000000209e-03
3.7343936968484241e+00	1.4641600000000476e-03
3.7343956978489246e+00	1.4629900000000529e-03
3.7343976988494245e+00	1.4608199999999183e-03
3.7343996998499249e+00	1.4586399999998445e-03
3.7344017008504249e+00	1.4564500000000535e-03
3.7344037018509253e+00	1.4542600000000405e-03
3.7344057028514257e+00	1.4520600000000883e-03
3.7344077038519257e+00	1.4508500000001145e-03
3.7344097048524261e+00	1.4486400000000010e-03
3.7344117058529265e+00	1.4464199999999483e-03
3.7344137068534264e+00	1.4441899999999563e-03
3.7344157078539268e+00	1.4419599999999644e-03
3.7344177088544273e+00	1.4407199999999509e-03
3.7344197098549272e+00	1.4384700000000805e-03
3.7344217108554276e+00	1.4362100000000488e-03
3.7344237118559280e+00	1.4339500000000172e-03
3.7344257128564280e+00	1.4326799999999640e-03
3.7344277138569284e+00	1.4304000000000539e-03
3.7344297148574288e+00	1.4281199999999217e-03
3.7344317158579288e+00	1.4268200000000508e-03
3.7344337168584292e+00	1.4245200000000402e-03
3.7344357178589291e+00	1.4232100000000081e-03
3.7344377188594295e+00	1.4209000000000582e-03
3.7344397198599300e+00	1.4185700000000079e-03
3.7344417208604299e+00	1.4172400000000973e-03
3.7344437218609303e+00	1.4149000000001077e-03
3.7344457228614307e+00	1.4135500000000967e-03
3.7344477238619307e+00	1.4111900000000066e-03
3.7344497248624311e+00	1.4098300000000563e-03
3.7344517258629315e+00	1.4074600000000270e-03
3.7344537268634315e+00	1.4060700000000370e-03
3.7344557278639319e+00	1.4036799999999072e-03
3.7344577288644323e+00	1.4022799999999780e-03
3.7344597298649322e+00	1.3998799999999090e-03
3.7344617308654326e+00	1.3984600000001013e-03
3.7344637318659331e+00	1.3960399999999318e-03
3.7344657328664330e+00	1.3946000000000236e-03
3.7344677338669334e+00	1.3921599999999756e-03
3.7344697348674334e+00	1.3907099999999062e-03
3.7344717358679338e+00	1.3892499999998975e-03
3.7344737368684342e+00	1.3867800000000319e-03
3.7344757378689342e+00	1.3853100000000840e-03
3.7344777388694346e+00	1.3838200000000356e-03
3.7344797398699350e+00	1.3813199999999082e-03
3.7344817408704349e+00	1.3798199999999206e-03
3.7344837418709353e+00	1.3783000000000545e-03
3.7344857428714358e+00	1.3767799999999664e-03
3.7344877438719357e+00	1.3742500000000213e-03
3.7344897448724361e+00	1.3727100000000547e-03
3.7344917458729365e+00	1.3711599999999269e-03
3.7344937468734365e+00	1.3696000000000819e-03
3.7344957478739369e+00	1.3670299999999358e-03
3.7344977488744373e+00	1.3654499999999903e-03
3.7344997498749373e+00	1.3638600000001055e-03
3.7345017508754377e+00	1.3622600000000595e-03
3.7345037518759376e+00	1.3606600000000135e-03
3.7345057528764380e+00	1.3590400000000891e-03
3.7345077538769385e+00	1.3574100000000033e-03
3.7345097548774384e+00	1.3547799999999999e-03
3.7345117558779388e+00	1.3531300000000357e-03
3.7345137568784392e+00	1.3514800000000715e-03
3.7345157578789392e+00	1.3498100000000068e-03
3.7345177588794396e+00	1.3481399999999422e-03
3.7345197598799400e+00	1.3464499999999990e-03
3.7345217608804400e+00	1.3447600000000559e-03
3.7345237618809404e+00	1.3430500000000123e-03
3.7345257628814408e+00	1.3413399999999687e-03
3.7345277638819407e+00	1.3396100000000466e-03
3.7345297648824411e+00	1.3378800000001245e-03
3.7345317658829416e+00	1.3361400000000412e-03
3.7345337668834415e+00	1.3343800000000794e-03
3.7345357678839419e+00	1.3336200000000353e-03
3.7345377688844419e+00	1.3318399999999730e-03
3.7345397698849423e+00	1.3300600000001328e-03
3.7345417708854427e+00	1.3282699999999092e-03
3.7345437718859427e+00	1.3264600000000293e-03
3.7345457728864431e+00	1.3246499999999273e-03
3.7345477738869435e+00	1.3228199999999468e-03
3.7345497748874434e+00	1.3219899999998841e-03
3.7345517758879438e+00	1.3201400000000252e-03
3.7345537768884443e+00	1.3182899999999442e-03
3.7345557778889442e+00	1.3174300000000638e-03
3.7345577788894446e+00	1.3155499999999432e-03
3.7345597798899450e+00	1.3146600000000230e-03
3.7345617808904450e+00	1.3127699999999631e-03
3.7345637818909454e+00	1.3108600000000248e-03
3.7345657828914458e+00	1.3089399999999252e-03
3.7345677838919458e+00	1.3080199999999653e-03
3.7345697848924462e+00	1.3060799999999873e-03
3.7345717858929461e+00	1.3051299999999877e-03
3.7345737868934465e+00	1.3031699999999091e-03
3.7345757878939470e+00	1.3011999999998913e-03
3.7345777888944469e+00	1.3002300000000133e-03
3.7345797898949473e+00	1.2982399999998950e-03
3.7345817908954477e+00	1.2972399999999773e-03
3.7345837918959477e+00	1.2952299999999806e-03
3.7345857928964481e+00	1.2932100000000446e-03
3.7345877938969485e+00	1.2921699999999259e-03
3.7345897948974485e+00	1.2901299999998894e-03
3.7345917958979489e+00	1.2890800000000535e-03
3.7345937968984493e+00	1.2870199999999166e-03
3.7345957978989492e+00	1.2859400000000409e-03
3.7345977988994496e+00	1.2848599999999433e-03
3.7345997998999501e+00	1.2827699999999886e-03
3.7346018009004500e+00	1.2816600000000733e-03
3.7346038019009504e+00	1.2795400000000789e-03
3.7346058029014504e+00	1.2784200000000023e-03
3.7346078039019508e+00	1.2762799999999075e-03
3.7346098049024512e+00	1.2751399999999524e-03
3.7346118059029512e+00	1.2739800000001189e-03
3.7346138069034516e+00	1.2718099999999843e-03
3.7346158079039520e+00	1.2706300000000503e-03
3.7346178089044519e+00	1.2694399999999550e-03
3.7346198099049523e+00	1.2682399999999205e-03
3.7346218109054528e+00	1.2660300000000291e-03
3.7346238119059527e+00	1.2648099999998941e-03
3.7346258129064531e+00	1.2635800000000419e-03
3.7346278139069535e+00	1.2623300000000892e-03
3.7346298149074535e+00	1.2600799999999968e-03
3.7346318159079539e+00	1.2588199999998828e-03
3.7346338169084543e+00	1.2575400000001125e-03
3.7346358179089543e+00	1.2562600000001201e-03
3.7346378189094547e+00	1.2549600000000272e-03
3.7346398199099546e+00	1.2526500000000773e-03
3.7346418209104550e+00	1.2513400000000452e-03
3.7346438219109555e+00	1.2500099999999126e-03
3.7346458229114554e+00	1.2486700000000628e-03
3.7346478239119558e+00	1.2473200000000517e-03
3.7346498249124562e+00	1.2459600000001014e-03
3.7346518259129562e+00	1.2445899999999899e-03
3.7346538269134566e+00	1.2432099999999391e-03
3.7346558279139570e+00	1.2418199999999491e-03
3.7346578289144570e+00	1.2404200000000198e-03
3.7346598299149574e+00	1.2389999999999901e-03
3.7346618309154578e+00	1.2375799999999604e-03
3.7346638319159577e+00	1.2361499999999914e-03
3.7346658329164582e+00	1.2346999999999220e-03
3.7346678339169586e+00	1.2332500000000746e-03
3.7346698349174585e+00	1.2317799999999046e-03
3.7346718359179589e+00	1.2303000000000175e-03
3.7346738369184589e+00	1.2288199999999083e-03
3.7346758379189593e+00	1.2273199999999207e-03
3.7346778389194597e+00	1.2258099999999938e-03
3.7346798399199597e+00	1.2252900000000455e-03
3.7346818409204601e+00	1.2237600000000182e-03
3.7346838419209605e+00	1.2222200000000516e-03
3.7346858429214604e+00	1.2206699999999238e-03
3.7346878439219608e+00	1.2191100000000787e-03
3.7346898449224613e+00	1.2175300000001332e-03
3.7346918459229612e+00	1.2169499999998834e-03
3.7346938469234616e+00	1.2153599999999987e-03
3.7346958479239620e+00	1.2137500000000134e-03
3.7346978489244620e+00	1.2121400000000282e-03
3.7346998499249624e+00	1.2115099999998602e-03
3.7347018509254628e+00	1.2098799999999965e-03
3.7347038519259628e+00	1.2082300000000323e-03
3.7347058529264632e+00	1.2075700000000467e-03
3.7347078539269631e+00	1.2059100000001433e-03
3.7347098549274635e+00	1.2042299999999173e-03
3.7347118559279640e+00	1.2035399999998919e-03
3.7347138569284639e+00	1.2018400000000096e-03
3.7347158579289643e+00	1.2001299999999659e-03
3.7347178589294647e+00	1.1994099999999008e-03
3.7347198599299647e+00	1.1976799999999788e-03
3.7347218609304651e+00	1.1969400000000352e-03
3.7347238619309655e+00	1.1951800000000734e-03
3.7347258629314655e+00	1.1944200000000293e-03
3.7347278639319659e+00	1.1926499999999063e-03
3.7347298649324663e+00	1.1918699999999838e-03
3.7347318659329662e+00	1.1900700000000430e-03
3.7347338669334667e+00	1.1892700000000200e-03
3.7347358679339671e+00	1.1874499999999788e-03
3.7347378689344670e+00	1.1866299999998553e-03
3.7347398699349674e+00	1.1847899999999356e-03
3.7347418709354674e+00	1.1839499999999337e-03
3.7347438719359678e+00	1.1820900000001355e-03
3.7347458729364682e+00	1.1812199999998718e-03
3.7347478739369682e+00	1.1803400000001130e-03
3.7347498749374686e+00	1.1784599999999923e-03
3.7347518759379690e+00	1.1775599999999109e-03
3.7347538769384689e+00	1.1766500000001123e-03
3.7347558779389693e+00	1.1747300000000127e-03
3.7347578789394698e+00	1.1737999999998916e-03
3.7347598799399697e+00	1.1728600000000533e-03
3.7347618809404701e+00	1.1709099999999140e-03
3.7347638819409705e+00	1.1699499999999752e-03
3.7347658829414705e+00	1.1689800000000972e-03
3.7347678839419709e+00	1.1669999999999181e-03
3.7347698849424713e+00	1.1660099999999396e-03
3.7347718859429713e+00	1.1650000000000826e-03
3.7347738869434717e+00	1.1639900000000036e-03
3.7347758879439716e+00	1.1629699999999854e-03
3.7347778889444720e+00	1.1609399999998882e-03
3.7347798899449725e+00	1.1598900000000523e-03
3.7347818909454724e+00	1.1588399999999943e-03
3.7347838919459728e+00	1.1577799999999971e-03
3.7347858929464732e+00	1.1566999999998995e-03
3.7347878939469732e+00	1.1556200000000239e-03
3.7347898949474736e+00	1.1545299999999870e-03
3.7347918959479740e+00	1.1524199999999318e-03
3.7347938969484740e+00	1.1513100000000165e-03
3.7347958979489744e+00	1.1501800000000006e-03
3.7347978989494748e+00	1.1490499999999848e-03
3.7347998999499747e+00	1.1479000000000905e-03
3.7348019009504752e+00	1.1467499999999742e-03
3.7348039019509756e+00	1.1455799999999794e-03
3.7348059029514755e+00	1.1444099999999846e-03
3.7348079039519759e+00	1.1432199999998893e-03
3.7348099049524763e+00	1.1420300000000161e-03
3.7348119059529763e+00	1.1408200000000424e-03
3.7348139069534767e+00	1.1396100000000686e-03
3.7348159079539767e+00	1.1383799999999944e-03
3.7348179089544771e+00	1.1371499999999202e-03
3.7348199099549775e+00	1.1358999999999675e-03
3.7348219109554774e+00	1.1356399999999933e-03
3.7348239119559778e+00	1.1343800000001014e-03
3.7348259129564783e+00	1.1330999999998870e-03
3.7348279139569782e+00	1.1318200000001166e-03
3.7348299149574786e+00	1.1305200000000237e-03
3.7348319159579790e+00	1.1292199999999308e-03
3.7348339169584790e+00	1.1278999999999595e-03
3.7348359179589794e+00	1.1275799999999059e-03
3.7348379189594798e+00	1.1262400000000561e-03
3.7348399199599798e+00	1.1248900000000450e-03
3.7348419209604802e+00	1.1235400000000340e-03
3.7348439219609806e+00	1.1221699999999224e-03
3.7348459229614805e+00	1.1217999999999506e-03
3.7348479239619810e+00	1.1204199999998998e-03
3.7348499249624809e+00	1.1190199999999706e-03
3.7348519259629813e+00	1.1176200000000414e-03
3.7348539269634817e+00	1.1171999999999294e-03
3.7348559279639817e+00	1.1157799999998996e-03
3.7348579289644821e+00	1.1143399999999914e-03
3.7348599299649825e+00	1.1139000000000010e-03
3.7348619309654825e+00	1.1124499999999315e-03
3.7348639319659829e+00	1.1109799999999836e-03
3.7348659329664833e+00	1.1105099999999535e-03
3.7348679339669832e+00	1.1090300000000664e-03
3.7348699349674837e+00	1.1085399999999357e-03
3.7348719359679841e+00	1.1070300000000088e-03
3.7348739369684840e+00	1.1055200000000820e-03
3.7348759379689844e+00	1.1049999999999116e-03
3.7348779389694848e+00	1.1034700000001063e-03
3.7348799399699848e+00	1.1029300000000575e-03
3.7348819409704852e+00	1.1013799999999296e-03
3.7348839419709852e+00	1.1008200000000024e-03
3.7348859429714856e+00	1.0992499999999961e-03
3.7348879439719860e+00	1.0986699999999683e-03
3.7348899449724859e+00	1.0970900000000228e-03
3.7348919459729863e+00	1.0964900000001165e-03
3.7348939469734868e+00	1.0948799999999093e-03
3.7348959479739867e+00	1.0942600000001246e-03
3.7348979489744871e+00	1.0926399999999781e-03
3.7348999499749875e+00	1.0920000000000929e-03
3.7349019509754875e+00	1.0903600000000679e-03
3.7349039519759879e+00	1.0897000000000823e-03
3.7349059529764883e+00	1.0890400000000966e-03
3.7349079539769883e+00	1.0873700000000319e-03
3.7349099549774887e+00	1.0866800000000065e-03
3.7349119559779891e+00	1.0859899999999811e-03
3.7349139569784890e+00	1.0842900000000988e-03
3.7349159579789895e+00	1.0835799999999729e-03
3.7349179589794894e+00	1.0828599999999078e-03
3.7349199599799898e+00	1.0811299999999857e-03
3.7349219609804902e+00	1.0803900000000421e-03
3.7349239619809902e+00	1.0796399999999373e-03
3.7349259629814906e+00	1.0778799999999755e-03
3.7349279639819910e+00	1.0771099999999922e-03
3.7349299649824910e+00	1.0763400000000090e-03
3.7349319659829914e+00	1.0755499999999252e-03
3.7349339669834918e+00	1.0737599999999237e-03
3.7349359679839917e+00	1.0729499999999614e-03
3.7349379689844922e+00	1.0721399999999992e-03
3.7349399699849926e+00	1.0713200000000977e-03
3.7349419709854925e+00	1.0704900000000350e-03
3.7349439719859929e+00	1.0686500000001153e-03
3.7349459729864933e+00	1.0677999999999521e-03
3.7349479739869933e+00	1.0669399999998497e-03
3.7349499749874937e+00	1.0660700000000300e-03
3.7349519759879937e+00	1.0651900000000492e-03
3.7349539769884941e+00	1.0643099999998462e-03
3.7349559779889945e+00	1.0634099999999869e-03
3.7349579789894944e+00	1.0625099999999055e-03
3.7349599799899948e+00	1.0615899999999456e-03
3.7349619809904953e+00	1.0596700000000681e-03
3.7349639819909952e+00	1.0587399999999469e-03
3.7349659829914956e+00	1.0578000000001087e-03
3.7349679839919960e+00	1.0568499999998870e-03
3.7349699849924960e+00	1.0558899999999483e-03
3.7349719859929964e+00	1.0549300000000095e-03
3.7349739869934968e+00	1.0539499999999702e-03
3.7349759879939968e+00	1.0529599999999917e-03
3.7349779889944972e+00	1.0519700000000132e-03
3.7349799899949976e+00	1.0509700000000954e-03
3.7349819909954975e+00	1.0499600000000164e-03
3.7349839919959980e+00	1.0489300000000590e-03
3.7349859929964979e+00	1.0479100000000408e-03
3.7349879939969983e+00	1.0478700000000618e-03
3.7349899949974987e+00	1.0468200000000039e-03
3.7349919959979987e+00	1.0457600000000067e-03
3.7349939969984991e+00	1.0447000000000095e-03
3.7349959979989995e+00	1.0436299999998511e-03
3.7349979989994995e+00	1.0425400000000362e-03
3.7349999999999999e+00	1.0414499999999993e-03
