3.7300000000000000e+00	1.1302599999999999e-03
3.7300100100100102e+00	1.1327600000000000e-03
3.7300200200200200e+00	1.1352599999999999e-03
3.7300300300300302e+00	1.1377700000000000e-03
3.7300400400400400e+00	1.1402800000000000e-03
3.7300500500500502e+00	1.1428000000000000e-03
3.7300600600600600e+00	1.1453300000000000e-03
3.7300700700700702e+00	1.1478599999999999e-03
3.7300800800800800e+00	1.1503900000000000e-03
3.7300900900900902e+00	1.1529299999999999e-03
3.7301001001001000e+00	1.1554800000000000e-03
3.7301101101101102e+00	1.1580300000000000e-03
3.7301201201201200e+00	1.1605800000000000e-03
3.7301301301301302e+00	1.1631400000000000e-03
3.7301401401401399e+00	1.1657099999999999e-03
3.7301501501501502e+00	1.1682800000000001e-03
3.7301601601601599e+00	1.1708599999999999e-03
3.7301701701701702e+00	1.1734400000000000e-03
3.7301801801801804e+00	1.1760300000000000e-03
3.7301901901901902e+00	1.1786200000000000e-03
3.7302002002002004e+00	1.1812200000000000e-03
3.7302102102102102e+00	1.1838300000000001e-03
3.7302202202202204e+00	1.1864400000000000e-03
3.7302302302302301e+00	1.1890500000000001e-03
3.7302402402402404e+00	1.1916800000000001e-03
3.7302502502502501e+00	1.1942999999999999e-03
3.7302602602602604e+00	1.1969400000000001e-03
3.7302702702702701e+00	1.1995700000000001e-03
3.7302802802802804e+00	1.2022199999999999e-03
3.7302902902902901e+00	1.2048700000000000e-03
3.7303003003003004e+00	1.2075199999999999e-03
3.7303103103103101e+00	1.2101900000000001e-03
3.7303203203203203e+00	1.2128499999999999e-03
3.7303303303303301e+00	1.2155300000000000e-03
3.7303403403403403e+00	1.2182100000000000e-03
3.7303503503503501e+00	1.2208900000000001e-03
3.7303603603603603e+00	1.2235799999999999e-03
3.7303703703703706e+00	1.2262799999999999e-03
3.7303803803803803e+00	1.2289800000000000e-03
3.7303903903903906e+00	1.2316899999999999e-03
3.7304004004004003e+00	1.2344100000000000e-03
3.7304104104104105e+00	1.2371299999999999e-03
3.7304204204204203e+00	1.2398600000000000e-03
3.7304304304304305e+00	1.2425900000000000e-03
3.7304404404404403e+00	1.2453300000000000e-03
3.7304504504504505e+00	1.2480799999999999e-03
3.7304604604604603e+00	1.2508300000000001e-03
3.7304704704704705e+00	1.2535900000000000e-03
3.7304804804804803e+00	1.2563500000000000e-03
3.7304904904904905e+00	1.2591300000000000e-03
3.7305005005005003e+00	1.2619000000000000e-03
3.7305105105105105e+00	1.2646900000000000e-03
3.7305205205205203e+00	1.2674800000000001e-03
3.7305305305305305e+00	1.2702799999999999e-03
3.7305405405405407e+00	1.2730800000000000e-03
3.7305505505505505e+00	1.2758900000000000e-03
3.7305605605605607e+00	1.2787100000000000e-03
3.7305705705705705e+00	1.2815299999999999e-03
3.7305805805805807e+00	1.2843600000000000e-03
3.7305905905905905e+00	1.2872000000000001e-03
3.7306006006006007e+00	1.2900500000000001e-03
3.7306106106106105e+00	1.2929000000000000e-03
3.7306206206206207e+00	1.2957600000000000e-03
3.7306306306306305e+00	1.2986199999999999e-03
3.7306406406406407e+00	1.3014900000000000e-03
3.7306506506506505e+00	1.3043700000000000e-03
3.7306606606606607e+00	1.3072600000000000e-03
3.7306706706706705e+00	1.3101499999999999e-03
3.7306806806806807e+00	1.3130500000000001e-03
3.7306906906906905e+00	1.3159599999999999e-03
3.7307007007007007e+00	1.3188700000000000e-03
3.7307107107107109e+00	1.3217900000000000e-03
3.7307207207207207e+00	1.3247199999999999e-03
3.7307307307307309e+00	1.3276600000000000e-03
3.7307407407407407e+00	1.3305999999999999e-03
3.7307507507507509e+00	1.3335500000000000e-03
3.7307607607607607e+00	1.3365100000000000e-03
3.7307707707707709e+00	1.3394699999999999e-03
3.7307807807807807e+00	1.3424500000000000e-03
3.7307907907907909e+00	1.3454300000000001e-03
3.7308008008008007e+00	1.3484100000000000e-03
3.7308108108108109e+00	1.3514099999999999e-03
3.7308208208208207e+00	1.3544099999999999e-03
3.7308308308308309e+00	1.3574200000000000e-03
3.7308408408408407e+00	1.3604400000000001e-03
3.7308508508508509e+00	1.3634700000000001e-03
3.7308608608608607e+00	1.3665000000000001e-03
3.7308708708708709e+00	1.3695500000000000e-03
3.7308808808808811e+00	1.3726000000000001e-03
3.7308908908908909e+00	1.3756599999999999e-03
3.7309009009009011e+00	1.3787199999999999e-03
3.7309109109109109e+00	1.3818000000000001e-03
3.7309209209209211e+00	1.3848800000000000e-03
3.7309309309309309e+00	1.3879700000000001e-03
3.7309409409409411e+00	1.3910699999999999e-03
3.7309509509509509e+00	1.3941800000000001e-03
3.7309609609609611e+00	1.3972900000000000e-03
3.7309709709709709e+00	1.4004200000000001e-03
3.7309809809809811e+00	1.4035499999999999e-03
3.7309909909909909e+00	1.4066899999999999e-03
3.7310010010010011e+00	1.4098400000000001e-03
3.7310110110110108e+00	1.4130000000000000e-03
3.7310210210210211e+00	1.4161700000000000e-03
3.7310310310310308e+00	1.4193400000000001e-03
3.7310410410410411e+00	1.4225300000000000e-03
3.7310510510510508e+00	1.4257199999999999e-03
3.7310610610610611e+00	1.4289299999999999e-03
3.7310710710710713e+00	1.4321399999999999e-03
3.7310810810810811e+00	1.4353600000000001e-03
3.7310910910910913e+00	1.4385900000000000e-03
3.7311011011011010e+00	1.4418300000000001e-03
3.7311111111111113e+00	1.4450699999999999e-03
3.7311211211211210e+00	1.4483300000000001e-03
3.7311311311311313e+00	1.4515999999999999e-03
3.7311411411411410e+00	1.4548700000000000e-03
3.7311511511511513e+00	1.4581600000000000e-03
3.7311611611611610e+00	1.4614500000000000e-03
3.7311711711711713e+00	1.4647600000000001e-03
3.7311811811811810e+00	1.4680699999999999e-03
3.7311911911911912e+00	1.4714000000000001e-03
3.7312012012012010e+00	1.4747300000000001e-03
3.7312112112112112e+00	1.4780699999999999e-03
3.7312212212212210e+00	1.4814299999999999e-03
3.7312312312312312e+00	1.4847899999999999e-03
3.7312412412412415e+00	1.4881600000000001e-03
3.7312512512512512e+00	1.4915499999999999e-03
3.7312612612612615e+00	1.4949399999999999e-03
3.7312712712712712e+00	1.4983500000000001e-03
3.7312812812812814e+00	1.5017600000000000e-03
3.7312912912912912e+00	1.5051800000000001e-03
3.7313013013013014e+00	1.5086200000000000e-03
3.7313113113113112e+00	1.5120699999999999e-03
3.7313213213213214e+00	1.5155200000000000e-03
3.7313313313313312e+00	1.5189900000000000e-03
3.7313413413413414e+00	1.5224699999999999e-03
3.7313513513513512e+00	1.5259600000000000e-03
3.7313613613613614e+00	1.5294600000000001e-03
3.7313713713713712e+00	1.5329700000000000e-03
3.7313813813813814e+00	1.5364899999999999e-03
3.7313913913913912e+00	1.5400200000000000e-03
3.7314014014014014e+00	1.5435600000000000e-03
3.7314114114114116e+00	1.5471199999999999e-03
3.7314214214214214e+00	1.5506900000000000e-03
3.7314314314314316e+00	1.5542600000000000e-03
3.7314414414414414e+00	1.5578499999999999e-03
3.7314514514514516e+00	1.5614600000000000e-03
3.7314614614614614e+00	1.5650700000000000e-03
3.7314714714714716e+00	1.5686900000000000e-03
3.7314814814814814e+00	1.5723300000000000e-03
3.7314914914914916e+00	1.5759800000000000e-03
3.7315015015015014e+00	1.5796400000000000e-03
3.7315115115115116e+00	1.5833100000000001e-03
3.7315215215215214e+00	1.5870000000000001e-03
3.7315315315315316e+00	1.5907000000000000e-03
3.7315415415415414e+00	1.5944100000000001e-03
3.7315515515515516e+00	1.5981299999999999e-03
3.7315615615615614e+00	1.6018700000000000e-03
3.7315715715715716e+00	1.6056099999999999e-03
3.7315815815815818e+00	1.6093699999999999e-03
3.7315915915915916e+00	1.6131500000000000e-03
3.7316016016016018e+00	1.6169400000000001e-03
3.7316116116116116e+00	1.6207400000000001e-03
3.7316216216216218e+00	1.6245500000000000e-03
3.7316316316316316e+00	1.6283800000000000e-03
3.7316416416416418e+00	1.6322200000000000e-03
3.7316516516516516e+00	1.6360700000000001e-03
3.7316616616616618e+00	1.6399400000000001e-03
3.7316716716716716e+00	1.6438200000000000e-03
3.7316816816816818e+00	1.6477099999999999e-03
3.7316916916916916e+00	1.6516199999999999e-03
3.7317017017017018e+00	1.6555500000000000e-03
3.7317117117117116e+00	1.6594800000000001e-03
3.7317217217217218e+00	1.6634400000000000e-03
3.7317317317317316e+00	1.6674000000000001e-03
3.7317417417417418e+00	1.6713800000000001e-03
3.7317517517517516e+00	1.6753800000000000e-03
3.7317617617617618e+00	1.6793900000000000e-03
3.7317717717717720e+00	1.6834199999999999e-03
3.7317817817817818e+00	1.6874600000000000e-03
3.7317917917917920e+00	1.6915100000000000e-03
3.7318018018018018e+00	1.6955799999999999e-03
3.7318118118118120e+00	1.6996699999999999e-03
3.7318218218218218e+00	1.7037700000000001e-03
3.7318318318318320e+00	1.7078900000000001e-03
3.7318418418418418e+00	1.7120200000000001e-03
3.7318518518518520e+00	1.7161699999999999e-03
3.7318618618618618e+00	1.7203400000000001e-03
3.7318718718718720e+00	1.7245200000000000e-03
3.7318818818818817e+00	1.7287200000000000e-03
3.7318918918918920e+00	1.7329299999999999e-03
3.7319019019019017e+00	1.7371600000000000e-03
3.7319119119119120e+00	1.7414100000000001e-03
3.7319219219219217e+00	1.7456800000000001e-03
3.7319319319319320e+00	1.7499600000000001e-03
3.7319419419419422e+00	1.7542600000000001e-03
3.7319519519519520e+00	1.7585800000000000e-03
3.7319619619619622e+00	1.7629099999999999e-03
3.7319719719719719e+00	1.7672600000000001e-03
3.7319819819819822e+00	1.7716299999999999e-03
3.7319919919919919e+00	1.7760199999999999e-03
3.7320020020020022e+00	1.7804299999999999e-03
3.7320120120120119e+00	1.7848499999999999e-03
3.7320220220220222e+00	1.7893000000000000e-03
3.7320320320320319e+00	1.7937599999999999e-03
3.7320420420420422e+00	1.7982400000000000e-03
3.7320520520520519e+00	1.8027399999999999e-03
3.7320620620620621e+00	1.8072600000000000e-03
3.7320720720720719e+00	1.8117999999999999e-03
3.7320820820820821e+00	1.8163500000000000e-03
3.7320920920920919e+00	1.8209299999999999e-03
3.7321021021021021e+00	1.8255299999999999e-03
3.7321121121121124e+00	1.8301500000000000e-03
3.7321221221221221e+00	1.8347800000000000e-03
3.7321321321321324e+00	1.8394399999999999e-03
3.7321421421421421e+00	1.8441200000000001e-03
3.7321521521521523e+00	1.8488199999999999e-03
3.7321621621621621e+00	1.8535400000000001e-03
3.7321721721721723e+00	1.8582900000000001e-03
3.7321821821821821e+00	1.8630500000000000e-03
3.7321921921921923e+00	1.8678400000000000e-03
3.7322022022022021e+00	1.8726400000000001e-03
3.7322122122122123e+00	1.8774700000000000e-03
3.7322222222222221e+00	1.8823200000000000e-03
3.7322322322322323e+00	1.8871999999999999e-03
3.7322422422422421e+00	1.8921000000000001e-03
3.7322522522522523e+00	1.8970199999999999e-03
3.7322622622622621e+00	1.9019600000000001e-03
3.7322722722722723e+00	1.9069300000000000e-03
3.7322822822822825e+00	1.9119199999999999e-03
3.7322922922922923e+00	1.9169300000000001e-03
3.7323023023023025e+00	1.9219700000000001e-03
3.7323123123123123e+00	1.9270299999999999e-03
3.7323223223223225e+00	1.9321200000000001e-03
3.7323323323323323e+00	1.9372300000000001e-03
3.7323423423423425e+00	1.9423699999999999e-03
3.7323523523523523e+00	1.9475400000000000e-03
3.7323623623623625e+00	1.9527200000000000e-03
3.7323723723723723e+00	1.9579400000000000e-03
3.7323823823823825e+00	1.9631800000000001e-03
3.7323923923923923e+00	1.9684500000000001e-03
3.7324024024024025e+00	1.9737399999999999e-03
3.7324124124124123e+00	1.9790599999999999e-03
3.7324224224224225e+00	1.9844099999999998e-03
3.7324324324324323e+00	1.9897900000000000e-03
3.7324424424424425e+00	1.9951900000000000e-03
3.7324524524524523e+00	2.0006199999999998e-03
3.7324624624624625e+00	2.0060799999999999e-03
3.7324724724724727e+00	2.0115699999999999e-03
3.7324824824824825e+00	2.0170900000000000e-03
3.7324924924924927e+00	2.0226400000000000e-03
3.7325025025025025e+00	2.0282199999999998e-03
3.7325125125125127e+00	2.0338299999999999e-03
3.7325225225225225e+00	2.0394699999999998e-03
3.7325325325325327e+00	2.0451300000000000e-03
3.7325425425425425e+00	2.0508300000000000e-03
3.7325525525525527e+00	2.0565700000000002e-03
3.7325625625625625e+00	2.0623299999999998e-03
3.7325725725725727e+00	2.0681200000000001e-03
3.7325825825825825e+00	2.0739500000000002e-03
3.7325925925925927e+00	2.0798100000000001e-03
3.7326026026026025e+00	2.0857100000000002e-03
3.7326126126126127e+00	2.0916300000000001e-03
3.7326226226226225e+00	2.0975999999999998e-03
3.7326326326326327e+00	2.1035899999999998e-03
3.7326426426426429e+00	2.1096200000000000e-03
3.7326526526526527e+00	2.1156899999999999e-03
3.7326626626626629e+00	2.1217900000000001e-03
3.7326726726726727e+00	2.1279300000000001e-03
3.7326826826826829e+00	2.1340999999999999e-03
3.7326926926926927e+00	2.1403099999999999e-03
3.7327027027027029e+00	2.1465600000000000e-03
3.7327127127127127e+00	2.1528500000000000e-03
3.7327227227227229e+00	2.1591700000000002e-03
3.7327327327327327e+00	2.1655300000000001e-03
3.7327427427427429e+00	2.1719399999999998e-03
3.7327527527527526e+00	2.1783800000000002e-03
3.7327627627627629e+00	2.1848599999999998e-03
3.7327727727727726e+00	2.1913800000000002e-03
3.7327827827827829e+00	2.1979399999999998e-03
3.7327927927927926e+00	2.2045500000000000e-03
3.7328028028028029e+00	2.2112000000000000e-03
3.7328128128128131e+00	2.2178800000000002e-03
3.7328228228228229e+00	2.2246200000000001e-03
3.7328328328328331e+00	2.2313900000000002e-03
3.7328428428428428e+00	2.2382100000000000e-03
3.7328528528528531e+00	2.2450800000000000e-03
3.7328628628628628e+00	2.2519900000000002e-03
3.7328728728728731e+00	2.2589500000000000e-03
3.7328828828828828e+00	2.2659500000000001e-03
3.7328928928928931e+00	2.2729999999999998e-03
3.7329029029029028e+00	2.2801000000000002e-03
3.7329129129129131e+00	2.2872399999999998e-03
3.7329229229229228e+00	2.2944400000000000e-03
3.7329329329329330e+00	2.3016800000000000e-03
3.7329429429429428e+00	2.3089800000000000e-03
3.7329529529529530e+00	2.3163200000000002e-03
3.7329629629629628e+00	2.3237200000000000e-03
3.7329729729729730e+00	2.3311700000000000e-03
3.7329829829829833e+00	2.3386700000000002e-03
3.7329929929929930e+00	2.3462299999999999e-03
3.7330030030030033e+00	2.3538399999999998e-03
3.7330130130130130e+00	2.3615099999999998e-03
3.7330230230230232e+00	2.3692299999999999e-03
3.7330330330330330e+00	2.3770100000000001e-03
3.7330430430430432e+00	2.3848500000000000e-03
3.7330530530530530e+00	2.3927400000000000e-03
3.7330630630630632e+00	2.4007000000000000e-03
3.7330730730730730e+00	2.4087100000000001e-03
3.7330830830830832e+00	2.4167899999999998e-03
3.7330930930930930e+00	2.4249200000000001e-03
3.7331031031031032e+00	2.4331200000000000e-03
3.7331131131131130e+00	2.4413899999999999e-03
3.7331231231231232e+00	2.4497099999999999e-03
3.7331331331331330e+00	2.4581099999999999e-03
3.7331431431431432e+00	2.4665700000000000e-03
3.7331531531531530e+00	2.4750900000000001e-03
3.7331631631631632e+00	2.4836900000000002e-03
3.7331731731731734e+00	2.4923499999999999e-03
3.7331831831831832e+00	2.5010900000000001e-03
3.7331931931931934e+00	2.5098899999999999e-03
3.7332032032032032e+00	2.5187700000000000e-03
3.7332132132132134e+00	2.5277199999999998e-03
3.7332232232232232e+00	2.5367499999999999e-03
3.7332332332332334e+00	2.5458500000000001e-03
3.7332432432432432e+00	2.5550299999999998e-03
3.7332532532532534e+00	2.5642899999999999e-03
3.7332632632632632e+00	2.5736299999999999e-03
3.7332732732732734e+00	2.5830400000000000e-03
3.7332832832832832e+00	2.5925399999999999e-03
3.7332932932932934e+00	2.6021299999999998e-03
3.7333033033033032e+00	2.6117900000000001e-03
3.7333133133133134e+00	2.6215499999999998e-03
3.7333233233233232e+00	2.6313899999999999e-03
3.7333333333333334e+00	2.6413200000000000e-03
3.7333433433433436e+00	2.6513399999999999e-03
3.7333533533533534e+00	2.6614500000000001e-03
3.7333633633633636e+00	2.6716499999999998e-03
3.7333733733733734e+00	2.6819499999999998e-03
3.7333833833833836e+00	2.6923500000000000e-03
3.7333933933933934e+00	2.7028400000000002e-03
3.7334034034034036e+00	2.7134300000000002e-03
3.7334134134134134e+00	2.7241200000000000e-03
3.7334234234234236e+00	2.7349200000000001e-03
3.7334334334334334e+00	2.7458199999999999e-03
3.7334434434434436e+00	2.7568300000000000e-03
3.7334534534534534e+00	2.7679499999999999e-03
3.7334634634634636e+00	2.7791700000000001e-03
3.7334734734734734e+00	2.7905100000000000e-03
3.7334834834834836e+00	2.8019700000000000e-03
3.7334934934934934e+00	2.8135299999999999e-03
3.7335035035035036e+00	2.8252199999999998e-03
3.7335135135135138e+00	2.8370299999999999e-03
3.7335235235235236e+00	2.8489600000000002e-03
3.7335335335335338e+00	2.8610200000000001e-03
3.7335435435435436e+00	2.8731999999999998e-03
3.7335535535535538e+00	2.8855100000000000e-03
3.7335635635635636e+00	2.8979600000000002e-03
3.7335735735735738e+00	2.9105400000000001e-03
3.7335835835835836e+00	2.9232500000000001e-03
3.7335935935935938e+00	2.9361100000000000e-03
3.7336036036036035e+00	2.9491000000000001e-03
3.7336136136136138e+00	2.9622500000000000e-03
3.7336236236236235e+00	2.9755400000000000e-03
3.7336336336336338e+00	2.9889800000000000e-03
3.7336436436436435e+00	3.0025700000000000e-03
3.7336536536536538e+00	3.0163299999999998e-03
3.7336636636636635e+00	3.0302400000000000e-03
3.7336736736736738e+00	3.0443100000000002e-03
3.7336836836836835e+00	3.0585500000000002e-03
3.7336936936936937e+00	3.0729600000000000e-03
3.7337037037037040e+00	3.0875500000000001e-03
3.7337137137137137e+00	3.1023100000000001e-03
3.7337237237237240e+00	3.1172499999999998e-03
3.7337337337337337e+00	3.1323800000000001e-03
3.7337437437437440e+00	3.1476899999999999e-03
3.7337537537537537e+00	3.1631900000000002e-03
3.7337637637637640e+00	3.1789000000000001e-03
3.7337737737737737e+00	3.1947999999999998e-03
3.7337837837837839e+00	3.2109100000000000e-03
3.7337937937937937e+00	3.2272199999999998e-03
3.7338038038038039e+00	3.2437600000000000e-03
3.7338138138138137e+00	3.2604999999999999e-03
3.7338238238238239e+00	3.2774800000000002e-03
3.7338338338338337e+00	3.2946799999999999e-03
3.7338438438438439e+00	3.3121200000000000e-03
3.7338538538538537e+00	3.3297900000000000e-03
3.7338638638638639e+00	3.3477099999999998e-03
3.7338738738738741e+00	3.3658799999999999e-03
3.7338838838838839e+00	3.3843100000000002e-03
3.7338938938938941e+00	3.4030000000000002e-03
3.7339039039039039e+00	3.4219599999999999e-03
3.7339139139139141e+00	3.4411899999999998e-03
3.7339239239239239e+00	3.4607100000000001e-03
3.7339339339339341e+00	3.4805100000000000e-03
3.7339439439439439e+00	3.5006199999999999e-03
3.7339539539539541e+00	3.5210200000000001e-03
3.7339639639639639e+00	3.5417399999999998e-03
3.7339739739739741e+00	3.5627699999999998e-03
3.7339839839839839e+00	3.5841300000000000e-03
3.7339939939939941e+00	3.6058300000000000e-03
3.7340040040040039e+00	3.6278700000000001e-03
3.7340140140140141e+00	3.6502700000000002e-03
3.7340240240240239e+00	3.6730299999999999e-03
3.7340340340340341e+00	3.6961600000000000e-03
3.7340440440440443e+00	3.7196700000000000e-03
3.7340540540540541e+00	3.7435799999999998e-03
3.7340640640640643e+00	3.7678899999999999e-03
3.7340740740740741e+00	3.7926100000000001e-03
3.7340840840840843e+00	3.8177699999999998e-03
3.7340940940940941e+00	3.8433600000000001e-03
3.7341041041041043e+00	3.8693999999999998e-03
3.7341141141141141e+00	3.8959099999999998e-03
3.7341241241241243e+00	3.9229000000000000e-03
3.7341341341341341e+00	3.9503699999999999e-03
3.7341441441441443e+00	3.9783600000000002e-03
3.7341541541541541e+00	4.0068700000000000e-03
3.7341641641641643e+00	4.0359100000000002e-03
3.7341741741741741e+00	4.0655099999999996e-03
3.7341841841841843e+00	4.0956899999999999e-03
3.7341941941941941e+00	4.1264500000000003e-03
3.7342042042042043e+00	4.1578199999999996e-03
3.7342142142142145e+00	4.1898200000000003e-03
3.7342242242242243e+00	4.2224699999999999e-03
3.7342342342342345e+00	4.2557899999999997e-03
3.7342442442442443e+00	4.2897999999999999e-03
3.7342542542542545e+00	4.3245200000000001e-03
3.7342642642642643e+00	4.3599900000000002e-03
3.7342742742742745e+00	4.3962200000000002e-03
3.7342842842842843e+00	4.4332399999999998e-03
3.7342942942942945e+00	4.4710899999999996e-03
3.7343043043043043e+00	4.5097799999999997e-03
3.7343143143143145e+00	4.5493499999999997e-03
3.7343243243243243e+00	4.5898400000000004e-03
3.7343343343343345e+00	4.6312699999999998e-03
3.7343443443443443e+00	4.6736800000000004e-03
3.7343543543543545e+00	4.7171100000000001e-03
3.7343643643643643e+00	4.7615899999999996e-03
3.7343743743743745e+00	4.8071800000000003e-03
3.7343843843843842e+00	4.8539100000000003e-03
3.7343943943943945e+00	4.9018200000000003e-03
3.7344044044044047e+00	4.9509699999999999e-03
3.7344144144144145e+00	5.0014100000000004e-03
3.7344244244244247e+00	5.0531899999999999e-03
3.7344344344344345e+00	5.1063699999999998e-03
3.7344444444444447e+00	5.1609999999999998e-03
3.7344544544544545e+00	5.2171500000000003e-03
3.7344644644644647e+00	5.2748900000000000e-03
3.7344744744744744e+00	5.3343000000000002e-03
3.7344844844844847e+00	5.3954299999999997e-03
3.7344944944944944e+00	5.4583799999999997e-03
3.7345045045045047e+00	5.5232399999999996e-03
3.7345145145145144e+00	5.5900799999999999e-03
3.7345245245245247e+00	5.6590099999999999e-03
3.7345345345345344e+00	5.7301299999999999e-03
3.7345445445445447e+00	5.8035500000000002e-03
3.7345545545545544e+00	5.8793900000000000e-03
3.7345645645645646e+00	5.9577800000000002e-03
3.7345745745745749e+00	6.0388400000000002e-03
3.7345845845845846e+00	6.1227199999999999e-03
3.7345945945945949e+00	6.2095800000000001e-03
3.7346046046046046e+00	6.2995799999999999e-03
3.7346146146146149e+00	6.3929099999999999e-03
3.7346246246246246e+00	6.4897399999999999e-03
3.7346346346346349e+00	6.5902900000000004e-03
3.7346446446446446e+00	6.6947899999999999e-03
3.7346546546546548e+00	6.8034699999999998e-03
3.7346646646646646e+00	6.9166000000000002e-03
3.7346746746746748e+00	7.0344600000000002e-03
3.7346846846846846e+00	7.1573699999999997e-03
3.7346946946946948e+00	7.2856400000000003e-03
3.7347047047047046e+00	7.4196699999999997e-03
3.7347147147147148e+00	7.5598300000000000e-03
3.7347247247247246e+00	7.7065800000000002e-03
3.7347347347347348e+00	7.8603800000000001e-03
3.7347447447447450e+00	8.0217799999999992e-03
3.7347547547547548e+00	8.1913500000000000e-03
3.7347647647647650e+00	8.3697300000000006e-03
3.7347747747747748e+00	8.5576400000000000e-03
3.7347847847847850e+00	8.7558500000000008e-03
3.7347947947947948e+00	8.9652499999999993e-03
3.7348048048048050e+00	9.1868000000000002e-03
3.7348148148148148e+00	9.4216100000000004e-03
3.7348248248248250e+00	9.6708799999999998e-03
3.7348348348348348e+00	9.9360000000000004e-03
3.7348448448448450e+00	1.0218500000000000e-02
3.7348548548548548e+00	1.0520200000000000e-02
3.7348648648648650e+00	1.0843000000000000e-02
3.7348748748748748e+00	1.1189299999999999e-02
3.7348848848848850e+00	1.1561600000000000e-02
3.7348948948948948e+00	1.1962900000000000e-02
3.7349049049049050e+00	1.2396700000000000e-02
3.7349149149149152e+00	1.2867099999999999e-02
3.7349249249249250e+00	1.3378800000000000e-02
3.7349349349349352e+00	1.3937200000000000e-02
3.7349449449449450e+00	1.4548900000000000e-02
3.7349549549549552e+00	1.5221600000000000e-02
3.7349649649649650e+00	1.5964800000000001e-02
3.7349749749749752e+00	1.6789399999999999e-02
3.7349849849849850e+00	1.7709300000000001e-02
3.7349949949949952e+00	1.8741100000000000e-02
3.7350050050050050e+00	1.9905400000000000e-02
3.7350150150150152e+00	2.1228100000000000e-02
3.7350250250250250e+00	2.2741999999999998e-02
3.7350350350350352e+00	2.4488900000000001e-02
3.7350450450450450e+00	2.6523300000000000e-02
3.7350550550550552e+00	2.8916700000000000e-02
3.7350650650650650e+00	3.1765300000000003e-02
3.7350750750750752e+00	3.5200099999999998e-02
3.7350850850850850e+00	3.9403599999999997e-02
3.7350950950950952e+00	4.4635800000000003e-02
3.7351051051051054e+00	5.1276500000000003e-02
3.7351151151151152e+00	5.9896100000000001e-02
3.7351251251251254e+00	7.1376200000000001e-02
3.7351351351351352e+00	8.7118799999999996e-02
3.7351451451451454e+00	1.0940400000000000e-01
3.7351551551551552e+00	1.4193800000000001e-01
3.7351651651651654e+00	1.9029599999999999e-01
3.7351751751751752e+00	2.5995800000000002e-01
3.7351851851851854e+00	3.4265800000000002e-01
3.7351951951951952e+00	3.8551600000000003e-01
3.7352052052052054e+00	3.2974500000000001e-01
3.7352152152152152e+00	2.2520399999999999e-01
3.7352252252252254e+00	1.4111799999999999e-01
3.7352352352352352e+00	8.8295100000000001e-02
3.7352452452452454e+00	5.6708000000000001e-02
3.7352552552552551e+00	3.7513199999999997e-02
3.7352652652652654e+00	2.5455200000000001e-02
3.7352752752752756e+00	1.7616300000000001e-02
3.7352852852852854e+00	1.2362400000000001e-02
3.7352952952952956e+00	8.7500300000000007e-03
3.7353053053053054e+00	6.2145200000000003e-03
3.7353153153153156e+00	4.4062499999999996e-03
3.7353253253253254e+00	3.1017599999999998e-03
3.7353353353353356e+00	2.1540700000000001e-03
3.7353453453453453e+00	1.4640899999999999e-03
3.7353553553553556e+00	9.6348099999999997e-04
3.7353653653653653e+00	6.0418899999999998e-04
3.7353753753753756e+00	3.5182500000000000e-04
3.7353853853853853e+00	1.8140499999999999e-04
3.7353953953953956e+00	7.4532999999999999e-05
3.7354054054054053e+00	1.7502900000000001e-05
3.7354154154154156e+00	4.1608500000000002e-09
3.7354254254254253e+00	1.4215399999999999e-05
3.7354354354354355e+00	5.4165600000000002e-05
3.7354454454454458e+00	1.1527600000000000e-04
3.7354554554554555e+00	1.9402800000000001e-04
3.7354654654654658e+00	2.8772200000000002e-04
3.7354754754754755e+00	3.9429299999999999e-04
3.7354854854854858e+00	5.1218100000000001e-04
3.7354954954954955e+00	6.4023100000000000e-04
3.7355055055055058e+00	7.7761400000000004e-04
3.7355155155155155e+00	9.2377099999999999e-04
3.7355255255255257e+00	1.0783699999999999e-03
3.7355355355355355e+00	1.2412899999999999e-03
3.7355455455455457e+00	1.4125699999999999e-03
3.7355555555555555e+00	1.5924200000000000e-03
3.7355655655655657e+00	1.7811800000000000e-03
3.7355755755755755e+00	1.9793599999999999e-03
3.7355855855855857e+00	2.1876100000000000e-03
3.7355955955955955e+00	2.4067400000000001e-03
3.7356056056056057e+00	2.6376899999999998e-03
3.7356156156156159e+00	2.8815999999999998e-03
3.7356256256256257e+00	3.1398099999999998e-03
3.7356356356356359e+00	3.4138699999999998e-03
3.7356456456456457e+00	3.7055600000000001e-03
3.7356556556556559e+00	4.0169699999999999e-03
3.7356656656656657e+00	4.3505200000000001e-03
3.7356756756756759e+00	4.7090400000000003e-03
3.7356856856856857e+00	5.0957900000000002e-03
3.7356956956956959e+00	5.5146400000000003e-03
3.7357057057057057e+00	5.9700999999999999e-03
3.7357157157157159e+00	6.4675399999999999e-03
3.7357257257257257e+00	7.0133299999999999e-03
3.7357357357357359e+00	7.6150699999999998e-03
3.7357457457457457e+00	8.2819299999999998e-03
3.7357557557557559e+00	9.0250499999999997e-03
3.7357657657657657e+00	9.8579900000000005e-03
3.7357757757757759e+00	1.0797500000000000e-02
3.7357857857857857e+00	1.1864500000000000e-02
3.7357957957957959e+00	1.3085100000000001e-02
3.7358058058058061e+00	1.4492500000000000e-02
3.7358158158158159e+00	1.6129500000000001e-02
3.7358258258258261e+00	1.8051700000000000e-02
3.7358358358358359e+00	2.0332599999999999e-02
3.7358458458458461e+00	2.3070600000000000e-02
3.7358558558558559e+00	2.6400099999999999e-02
3.7358658658658661e+00	3.0507800000000002e-02
3.7358758758758759e+00	3.5658500000000003e-02
3.7358858858858861e+00	4.2235900000000000e-02
3.7358958958958959e+00	5.0809600000000003e-02
3.7359059059059061e+00	6.2244800000000003e-02
3.7359159159159159e+00	7.7883700000000000e-02
3.7359259259259261e+00	9.9833400000000003e-02
3.7359359359359359e+00	1.3135600000000000e-01
3.7359459459459461e+00	1.7706600000000000e-01
3.7359559559559559e+00	2.4134200000000000e-01
3.7359659659659661e+00	3.1981999999999999e-01
3.7359759759759763e+00	3.8060400000000000e-01
3.7359859859859861e+00	3.7319300000000000e-01
3.7359959959959963e+00	3.0103099999999999e-01
3.7360060060060061e+00	2.1748700000000001e-01
3.7360160160160163e+00	1.5251500000000001e-01
3.7360260260260261e+00	1.0807100000000000e-01
3.7360360360360363e+00	7.8437999999999994e-02
3.7360460460460461e+00	5.8435300000000003e-02
3.7360560560560563e+00	4.4597900000000003e-02
3.7360660660660661e+00	3.4765200000000003e-02
3.7360760760760763e+00	2.7597300000000002e-02
3.7360860860860861e+00	2.2249600000000001e-02
3.7360960960960963e+00	1.8177200000000001e-02
3.7361061061061061e+00	1.5019299999999999e-02
3.7361161161161163e+00	1.2531300000000000e-02
3.7361261261261260e+00	1.0543400000000000e-02
3.7361361361361363e+00	8.9353899999999997e-03
3.7361461461461465e+00	7.6202400000000003e-03
3.7361561561561563e+00	6.5341200000000000e-03
3.7361661661661665e+00	5.6293000000000003e-03
3.7361761761761763e+00	4.8696499999999997e-03
3.7361861861861865e+00	4.2274100000000000e-03
3.7361961961961963e+00	3.6810200000000001e-03
3.7362062062062065e+00	3.2135499999999999e-03
3.7362162162162162e+00	2.8115700000000002e-03
3.7362262262262265e+00	2.4643199999999999e-03
3.7362362362362362e+00	2.1630999999999998e-03
3.7362462462462465e+00	1.9008499999999999e-03
3.7362562562562562e+00	1.6717600000000000e-03
3.7362662662662665e+00	1.4710400000000001e-03
3.7362762762762762e+00	1.2947099999999999e-03
3.7362862862862865e+00	1.1394400000000000e-03
3.7362962962962962e+00	1.0024400000000001e-03
3.7363063063063064e+00	8.8133500000000002e-04
3.7363163163163167e+00	7.7412499999999997e-04
3.7363263263263264e+00	6.7909700000000003e-04
3.7363363363363367e+00	5.9478400000000000e-04
3.7363463463463464e+00	5.1992300000000004e-04
3.7363563563563567e+00	4.5342599999999999e-04
3.7363663663663664e+00	3.9434799999999999e-04
3.7363763763763767e+00	3.4186699999999998e-04
3.7363863863863864e+00	2.9526800000000001e-04
3.7363963963963966e+00	2.5392399999999999e-04
3.7364064064064064e+00	2.1728300000000000e-04
3.7364164164164166e+00	1.8486100000000000e-04
3.7364264264264264e+00	1.5623100000000000e-04
3.7364364364364366e+00	1.3101500000000001e-04
3.7364464464464464e+00	1.0887600000000001e-04
3.7364564564564566e+00	8.9516200000000002e-05
3.7364664664664664e+00	7.2670300000000001e-05
3.7364764764764766e+00	5.8100599999999997e-05
3.7364864864864864e+00	4.5594899999999999e-05
3.7364964964964966e+00	3.4962799999999997e-05
3.7365065065065068e+00	2.6033500000000001e-05
3.7365165165165166e+00	1.8653400000000000e-05
3.7365265265265268e+00	1.2683800000000000e-05
3.7365365365365366e+00	7.9997400000000001e-06
3.7365465465465468e+00	4.4883200000000004e-06
3.7365565565565566e+00	2.0472300000000000e-06
3.7365665665665668e+00	5.8375899999999995e-07
3.7365765765765766e+00	1.3742200000000001e-08
3.7365865865865868e+00	2.6068999999999999e-07
3.7365965965965966e+00	1.2549900000000000e-06
3.7366066066066068e+00	2.9332199999999998e-06
3.7366166166166166e+00	5.2375200000000000e-06
3.7366266266266268e+00	8.1150600000000002e-06
3.7366366366366366e+00	1.1517499999999999e-05
3.7366466466466468e+00	1.5400800000000000e-05
3.7366566566566566e+00	1.9724300000000000e-05
3.7366666666666668e+00	2.4451000000000000e-05
3.7366766766766770e+00	2.9546700000000000e-05
3.7366866866866868e+00	3.4980400000000001e-05
3.7366966966966970e+00	4.0723100000000003e-05
3.7367067067067068e+00	4.6748500000000001e-05
3.7367167167167170e+00	5.3032199999999997e-05
3.7367267267267268e+00	5.9551800000000001e-05
3.7367367367367370e+00	6.6286700000000004e-05
3.7367467467467468e+00	7.3217800000000002e-05
3.7367567567567570e+00	8.0327400000000006e-05
3.7367667667667668e+00	8.7599499999999994e-05
3.7367767767767770e+00	9.5018899999999999e-05
3.7367867867867868e+00	1.0257200000000001e-04
3.7367967967967970e+00	1.1024500000000000e-04
3.7368068068068068e+00	1.1802800000000000e-04
3.7368168168168170e+00	1.2590799999999999e-04
3.7368268268268268e+00	1.3387600000000000e-04
3.7368368368368370e+00	1.4192200000000000e-04
3.7368468468468472e+00	1.5003700000000000e-04
3.7368568568568570e+00	1.5821400000000000e-04
3.7368668668668672e+00	1.6644500000000001e-04
3.7368768768768770e+00	1.7472300000000000e-04
3.7368868868868872e+00	1.8304199999999999e-04
3.7368968968968970e+00	1.9139499999999999e-04
3.7369069069069072e+00	1.9977699999999999e-04
3.7369169169169170e+00	2.0818300000000000e-04
3.7369269269269272e+00	2.1660800000000000e-04
3.7369369369369370e+00	2.2504700000000000e-04
3.7369469469469472e+00	2.3349800000000001e-04
3.7369569569569570e+00	2.4195500000000000e-04
3.7369669669669672e+00	2.5041499999999998e-04
3.7369769769769769e+00	2.5887499999999999e-04
3.7369869869869872e+00	2.6733200000000001e-04
3.7369969969969969e+00	2.7578400000000000e-04
3.7370070070070072e+00	2.8422600000000000e-04
3.7370170170170169e+00	2.9265800000000000e-04
3.7370270270270272e+00	3.0107700000000002e-04
3.7370370370370374e+00	3.0948100000000001e-04
3.7370470470470472e+00	3.1786700000000000e-04
3.7370570570570574e+00	3.2623500000000002e-04
3.7370670670670671e+00	3.3458199999999999e-04
3.7370770770770774e+00	3.4290699999999999e-04
3.7370870870870871e+00	3.5120799999999999e-04
3.7370970970970974e+00	3.5948499999999999e-04
3.7371071071071071e+00	3.6773699999999998e-04
3.7371171171171174e+00	3.7596100000000001e-04
3.7371271271271271e+00	3.8415699999999999e-04
3.7371371371371374e+00	3.9232500000000001e-04
3.7371471471471471e+00	4.0046299999999999e-04
3.7371571571571574e+00	4.0857099999999999e-04
3.7371671671671671e+00	4.1664700000000002e-04
3.7371771771771773e+00	4.2469200000000001e-04
3.7371871871871871e+00	4.3270500000000003e-04
3.7371971971971973e+00	4.4068500000000001e-04
3.7372072072072076e+00	4.4863200000000002e-04
3.7372172172172173e+00	4.5654499999999999e-04
3.7372272272272276e+00	4.6442500000000003e-04
3.7372372372372373e+00	4.7227000000000000e-04
3.7372472472472476e+00	4.8008000000000002e-04
3.7372572572572573e+00	4.8785600000000000e-04
3.7372672672672675e+00	4.9559699999999996e-04
3.7372772772772773e+00	5.0330299999999998e-04
3.7372872872872875e+00	5.1097399999999998e-04
3.7372972972972973e+00	5.1860899999999995e-04
3.7373073073073075e+00	5.2620900000000003e-04
3.7373173173173173e+00	5.3377299999999997e-04
3.7373273273273275e+00	5.4130200000000002e-04
3.7373373373373373e+00	5.4879500000000003e-04
3.7373473473473475e+00	5.5625300000000004e-04
3.7373573573573573e+00	5.6367500000000003e-04
3.7373673673673675e+00	5.7106200000000000e-04
3.7373773773773777e+00	5.7841299999999995e-04
3.7373873873873875e+00	5.8572900000000000e-04
3.7373973973973977e+00	5.9301000000000004e-04
3.7374074074074075e+00	6.0025599999999997e-04
3.7374174174174177e+00	6.0746599999999997e-04
3.7374274274274275e+00	6.1464199999999999e-04
3.7374374374374377e+00	6.2178299999999999e-04
3.7374474474474475e+00	6.2888899999999999e-04
3.7374574574574577e+00	6.3596099999999999e-04
3.7374674674674675e+00	6.4299900000000000e-04
3.7374774774774777e+00	6.5000200000000000e-04
3.7374874874874875e+00	6.5697200000000002e-04
3.7374974974974977e+00	6.6390799999999995e-04
3.7375075075075075e+00	6.7080999999999998e-04
3.7375175175175177e+00	6.7767900000000004e-04
3.7375275275275275e+00	6.8451500000000001e-04
3.7375375375375377e+00	6.9131699999999999e-04
3.7375475475475479e+00	6.9808700000000001e-04
3.7375575575575577e+00	7.0482499999999996e-04
3.7375675675675679e+00	7.1153000000000004e-04
3.7375775775775777e+00	7.1820300000000005e-04
3.7375875875875879e+00	7.2484399999999999e-04
3.7375975975975977e+00	7.3145299999999996e-04
3.7376076076076079e+00	7.3803100000000000e-04
3.7376176176176177e+00	7.4457799999999997e-04
3.7376276276276279e+00	7.5109400000000000e-04
3.7376376376376377e+00	7.5757899999999998e-04
3.7376476476476479e+00	7.6403400000000002e-04
3.7376576576576577e+00	7.7045800000000002e-04
3.7376676676676679e+00	7.7685199999999997e-04
3.7376776776776777e+00	7.8321700000000001e-04
3.7376876876876879e+00	7.8955099999999999e-04
3.7376976976976977e+00	7.9585699999999997e-04
3.7377077077077079e+00	8.0213300000000001e-04
3.7377177177177177e+00	8.0838100000000005e-04
3.7377277277277279e+00	8.1459999999999996e-04
3.7377377377377381e+00	8.2078999999999995e-04
3.7377477477477479e+00	8.2695299999999995e-04
3.7377577577577581e+00	8.3308700000000004e-04
3.7377677677677679e+00	8.3919400000000003e-04
3.7377777777777781e+00	8.4527300000000001e-04
3.7377877877877879e+00	8.5132600000000001e-04
3.7377977977977981e+00	8.5735100000000001e-04
3.7378078078078079e+00	8.6334900000000002e-04
3.7378178178178181e+00	8.6932100000000005e-04
3.7378278278278279e+00	8.7526599999999998e-04
3.7378378378378381e+00	8.8118599999999995e-04
3.7378478478478478e+00	8.8707900000000004e-04
3.7378578578578581e+00	8.9294699999999995e-04
3.7378678678678678e+00	8.9879000000000001e-04
3.7378778778778781e+00	9.0460699999999998e-04
3.7378878878878878e+00	9.1040000000000001e-04
3.7378978978978981e+00	9.1616699999999996e-04
3.7379079079079083e+00	9.2190999999999996e-04
3.7379179179179181e+00	9.2762900000000002e-04
3.7379279279279283e+00	9.3332400000000002e-04
3.7379379379379380e+00	9.3899499999999998e-04
3.7379479479479483e+00	9.4464199999999999e-04
3.7379579579579580e+00	9.5026599999999996e-04
3.7379679679679683e+00	9.5586599999999999e-04
3.7379779779779780e+00	9.6144399999999999e-04
3.7379879879879883e+00	9.6699799999999995e-04
3.7379979979979980e+00	9.7252999999999999e-04
3.7380080080080083e+00	9.7803999999999990e-04
3.7380180180180180e+00	9.8352700000000010e-04
3.7380280280280282e+00	9.8899199999999995e-04
3.7380380380380380e+00	9.9443600000000002e-04
3.7380480480480482e+00	9.9985700000000005e-04
3.7380580580580580e+00	1.0052600000000000e-03
3.7380680680680682e+00	1.0106399999999999e-03
3.7380780780780785e+00	1.0159900000000000e-03
3.7380880880880882e+00	1.0213300000000000e-03
3.7380980980980985e+00	1.0266500000000000e-03
3.7381081081081082e+00	1.0319400000000001e-03
3.7381181181181184e+00	1.0372199999999999e-03
3.7381281281281282e+00	1.0424700000000000e-03
3.7381381381381384e+00	1.0477100000000001e-03
3.7381481481481482e+00	1.0529300000000001e-03
3.7381581581581584e+00	1.0581200000000001e-03
3.7381681681681682e+00	1.0633000000000001e-03
3.7381781781781784e+00	1.0684600000000000e-03
3.7381881881881882e+00	1.0735899999999999e-03
3.7381981981981984e+00	1.0787100000000001e-03
3.7382082082082082e+00	1.0838099999999999e-03
3.7382182182182184e+00	1.0889000000000001e-03
3.7382282282282282e+00	1.0939599999999999e-03
3.7382382382382384e+00	1.0989999999999999e-03
3.7382482482482486e+00	1.1040300000000000e-03
3.7382582582582584e+00	1.1090399999999999e-03
3.7382682682682686e+00	1.1140300000000000e-03
3.7382782782782784e+00	1.1190099999999999e-03
3.7382882882882886e+00	1.1239600000000000e-03
3.7382982982982984e+00	1.1289000000000000e-03
3.7383083083083086e+00	1.1338200000000000e-03
3.7383183183183184e+00	1.1387299999999999e-03
3.7383283283283286e+00	1.1436199999999999e-03
3.7383383383383384e+00	1.1484900000000001e-03
3.7383483483483486e+00	1.1533400000000001e-03
3.7383583583583584e+00	1.1581800000000000e-03
3.7383683683683686e+00	1.1630000000000000e-03
3.7383783783783784e+00	1.1678100000000000e-03
3.7383883883883886e+00	1.1726000000000000e-03
3.7383983983983984e+00	1.1773700000000001e-03
3.7384084084084086e+00	1.1821300000000000e-03
3.7384184184184184e+00	1.1868700000000000e-03
3.7384284284284286e+00	1.1915999999999999e-03
3.7384384384384388e+00	1.1963099999999999e-03
3.7384484484484486e+00	1.2010100000000000e-03
3.7384584584584588e+00	1.2056899999999999e-03
3.7384684684684686e+00	1.2103600000000000e-03
3.7384784784784788e+00	1.2150100000000001e-03
3.7384884884884886e+00	1.2196500000000001e-03
3.7384984984984988e+00	1.2242700000000000e-03
3.7385085085085086e+00	1.2288799999999999e-03
3.7385185185185188e+00	1.2334700000000000e-03
3.7385285285285286e+00	1.2380500000000001e-03
3.7385385385385388e+00	1.2426200000000001e-03
3.7385485485485486e+00	1.2471699999999999e-03
3.7385585585585588e+00	1.2517100000000001e-03
3.7385685685685686e+00	1.2562300000000001e-03
3.7385785785785788e+00	1.2607400000000000e-03
3.7385885885885886e+00	1.2652399999999999e-03
3.7385985985985988e+00	1.2697200000000000e-03
3.7386086086086090e+00	1.2741899999999999e-03
3.7386186186186188e+00	1.2786500000000001e-03
3.7386286286286290e+00	1.2830999999999999e-03
3.7386386386386388e+00	1.2875300000000001e-03
3.7386486486486490e+00	1.2919500000000000e-03
3.7386586586586588e+00	1.2963499999999999e-03
3.7386686686686690e+00	1.3007500000000000e-03
3.7386786786786788e+00	1.3051300000000000e-03
3.7386886886886890e+00	1.3094999999999999e-03
3.7386986986986988e+00	1.3138500000000001e-03
3.7387087087087090e+00	1.3182000000000001e-03
3.7387187187187187e+00	1.3225299999999999e-03
3.7387287287287290e+00	1.3268500000000001e-03
3.7387387387387387e+00	1.3311600000000001e-03
3.7387487487487490e+00	1.3354500000000000e-03
3.7387587587587587e+00	1.3397400000000001e-03
3.7387687687687690e+00	1.3440100000000001e-03
3.7387787787787792e+00	1.3482699999999999e-03
3.7387887887887890e+00	1.3525200000000001e-03
3.7387987987987992e+00	1.3567600000000000e-03
3.7388088088088089e+00	1.3609900000000001e-03
3.7388188188188192e+00	1.3652099999999999e-03
3.7388288288288289e+00	1.3694099999999999e-03
3.7388388388388392e+00	1.3736099999999999e-03
3.7388488488488489e+00	1.3777900000000000e-03
3.7388588588588592e+00	1.3819699999999999e-03
3.7388688688688689e+00	1.3861300000000000e-03
3.7388788788788792e+00	1.3902800000000000e-03
3.7388888888888889e+00	1.3944199999999999e-03
3.7388988988988991e+00	1.3985499999999999e-03
3.7389089089089089e+00	1.4026700000000000e-03
3.7389189189189191e+00	1.4067800000000001e-03
3.7389289289289289e+00	1.4108800000000000e-03
3.7389389389389391e+00	1.4149700000000000e-03
3.7389489489489494e+00	1.4190500000000000e-03
3.7389589589589591e+00	1.4231199999999999e-03
3.7389689689689694e+00	1.4271799999999999e-03
3.7389789789789791e+00	1.4312299999999999e-03
3.7389889889889893e+00	1.4352700000000000e-03
3.7389989989989991e+00	1.4393100000000001e-03
3.7390090090090093e+00	1.4433300000000000e-03
3.7390190190190191e+00	1.4473400000000001e-03
3.7390290290290293e+00	1.4513400000000000e-03
3.7390390390390391e+00	1.4553400000000001e-03
3.7390490490490493e+00	1.4593200000000001e-03
3.7390590590590591e+00	1.4633000000000001e-03
3.7390690690690693e+00	1.4672600000000000e-03
3.7390790790790791e+00	1.4712200000000001e-03
3.7390890890890893e+00	1.4751700000000000e-03
3.7390990990990991e+00	1.4790999999999999e-03
3.7391091091091093e+00	1.4830300000000000e-03
3.7391191191191191e+00	1.4869600000000001e-03
3.7391291291291293e+00	1.4908700000000000e-03
3.7391391391391395e+00	1.4947700000000001e-03
3.7391491491491493e+00	1.4986699999999999e-03
3.7391591591591595e+00	1.5025600000000000e-03
3.7391691691691693e+00	1.5064300000000000e-03
3.7391791791791795e+00	1.5103000000000000e-03
3.7391891891891893e+00	1.5141700000000000e-03
3.7391991991991995e+00	1.5180199999999999e-03
3.7392092092092093e+00	1.5218700000000000e-03
3.7392192192192195e+00	1.5257000000000001e-03
3.7392292292292293e+00	1.5295300000000001e-03
3.7392392392392395e+00	1.5333499999999999e-03
3.7392492492492493e+00	1.5371700000000000e-03
3.7392592592592595e+00	1.5409700000000000e-03
3.7392692692692693e+00	1.5447700000000000e-03
3.7392792792792795e+00	1.5485600000000000e-03
3.7392892892892893e+00	1.5523399999999999e-03
3.7392992992992995e+00	1.5561200000000000e-03
3.7393093093093097e+00	1.5598800000000000e-03
3.7393193193193195e+00	1.5636400000000000e-03
3.7393293293293297e+00	1.5673900000000001e-03
3.7393393393393395e+00	1.5711399999999999e-03
3.7393493493493497e+00	1.5748800000000001e-03
3.7393593593593595e+00	1.5786100000000000e-03
3.7393693693693697e+00	1.5823300000000001e-03
3.7393793793793795e+00	1.5860399999999999e-03
3.7393893893893897e+00	1.5897500000000000e-03
3.7393993993993995e+00	1.5934499999999999e-03
3.7394094094094097e+00	1.5971500000000001e-03
3.7394194194194195e+00	1.6008400000000001e-03
3.7394294294294297e+00	1.6045199999999999e-03
3.7394394394394395e+00	1.6081900000000000e-03
3.7394494494494497e+00	1.6118599999999999e-03
3.7394594594594595e+00	1.6155099999999999e-03
3.7394694694694697e+00	1.6191700000000001e-03
3.7394794794794799e+00	1.6228099999999999e-03
3.7394894894894897e+00	1.6264500000000000e-03
3.7394994994994999e+00	1.6300900000000001e-03
3.7395095095095097e+00	1.6337100000000000e-03
3.7395195195195199e+00	1.6373300000000000e-03
3.7395295295295297e+00	1.6409500000000000e-03
3.7395395395395399e+00	1.6445500000000000e-03
3.7395495495495497e+00	1.6481499999999999e-03
3.7395595595595599e+00	1.6517500000000000e-03
3.7395695695695697e+00	1.6553399999999999e-03
3.7395795795795799e+00	1.6589199999999999e-03
3.7395895895895896e+00	1.6624900000000000e-03
3.7395995995995999e+00	1.6660600000000000e-03
3.7396096096096096e+00	1.6696300000000001e-03
3.7396196196196199e+00	1.6731900000000000e-03
3.7396296296296296e+00	1.6767399999999999e-03
3.7396396396396399e+00	1.6802799999999999e-03
3.7396496496496501e+00	1.6838199999999999e-03
3.7396596596596599e+00	1.6873599999999999e-03
3.7396696696696701e+00	1.6908800000000001e-03
3.7396796796796798e+00	1.6944099999999999e-03
3.7396896896896901e+00	1.6979199999999999e-03
3.7396996996996998e+00	1.7014300000000001e-03
3.7397097097097101e+00	1.7049400000000001e-03
3.7397197197197198e+00	1.7084400000000001e-03
3.7397297297297301e+00	1.7119300000000000e-03
3.7397397397397398e+00	1.7154200000000001e-03
3.7397497497497501e+00	1.7189000000000000e-03
3.7397597597597598e+00	1.7223799999999999e-03
3.7397697697697700e+00	1.7258499999999999e-03
3.7397797797797798e+00	1.7293199999999999e-03
3.7397897897897900e+00	1.7327800000000000e-03
3.7397997997997998e+00	1.7362300000000001e-03
3.7398098098098100e+00	1.7396800000000000e-03
3.7398198198198198e+00	1.7431300000000001e-03
3.7398298298298300e+00	1.7465700000000000e-03
3.7398398398398403e+00	1.7500000000000000e-03
3.7398498498498500e+00	1.7534300000000000e-03
3.7398598598598602e+00	1.7568499999999999e-03
3.7398698698698700e+00	1.7602700000000000e-03
3.7398798798798802e+00	1.7636900000000000e-03
3.7398898898898900e+00	1.7671000000000000e-03
3.7398998998999002e+00	1.7704999999999999e-03
3.7399099099099100e+00	1.7738999999999999e-03
3.7399199199199202e+00	1.7772899999999999e-03
3.7399299299299300e+00	1.7806800000000000e-03
3.7399399399399402e+00	1.7840700000000000e-03
3.7399499499499500e+00	1.7874500000000001e-03
3.7399599599599602e+00	1.7908200000000000e-03
3.7399699699699700e+00	1.7941900000000000e-03
3.7399799799799802e+00	1.7975599999999999e-03
3.7399899899899900e+00	1.8009199999999999e-03
3.7400000000000002e+00	1.8042799999999999e-03
