3.7320000000000002e+00	5.2308199999999999e-02
3.7320030030030034e+00	5.2297400000000001e-02
3.7320060060060061e+00	5.2286600000000003e-02
3.7320090090090092e+00	5.2275900000000000e-02
3.7320120120120124e+00	5.2265100000000002e-02
3.7320150150150151e+00	5.2254399999999999e-02
3.7320180180180182e+00	5.2243600000000001e-02
3.7320210210210214e+00	5.2232899999999999e-02
3.7320240240240241e+00	5.2222100000000000e-02
3.7320270270270273e+00	5.2211399999999998e-02
3.7320300300300304e+00	5.2200600000000000e-02
3.7320330330330331e+00	5.2189899999999997e-02
3.7320360360360363e+00	5.2179200000000002e-02
3.7320390390390394e+00	5.2168500000000000e-02
3.7320420420420422e+00	5.2157700000000001e-02
3.7320450450450453e+00	5.2146999999999999e-02
3.7320480480480485e+00	5.2136299999999997e-02
3.7320510510510512e+00	5.2125600000000001e-02
3.7320540540540543e+00	5.2114899999999999e-02
3.7320570570570570e+00	5.2104200000000003e-02
3.7320600600600602e+00	5.2093500000000001e-02
3.7320630630630633e+00	5.2082799999999999e-02
3.7320660660660661e+00	5.2072100000000003e-02
3.7320690690690692e+00	5.2061400000000001e-02
3.7320720720720724e+00	5.2050699999999998e-02
3.7320750750750751e+00	5.2040099999999999e-02
3.7320780780780782e+00	5.2029400000000003e-02
3.7320810810810814e+00	5.2018700000000001e-02
3.7320840840840841e+00	5.2007999999999999e-02
3.7320870870870873e+00	5.1997399999999999e-02
3.7320900900900904e+00	5.1986699999999997e-02
3.7320930930930931e+00	5.1976099999999997e-02
3.7320960960960963e+00	5.1965400000000002e-02
3.7320990990990994e+00	5.1954800000000002e-02
3.7321021021021021e+00	5.1944100000000000e-02
3.7321051051051053e+00	5.1933500000000000e-02
3.7321081081081084e+00	5.1922799999999998e-02
3.7321111111111112e+00	5.1912199999999999e-02
3.7321141141141143e+00	5.1901599999999999e-02
3.7321171171171175e+00	5.1891000000000000e-02
3.7321201201201202e+00	5.1880299999999997e-02
3.7321231231231233e+00	5.1869699999999998e-02
3.7321261261261265e+00	5.1859099999999998e-02
3.7321291291291292e+00	5.1848499999999999e-02
3.7321321321321324e+00	5.1837899999999999e-02
3.7321351351351355e+00	5.1827300000000000e-02
3.7321381381381382e+00	5.1816700000000000e-02
3.7321411411411414e+00	5.1806100000000001e-02
3.7321441441441445e+00	5.1795500000000001e-02
3.7321471471471472e+00	5.1784900000000002e-02
3.7321501501501504e+00	5.1774300000000002e-02
3.7321531531531535e+00	5.1763799999999999e-02
3.7321561561561563e+00	5.1753199999999999e-02
3.7321591591591594e+00	5.1742600000000000e-02
3.7321621621621626e+00	5.1732000000000000e-02
3.7321651651651653e+00	5.1721499999999997e-02
3.7321681681681684e+00	5.1710899999999997e-02
3.7321711711711711e+00	5.1700400000000001e-02
3.7321741741741743e+00	5.1689800000000001e-02
3.7321771771771775e+00	5.1679299999999997e-02
3.7321801801801802e+00	5.1668699999999998e-02
3.7321831831831833e+00	5.1658200000000001e-02
3.7321861861861865e+00	5.1647600000000002e-02
3.7321891891891892e+00	5.1637099999999998e-02
3.7321921921921923e+00	5.1626600000000002e-02
3.7321951951951955e+00	5.1616000000000002e-02
3.7321981981981982e+00	5.1605499999999999e-02
3.7322012012012014e+00	5.1595000000000002e-02
3.7322042042042045e+00	5.1584499999999998e-02
3.7322072072072072e+00	5.1574000000000002e-02
3.7322102102102104e+00	5.1563499999999998e-02
3.7322132132132135e+00	5.1553000000000002e-02
3.7322162162162162e+00	5.1542499999999998e-02
3.7322192192192194e+00	5.1532000000000001e-02
3.7322222222222226e+00	5.1521499999999998e-02
3.7322252252252253e+00	5.1511000000000001e-02
3.7322282282282284e+00	5.1500499999999998e-02
3.7322312312312316e+00	5.1490000000000001e-02
3.7322342342342343e+00	5.1479600000000000e-02
3.7322372372372374e+00	5.1469099999999997e-02
3.7322402402402406e+00	5.1458600000000000e-02
3.7322432432432433e+00	5.1448099999999997e-02
3.7322462462462465e+00	5.1437700000000003e-02
3.7322492492492496e+00	5.1427199999999999e-02
3.7322522522522523e+00	5.1416799999999999e-02
3.7322552552552555e+00	5.1406300000000002e-02
3.7322582582582586e+00	5.1395900000000001e-02
3.7322612612612613e+00	5.1385399999999998e-02
3.7322642642642645e+00	5.1374999999999997e-02
3.7322672672672677e+00	5.1364600000000003e-02
3.7322702702702704e+00	5.1354100000000000e-02
3.7322732732732735e+00	5.1343699999999999e-02
3.7322762762762767e+00	5.1333299999999998e-02
3.7322792792792794e+00	5.1322800000000002e-02
3.7322822822822825e+00	5.1312400000000001e-02
3.7322852852852852e+00	5.1302000000000000e-02
3.7322882882882884e+00	5.1291600000000000e-02
3.7322912912912916e+00	5.1281199999999999e-02
3.7322942942942943e+00	5.1270799999999998e-02
3.7322972972972974e+00	5.1260399999999998e-02
3.7323003003003006e+00	5.1249999999999997e-02
3.7323033033033033e+00	5.1239600000000003e-02
3.7323063063063064e+00	5.1229200000000003e-02
3.7323093093093096e+00	5.1218800000000002e-02
3.7323123123123123e+00	5.1208499999999997e-02
3.7323153153153155e+00	5.1198100000000003e-02
3.7323183183183186e+00	5.1187700000000003e-02
3.7323213213213213e+00	5.1177300000000002e-02
3.7323243243243245e+00	5.1166999999999997e-02
3.7323273273273276e+00	5.1156600000000003e-02
3.7323303303303303e+00	5.1146299999999999e-02
3.7323333333333335e+00	5.1135899999999998e-02
3.7323363363363367e+00	5.1125600000000000e-02
3.7323393393393394e+00	5.1115200000000000e-02
3.7323423423423425e+00	5.1104900000000002e-02
3.7323453453453457e+00	5.1094500000000001e-02
3.7323483483483484e+00	5.1084200000000003e-02
3.7323513513513515e+00	5.1073899999999998e-02
3.7323543543543547e+00	5.1063499999999998e-02
3.7323573573573574e+00	5.1053200000000000e-02
3.7323603603603606e+00	5.1042900000000002e-02
3.7323633633633637e+00	5.1032599999999997e-02
3.7323663663663664e+00	5.1022300000000000e-02
3.7323693693693696e+00	5.1011899999999999e-02
3.7323723723723727e+00	5.1001600000000001e-02
3.7323753753753754e+00	5.0991300000000003e-02
3.7323783783783786e+00	5.0980999999999999e-02
3.7323813813813818e+00	5.0970700000000001e-02
3.7323843843843845e+00	5.0960400000000003e-02
3.7323873873873876e+00	5.0950200000000001e-02
3.7323903903903903e+00	5.0939900000000003e-02
3.7323933933933935e+00	5.0929599999999998e-02
3.7323963963963966e+00	5.0919300000000001e-02
3.7323993993993994e+00	5.0909000000000003e-02
3.7324024024024025e+00	5.0898800000000001e-02
3.7324054054054057e+00	5.0888500000000003e-02
3.7324084084084084e+00	5.0878199999999998e-02
3.7324114114114115e+00	5.0867999999999997e-02
3.7324144144144147e+00	5.0857699999999999e-02
3.7324174174174174e+00	5.0847499999999997e-02
3.7324204204204205e+00	5.0837199999999999e-02
3.7324234234234237e+00	5.0826999999999997e-02
3.7324264264264264e+00	5.0816699999999999e-02
3.7324294294294296e+00	5.0806499999999997e-02
3.7324324324324327e+00	5.0796300000000003e-02
3.7324354354354354e+00	5.0785999999999998e-02
3.7324384384384386e+00	5.0775800000000003e-02
3.7324414414414417e+00	5.0765600000000001e-02
3.7324444444444445e+00	5.0755399999999999e-02
3.7324474474474476e+00	5.0745199999999997e-02
3.7324504504504508e+00	5.0735000000000002e-02
3.7324534534534535e+00	5.0724699999999998e-02
3.7324564564564566e+00	5.0714500000000003e-02
3.7324594594594598e+00	5.0704300000000001e-02
3.7324624624624625e+00	5.0694099999999999e-02
3.7324654654654656e+00	5.0684000000000000e-02
3.7324684684684688e+00	5.0673799999999998e-02
3.7324714714714715e+00	5.0663600000000003e-02
3.7324744744744747e+00	5.0653400000000001e-02
3.7324774774774778e+00	5.0643199999999999e-02
3.7324804804804805e+00	5.0632999999999997e-02
3.7324834834834837e+00	5.0622899999999998e-02
3.7324864864864868e+00	5.0612699999999997e-02
3.7324894894894896e+00	5.0602500000000002e-02
3.7324924924924927e+00	5.0592400000000003e-02
3.7324954954954959e+00	5.0582200000000001e-02
3.7324984984984986e+00	5.0572100000000002e-02
3.7325015015015017e+00	5.0561900000000000e-02
3.7325045045045044e+00	5.0551800000000001e-02
3.7325075075075076e+00	5.0541599999999999e-02
3.7325105105105107e+00	5.0531500000000000e-02
3.7325135135135135e+00	5.0521299999999998e-02
3.7325165165165166e+00	5.0511199999999999e-02
3.7325195195195198e+00	5.0501100000000000e-02
3.7325225225225225e+00	5.0491000000000001e-02
3.7325255255255256e+00	5.0480799999999999e-02
3.7325285285285288e+00	5.0470700000000000e-02
3.7325315315315315e+00	5.0460600000000001e-02
3.7325345345345347e+00	5.0450500000000002e-02
3.7325375375375378e+00	5.0440400000000003e-02
3.7325405405405405e+00	5.0430299999999997e-02
3.7325435435435437e+00	5.0420199999999998e-02
3.7325465465465468e+00	5.0410099999999999e-02
3.7325495495495495e+00	5.0400000000000000e-02
3.7325525525525527e+00	5.0389900000000001e-02
3.7325555555555558e+00	5.0379800000000002e-02
3.7325585585585586e+00	5.0369700000000003e-02
3.7325615615615617e+00	5.0359700000000000e-02
3.7325645645645649e+00	5.0349600000000001e-02
3.7325675675675676e+00	5.0339500000000002e-02
3.7325705705705707e+00	5.0329499999999999e-02
3.7325735735735739e+00	5.0319400000000000e-02
3.7325765765765766e+00	5.0309300000000001e-02
3.7325795795795798e+00	5.0299299999999998e-02
3.7325825825825829e+00	5.0289199999999999e-02
3.7325855855855856e+00	5.0279200000000003e-02
3.7325885885885888e+00	5.0269099999999997e-02
3.7325915915915919e+00	5.0259100000000001e-02
3.7325945945945946e+00	5.0249000000000002e-02
3.7325975975975978e+00	5.0238999999999999e-02
3.7326006006006009e+00	5.0229000000000003e-02
3.7326036036036037e+00	5.0218899999999997e-02
3.7326066066066068e+00	5.0208900000000001e-02
3.7326096096096100e+00	5.0198899999999998e-02
3.7326126126126127e+00	5.0188900000000002e-02
3.7326156156156158e+00	5.0178899999999999e-02
3.7326186186186185e+00	5.0168900000000002e-02
3.7326216216216217e+00	5.0158899999999999e-02
3.7326246246246249e+00	5.0148800000000000e-02
3.7326276276276276e+00	5.0138799999999997e-02
3.7326306306306307e+00	5.0128899999999997e-02
3.7326336336336339e+00	5.0118900000000001e-02
3.7326366366366366e+00	5.0108899999999998e-02
3.7326396396396397e+00	5.0098900000000002e-02
3.7326426426426429e+00	5.0088899999999999e-02
3.7326456456456456e+00	5.0078900000000003e-02
3.7326486486486488e+00	5.0068900000000000e-02
3.7326516516516519e+00	5.0058999999999999e-02
3.7326546546546546e+00	5.0049000000000003e-02
3.7326576576576578e+00	5.0039000000000000e-02
3.7326606606606609e+00	5.0029100000000000e-02
3.7326636636636636e+00	5.0019099999999997e-02
3.7326666666666668e+00	5.0009199999999997e-02
3.7326696696696700e+00	4.9999200000000001e-02
3.7326726726726727e+00	4.9989300000000000e-02
3.7326756756756758e+00	4.9979299999999997e-02
3.7326786786786790e+00	4.9969399999999997e-02
3.7326816816816817e+00	4.9959499999999997e-02
3.7326846846846848e+00	4.9949500000000001e-02
3.7326876876876880e+00	4.9939600000000001e-02
3.7326906906906907e+00	4.9929700000000000e-02
3.7326936936936939e+00	4.9919699999999997e-02
3.7326966966966970e+00	4.9909799999999997e-02
3.7326996996996997e+00	4.9899899999999997e-02
3.7327027027027029e+00	4.9889999999999997e-02
3.7327057057057060e+00	4.9880099999999997e-02
3.7327087087087087e+00	4.9870200000000003e-02
3.7327117117117119e+00	4.9860300000000003e-02
3.7327147147147151e+00	4.9850400000000003e-02
3.7327177177177178e+00	4.9840500000000003e-02
3.7327207207207209e+00	4.9830600000000003e-02
3.7327237237237236e+00	4.9820700000000002e-02
3.7327267267267268e+00	4.9810800000000002e-02
3.7327297297297299e+00	4.9800999999999998e-02
3.7327327327327327e+00	4.9791099999999998e-02
3.7327357357357358e+00	4.9781199999999998e-02
3.7327387387387390e+00	4.9771299999999997e-02
3.7327417417417417e+00	4.9761500000000000e-02
3.7327447447447448e+00	4.9751600000000000e-02
3.7327477477477480e+00	4.9741700000000000e-02
3.7327507507507507e+00	4.9731900000000002e-02
3.7327537537537538e+00	4.9722000000000002e-02
3.7327567567567570e+00	4.9712199999999998e-02
3.7327597597597597e+00	4.9702299999999998e-02
3.7327627627627629e+00	4.9692500000000001e-02
3.7327657657657660e+00	4.9682700000000003e-02
3.7327687687687687e+00	4.9672800000000003e-02
3.7327717717717719e+00	4.9662999999999999e-02
3.7327747747747750e+00	4.9653200000000002e-02
3.7327777777777778e+00	4.9643300000000001e-02
3.7327807807807809e+00	4.9633499999999997e-02
3.7327837837837841e+00	4.9623700000000000e-02
3.7327867867867868e+00	4.9613900000000002e-02
3.7327897897897899e+00	4.9604099999999998e-02
3.7327927927927931e+00	4.9594300000000001e-02
3.7327957957957958e+00	4.9584499999999997e-02
3.7327987987987989e+00	4.9574699999999999e-02
3.7328018018018021e+00	4.9564900000000002e-02
3.7328048048048048e+00	4.9555099999999998e-02
3.7328078078078080e+00	4.9545300000000000e-02
3.7328108108108111e+00	4.9535500000000003e-02
3.7328138138138138e+00	4.9525699999999999e-02
3.7328168168168170e+00	4.9515999999999998e-02
3.7328198198198201e+00	4.9506200000000000e-02
3.7328228228228229e+00	4.9496400000000003e-02
3.7328258258258260e+00	4.9486599999999999e-02
3.7328288288288292e+00	4.9476899999999997e-02
3.7328318318318319e+00	4.9467100000000000e-02
3.7328348348348350e+00	4.9457399999999999e-02
3.7328378378378377e+00	4.9447600000000001e-02
3.7328408408408409e+00	4.9437799999999997e-02
3.7328438438438440e+00	4.9428100000000003e-02
3.7328468468468468e+00	4.9418400000000001e-02
3.7328498498498499e+00	4.9408599999999997e-02
3.7328528528528531e+00	4.9398900000000003e-02
3.7328558558558558e+00	4.9389099999999998e-02
3.7328588588588589e+00	4.9379399999999997e-02
3.7328618618618621e+00	4.9369700000000002e-02
3.7328648648648648e+00	4.9360000000000001e-02
3.7328678678678680e+00	4.9350199999999997e-02
3.7328708708708711e+00	4.9340500000000002e-02
3.7328738738738738e+00	4.9330800000000001e-02
3.7328768768768770e+00	4.9321100000000000e-02
3.7328798798798801e+00	4.9311399999999998e-02
3.7328828828828828e+00	4.9301699999999997e-02
3.7328858858858860e+00	4.9292000000000002e-02
3.7328888888888891e+00	4.9282300000000001e-02
3.7328918918918919e+00	4.9272600000000000e-02
3.7328948948948950e+00	4.9262899999999998e-02
3.7328978978978982e+00	4.9253199999999997e-02
3.7329009009009009e+00	4.9243599999999998e-02
3.7329039039039040e+00	4.9233899999999997e-02
3.7329069069069072e+00	4.9224200000000003e-02
3.7329099099099099e+00	4.9214500000000001e-02
3.7329129129129131e+00	4.9204900000000003e-02
3.7329159159159162e+00	4.9195200000000001e-02
3.7329189189189189e+00	4.9185500000000000e-02
3.7329219219219221e+00	4.9175900000000002e-02
3.7329249249249252e+00	4.9166200000000000e-02
3.7329279279279279e+00	4.9156600000000002e-02
3.7329309309309311e+00	4.9146900000000000e-02
3.7329339339339342e+00	4.9137300000000002e-02
3.7329369369369370e+00	4.9127600000000000e-02
3.7329399399399401e+00	4.9118000000000002e-02
3.7329429429429433e+00	4.9108400000000003e-02
3.7329459459459460e+00	4.9098700000000002e-02
3.7329489489489491e+00	4.9089099999999997e-02
3.7329519519519518e+00	4.9079499999999998e-02
3.7329549549549550e+00	4.9069900000000000e-02
3.7329579579579582e+00	4.9060300000000001e-02
3.7329609609609609e+00	4.9050600000000000e-02
3.7329639639639640e+00	4.9041000000000001e-02
3.7329669669669672e+00	4.9031400000000003e-02
3.7329699699699699e+00	4.9021799999999997e-02
3.7329729729729730e+00	4.9012199999999999e-02
3.7329759759759762e+00	4.9002600000000000e-02
3.7329789789789789e+00	4.8993000000000002e-02
3.7329819819819821e+00	4.8983400000000003e-02
3.7329849849849852e+00	4.8973900000000001e-02
3.7329879879879879e+00	4.8964300000000002e-02
3.7329909909909911e+00	4.8954699999999997e-02
3.7329939939939942e+00	4.8945099999999998e-02
3.7329969969969969e+00	4.8935600000000003e-02
3.7330000000000001e+00	4.8925999999999997e-02
3.7330030030030033e+00	4.8916399999999999e-02
3.7330060060060060e+00	4.8906900000000003e-02
3.7330090090090091e+00	4.8897299999999998e-02
3.7330120120120123e+00	4.8887699999999999e-02
3.7330150150150150e+00	4.8878199999999997e-02
3.7330180180180181e+00	4.8868599999999998e-02
3.7330210210210213e+00	4.8859100000000003e-02
3.7330240240240240e+00	4.8849600000000000e-02
3.7330270270270272e+00	4.8840000000000001e-02
3.7330300300300303e+00	4.8830499999999999e-02
3.7330330330330330e+00	4.8821000000000003e-02
3.7330360360360362e+00	4.8811399999999998e-02
3.7330390390390393e+00	4.8801900000000002e-02
3.7330420420420420e+00	4.8792400000000000e-02
3.7330450450450452e+00	4.8782899999999997e-02
3.7330480480480484e+00	4.8773400000000001e-02
3.7330510510510511e+00	4.8763800000000003e-02
3.7330540540540542e+00	4.8754300000000000e-02
3.7330570570570569e+00	4.8744799999999998e-02
3.7330600600600601e+00	4.8735300000000002e-02
3.7330630630630632e+00	4.8725800000000000e-02
3.7330660660660659e+00	4.8716299999999997e-02
3.7330690690690691e+00	4.8706899999999997e-02
3.7330720720720723e+00	4.8697400000000002e-02
3.7330750750750750e+00	4.8687899999999999e-02
3.7330780780780781e+00	4.8678399999999997e-02
3.7330810810810813e+00	4.8668900000000001e-02
3.7330840840840840e+00	4.8659500000000001e-02
3.7330870870870871e+00	4.8649999999999999e-02
3.7330900900900903e+00	4.8640500000000003e-02
3.7330930930930930e+00	4.8631099999999997e-02
3.7330960960960962e+00	4.8621600000000001e-02
3.7330990990990993e+00	4.8612099999999998e-02
3.7331021021021020e+00	4.8602699999999999e-02
3.7331051051051052e+00	4.8593200000000003e-02
3.7331081081081083e+00	4.8583800000000003e-02
3.7331111111111110e+00	4.8574399999999997e-02
3.7331141141141142e+00	4.8564900000000001e-02
3.7331171171171174e+00	4.8555500000000001e-02
3.7331201201201201e+00	4.8546100000000002e-02
3.7331231231231232e+00	4.8536599999999999e-02
3.7331261261261264e+00	4.8527200000000000e-02
3.7331291291291291e+00	4.8517800000000000e-02
3.7331321321321322e+00	4.8508400000000000e-02
3.7331351351351354e+00	4.8498899999999998e-02
3.7331381381381381e+00	4.8489499999999998e-02
3.7331411411411413e+00	4.8480099999999998e-02
3.7331441441441444e+00	4.8470699999999999e-02
3.7331471471471471e+00	4.8461299999999999e-02
3.7331501501501503e+00	4.8451899999999999e-02
3.7331531531531534e+00	4.8442499999999999e-02
3.7331561561561561e+00	4.8433100000000000e-02
3.7331591591591593e+00	4.8423800000000003e-02
3.7331621621621625e+00	4.8414400000000003e-02
3.7331651651651652e+00	4.8404999999999997e-02
3.7331681681681683e+00	4.8395599999999997e-02
3.7331711711711710e+00	4.8386199999999997e-02
3.7331741741741742e+00	4.8376900000000000e-02
3.7331771771771773e+00	4.8367500000000001e-02
3.7331801801801801e+00	4.8358100000000001e-02
3.7331831831831832e+00	4.8348799999999997e-02
3.7331861861861864e+00	4.8339399999999998e-02
3.7331891891891891e+00	4.8330100000000001e-02
3.7331921921921922e+00	4.8320700000000001e-02
3.7331951951951954e+00	4.8311399999999997e-02
3.7331981981981981e+00	4.8301999999999998e-02
3.7332012012012012e+00	4.8292700000000001e-02
3.7332042042042044e+00	4.8283399999999997e-02
3.7332072072072071e+00	4.8273999999999997e-02
3.7332102102102103e+00	4.8264700000000001e-02
3.7332132132132134e+00	4.8255399999999997e-02
3.7332162162162161e+00	4.8245999999999997e-02
3.7332192192192193e+00	4.8236700000000000e-02
3.7332222222222224e+00	4.8227399999999997e-02
3.7332252252252252e+00	4.8218100000000000e-02
3.7332282282282283e+00	4.8208800000000003e-02
3.7332312312312315e+00	4.8199499999999999e-02
3.7332342342342342e+00	4.8190200000000002e-02
3.7332372372372373e+00	4.8180899999999999e-02
3.7332402402402405e+00	4.8171600000000002e-02
3.7332432432432432e+00	4.8162299999999998e-02
3.7332462462462463e+00	4.8153000000000001e-02
3.7332492492492495e+00	4.8143699999999998e-02
3.7332522522522522e+00	4.8134400000000001e-02
3.7332552552552554e+00	4.8125200000000000e-02
3.7332582582582585e+00	4.8115900000000003e-02
3.7332612612612612e+00	4.8106599999999999e-02
3.7332642642642644e+00	4.8097399999999998e-02
3.7332672672672675e+00	4.8088100000000002e-02
3.7332702702702703e+00	4.8078799999999998e-02
3.7332732732732734e+00	4.8069599999999997e-02
3.7332762762762766e+00	4.8060300000000000e-02
3.7332792792792793e+00	4.8051099999999999e-02
3.7332822822822824e+00	4.8041800000000003e-02
3.7332852852852851e+00	4.8032600000000002e-02
3.7332882882882883e+00	4.8023299999999998e-02
3.7332912912912914e+00	4.8014099999999997e-02
3.7332942942942942e+00	4.8004900000000003e-02
3.7332972972972973e+00	4.7995599999999999e-02
3.7333003003003005e+00	4.7986399999999999e-02
3.7333033033033032e+00	4.7977199999999998e-02
3.7333063063063063e+00	4.7967999999999997e-02
3.7333093093093095e+00	4.7958700000000000e-02
3.7333123123123122e+00	4.7949499999999999e-02
3.7333153153153154e+00	4.7940299999999998e-02
3.7333183183183185e+00	4.7931099999999997e-02
3.7333213213213212e+00	4.7921900000000003e-02
3.7333243243243244e+00	4.7912700000000003e-02
3.7333273273273275e+00	4.7903500000000002e-02
3.7333303303303302e+00	4.7894300000000001e-02
3.7333333333333334e+00	4.7885100000000000e-02
3.7333363363363365e+00	4.7876000000000002e-02
3.7333393393393393e+00	4.7866800000000001e-02
3.7333423423423424e+00	4.7857600000000000e-02
3.7333453453453456e+00	4.7848399999999999e-02
3.7333483483483483e+00	4.7839199999999998e-02
3.7333513513513514e+00	4.7830100000000000e-02
3.7333543543543546e+00	4.7820900000000000e-02
3.7333573573573573e+00	4.7811800000000002e-02
3.7333603603603605e+00	4.7802600000000001e-02
3.7333633633633636e+00	4.7793400000000000e-02
3.7333663663663663e+00	4.7784300000000002e-02
3.7333693693693695e+00	4.7775100000000001e-02
3.7333723723723726e+00	4.7766000000000003e-02
3.7333753753753753e+00	4.7756899999999998e-02
3.7333783783783785e+00	4.7747699999999997e-02
3.7333813813813816e+00	4.7738599999999999e-02
3.7333843843843844e+00	4.7729500000000001e-02
3.7333873873873875e+00	4.7720300000000000e-02
3.7333903903903902e+00	4.7711200000000002e-02
3.7333933933933934e+00	4.7702099999999997e-02
3.7333963963963965e+00	4.7692999999999999e-02
3.7333993993993992e+00	4.7683900000000001e-02
3.7334024024024024e+00	4.7674800000000003e-02
3.7334054054054056e+00	4.7665600000000002e-02
3.7334084084084083e+00	4.7656499999999997e-02
3.7334114114114114e+00	4.7647399999999999e-02
3.7334144144144146e+00	4.7638300000000001e-02
3.7334174174174173e+00	4.7629299999999999e-02
3.7334204204204204e+00	4.7620200000000001e-02
3.7334234234234236e+00	4.7611100000000003e-02
3.7334264264264263e+00	4.7601999999999998e-02
3.7334294294294295e+00	4.7592900000000000e-02
3.7334324324324326e+00	4.7583800000000002e-02
3.7334354354354353e+00	4.7574800000000000e-02
3.7334384384384385e+00	4.7565700000000002e-02
3.7334414414414416e+00	4.7556599999999997e-02
3.7334444444444443e+00	4.7547600000000002e-02
3.7334474474474475e+00	4.7538499999999997e-02
3.7334504504504507e+00	4.7529500000000002e-02
3.7334534534534534e+00	4.7520399999999997e-02
3.7334564564564565e+00	4.7511400000000002e-02
3.7334594594594597e+00	4.7502299999999997e-02
3.7334624624624624e+00	4.7493300000000002e-02
3.7334654654654655e+00	4.7484300000000000e-02
3.7334684684684687e+00	4.7475200000000002e-02
3.7334714714714714e+00	4.7466200000000000e-02
3.7334744744744746e+00	4.7457199999999998e-02
3.7334774774774777e+00	4.7448100000000000e-02
3.7334804804804804e+00	4.7439099999999998e-02
3.7334834834834836e+00	4.7430100000000003e-02
3.7334864864864867e+00	4.7421100000000001e-02
3.7334894894894894e+00	4.7412099999999999e-02
3.7334924924924926e+00	4.7403099999999997e-02
3.7334954954954958e+00	4.7394100000000002e-02
3.7334984984984985e+00	4.7385099999999999e-02
3.7335015015015016e+00	4.7376099999999997e-02
3.7335045045045043e+00	4.7367100000000002e-02
3.7335075075075075e+00	4.7358100000000000e-02
3.7335105105105106e+00	4.7349099999999998e-02
3.7335135135135133e+00	4.7340199999999999e-02
3.7335165165165165e+00	4.7331199999999997e-02
3.7335195195195197e+00	4.7322200000000002e-02
3.7335225225225224e+00	4.7313200000000000e-02
3.7335255255255255e+00	4.7304300000000001e-02
3.7335285285285287e+00	4.7295299999999998e-02
3.7335315315315314e+00	4.7286300000000003e-02
3.7335345345345345e+00	4.7277399999999997e-02
3.7335375375375377e+00	4.7268400000000002e-02
3.7335405405405404e+00	4.7259500000000003e-02
3.7335435435435436e+00	4.7250599999999997e-02
3.7335465465465467e+00	4.7241600000000002e-02
3.7335495495495494e+00	4.7232700000000002e-02
3.7335525525525526e+00	4.7223700000000000e-02
3.7335555555555557e+00	4.7214800000000001e-02
3.7335585585585584e+00	4.7205900000000002e-02
3.7335615615615616e+00	4.7197000000000003e-02
3.7335645645645648e+00	4.7188000000000001e-02
3.7335675675675675e+00	4.7179100000000002e-02
3.7335705705705706e+00	4.7170200000000002e-02
3.7335735735735738e+00	4.7161300000000003e-02
3.7335765765765765e+00	4.7152399999999997e-02
3.7335795795795796e+00	4.7143499999999998e-02
3.7335825825825828e+00	4.7134599999999999e-02
3.7335855855855855e+00	4.7125700000000000e-02
3.7335885885885887e+00	4.7116800000000000e-02
3.7335915915915918e+00	4.7107900000000001e-02
3.7335945945945945e+00	4.7099000000000002e-02
3.7335975975975977e+00	4.7090199999999999e-02
3.7336006006006008e+00	4.7081300000000000e-02
3.7336036036036035e+00	4.7072400000000000e-02
3.7336066066066067e+00	4.7063599999999997e-02
3.7336096096096099e+00	4.7054699999999998e-02
3.7336126126126126e+00	4.7045799999999999e-02
3.7336156156156157e+00	4.7037000000000002e-02
3.7336186186186184e+00	4.7028100000000003e-02
3.7336216216216216e+00	4.7019300000000000e-02
3.7336246246246247e+00	4.7010400000000001e-02
3.7336276276276275e+00	4.7001599999999998e-02
3.7336306306306306e+00	4.6992699999999998e-02
3.7336336336336338e+00	4.6983900000000002e-02
3.7336366366366365e+00	4.6975099999999999e-02
3.7336396396396396e+00	4.6966200000000000e-02
3.7336426426426428e+00	4.6957400000000003e-02
3.7336456456456455e+00	4.6948600000000000e-02
3.7336486486486486e+00	4.6939799999999997e-02
3.7336516516516518e+00	4.6931000000000000e-02
3.7336546546546545e+00	4.6922199999999997e-02
3.7336576576576577e+00	4.6913400000000001e-02
3.7336606606606608e+00	4.6904599999999998e-02
3.7336636636636635e+00	4.6895800000000001e-02
3.7336666666666667e+00	4.6886999999999998e-02
3.7336696696696698e+00	4.6878200000000002e-02
3.7336726726726726e+00	4.6869399999999999e-02
3.7336756756756757e+00	4.6860600000000002e-02
3.7336786786786789e+00	4.6851799999999999e-02
3.7336816816816816e+00	4.6843000000000003e-02
3.7336846846846847e+00	4.6834300000000002e-02
3.7336876876876879e+00	4.6825499999999999e-02
3.7336906906906906e+00	4.6816700000000003e-02
3.7336936936936937e+00	4.6808000000000002e-02
3.7336966966966969e+00	4.6799199999999999e-02
3.7336996996996996e+00	4.6790499999999999e-02
3.7337027027027028e+00	4.6781700000000002e-02
3.7337057057057059e+00	4.6773000000000002e-02
3.7337087087087086e+00	4.6764199999999999e-02
3.7337117117117118e+00	4.6755499999999998e-02
3.7337147147147149e+00	4.6746799999999998e-02
3.7337177177177177e+00	4.6738000000000002e-02
3.7337207207207208e+00	4.6729300000000001e-02
3.7337237237237235e+00	4.6720600000000001e-02
3.7337267267267267e+00	4.6711900000000001e-02
3.7337297297297298e+00	4.6703200000000000e-02
3.7337327327327325e+00	4.6694500000000000e-02
3.7337357357357357e+00	4.6685699999999997e-02
3.7337387387387388e+00	4.6677000000000003e-02
3.7337417417417416e+00	4.6668300000000003e-02
3.7337447447447447e+00	4.6659699999999998e-02
3.7337477477477479e+00	4.6650999999999998e-02
3.7337507507507506e+00	4.6642299999999998e-02
3.7337537537537537e+00	4.6633599999999997e-02
3.7337567567567569e+00	4.6624899999999997e-02
3.7337597597597596e+00	4.6616200000000003e-02
3.7337627627627628e+00	4.6607599999999999e-02
3.7337657657657659e+00	4.6598899999999999e-02
3.7337687687687686e+00	4.6590199999999998e-02
3.7337717717717718e+00	4.6581600000000001e-02
3.7337747747747749e+00	4.6572900000000000e-02
3.7337777777777776e+00	4.6564300000000003e-02
3.7337807807807808e+00	4.6555600000000003e-02
3.7337837837837839e+00	4.6546999999999998e-02
3.7337867867867867e+00	4.6538400000000001e-02
3.7337897897897898e+00	4.6529700000000000e-02
3.7337927927927930e+00	4.6521100000000003e-02
3.7337957957957957e+00	4.6512499999999998e-02
3.7337987987987988e+00	4.6503900000000001e-02
3.7338018018018020e+00	4.6495200000000000e-02
3.7338048048048047e+00	4.6486600000000003e-02
3.7338078078078079e+00	4.6477999999999998e-02
3.7338108108108110e+00	4.6469400000000001e-02
3.7338138138138137e+00	4.6460799999999997e-02
3.7338168168168169e+00	4.6452199999999999e-02
3.7338198198198200e+00	4.6443600000000002e-02
3.7338228228228227e+00	4.6434999999999997e-02
3.7338258258258259e+00	4.6426500000000002e-02
3.7338288288288290e+00	4.6417899999999998e-02
3.7338318318318318e+00	4.6409300000000001e-02
3.7338348348348349e+00	4.6400700000000003e-02
3.7338378378378376e+00	4.6392200000000001e-02
3.7338408408408408e+00	4.6383599999999997e-02
3.7338438438438439e+00	4.6375000000000000e-02
3.7338468468468466e+00	4.6366499999999998e-02
3.7338498498498498e+00	4.6357900000000000e-02
3.7338528528528530e+00	4.6349399999999999e-02
3.7338558558558557e+00	4.6340899999999997e-02
3.7338588588588588e+00	4.6332300000000000e-02
3.7338618618618620e+00	4.6323799999999998e-02
3.7338648648648647e+00	4.6315299999999997e-02
3.7338678678678678e+00	4.6306699999999999e-02
3.7338708708708710e+00	4.6298199999999998e-02
3.7338738738738737e+00	4.6289700000000003e-02
3.7338768768768769e+00	4.6281200000000002e-02
3.7338798798798800e+00	4.6272700000000000e-02
3.7338828828828827e+00	4.6264199999999998e-02
3.7338858858858859e+00	4.6255699999999997e-02
3.7338888888888890e+00	4.6247200000000002e-02
3.7338918918918917e+00	4.6238700000000001e-02
3.7338948948948949e+00	4.6230300000000002e-02
3.7338978978978981e+00	4.6221800000000000e-02
3.7339009009009008e+00	4.6213299999999999e-02
3.7339039039039039e+00	4.6204799999999997e-02
3.7339069069069071e+00	4.6196399999999999e-02
3.7339099099099098e+00	4.6187899999999997e-02
3.7339129129129129e+00	4.6179499999999998e-02
3.7339159159159161e+00	4.6170999999999997e-02
3.7339189189189188e+00	4.6162599999999998e-02
3.7339219219219220e+00	4.6154100000000003e-02
3.7339249249249251e+00	4.6145699999999998e-02
3.7339279279279278e+00	4.6137299999999999e-02
3.7339309309309310e+00	4.6128900000000000e-02
3.7339339339339341e+00	4.6120399999999999e-02
3.7339369369369368e+00	4.6112000000000000e-02
3.7339399399399400e+00	4.6103600000000002e-02
3.7339429429429432e+00	4.6095200000000003e-02
3.7339459459459459e+00	4.6086799999999997e-02
3.7339489489489490e+00	4.6078399999999999e-02
3.7339519519519517e+00	4.6070000000000000e-02
3.7339549549549549e+00	4.6061600000000001e-02
3.7339579579579580e+00	4.6053299999999998e-02
3.7339609609609608e+00	4.6044900000000000e-02
3.7339639639639639e+00	4.6036500000000001e-02
3.7339669669669671e+00	4.6028199999999998e-02
3.7339699699699698e+00	4.6019800000000000e-02
3.7339729729729729e+00	4.6011499999999997e-02
3.7339759759759761e+00	4.6003099999999998e-02
3.7339789789789788e+00	4.5994800000000002e-02
3.7339819819819819e+00	4.5986399999999997e-02
3.7339849849849851e+00	4.5978100000000001e-02
3.7339879879879878e+00	4.5969799999999998e-02
3.7339909909909910e+00	4.5961500000000002e-02
3.7339939939939941e+00	4.5953099999999997e-02
3.7339969969969968e+00	4.5944800000000001e-02
3.7340000000000000e+00	4.5936499999999998e-02
3.7340030030030031e+00	4.5928200000000002e-02
3.7340060060060059e+00	4.5919900000000000e-02
3.7340090090090090e+00	4.5911700000000000e-02
3.7340120120120122e+00	4.5903399999999997e-02
3.7340150150150149e+00	4.5895100000000001e-02
3.7340180180180180e+00	4.5886799999999998e-02
3.7340210210210212e+00	4.5878599999999999e-02
3.7340240240240239e+00	4.5870300000000003e-02
3.7340270270270270e+00	4.5862100000000003e-02
3.7340300300300302e+00	4.5853800000000000e-02
3.7340330330330329e+00	4.5845600000000000e-02
3.7340360360360361e+00	4.5837400000000000e-02
3.7340390390390392e+00	4.5829099999999998e-02
3.7340420420420419e+00	4.5820899999999998e-02
3.7340450450450451e+00	4.5812699999999998e-02
3.7340480480480482e+00	4.5804499999999998e-02
3.7340510510510510e+00	4.5796299999999998e-02
3.7340540540540541e+00	4.5788099999999998e-02
3.7340570570570568e+00	4.5779899999999998e-02
3.7340600600600600e+00	4.5771699999999998e-02
3.7340630630630631e+00	4.5763600000000001e-02
3.7340660660660658e+00	4.5755400000000002e-02
3.7340690690690690e+00	4.5747200000000002e-02
3.7340720720720721e+00	4.5739099999999998e-02
3.7340750750750749e+00	4.5730899999999998e-02
3.7340780780780780e+00	4.5722800000000001e-02
3.7340810810810812e+00	4.5714699999999997e-02
3.7340840840840839e+00	4.5706499999999997e-02
3.7340870870870870e+00	4.5698400000000000e-02
3.7340900900900902e+00	4.5690300000000003e-02
3.7340930930930929e+00	4.5682199999999999e-02
3.7340960960960961e+00	4.5674100000000002e-02
3.7340990990990992e+00	4.5665999999999998e-02
3.7341021021021019e+00	4.5657900000000001e-02
3.7341051051051051e+00	4.5649900000000000e-02
3.7341081081081082e+00	4.5641800000000003e-02
3.7341111111111109e+00	4.5633699999999999e-02
3.7341141141141141e+00	4.5625699999999998e-02
3.7341171171171172e+00	4.5617600000000001e-02
3.7341201201201200e+00	4.5609600000000000e-02
3.7341231231231231e+00	4.5601599999999999e-02
3.7341261261261263e+00	4.5593599999999998e-02
3.7341291291291290e+00	4.5585500000000001e-02
3.7341321321321321e+00	4.5577500000000000e-02
3.7341351351351353e+00	4.5569600000000002e-02
3.7341381381381380e+00	4.5561600000000001e-02
3.7341411411411412e+00	4.5553600000000000e-02
3.7341441441441443e+00	4.5545599999999999e-02
3.7341471471471470e+00	4.5537700000000000e-02
3.7341501501501502e+00	4.5529699999999999e-02
3.7341531531531533e+00	4.5521800000000001e-02
3.7341561561561560e+00	4.5513800000000000e-02
3.7341591591591592e+00	4.5505900000000002e-02
3.7341621621621623e+00	4.5497999999999997e-02
3.7341651651651651e+00	4.5490099999999999e-02
3.7341681681681682e+00	4.5482200000000000e-02
3.7341711711711709e+00	4.5474300000000002e-02
3.7341741741741741e+00	4.5466500000000000e-02
3.7341771771771772e+00	4.5458600000000002e-02
3.7341801801801799e+00	4.5450699999999997e-02
3.7341831831831831e+00	4.5442900000000001e-02
3.7341861861861863e+00	4.5435099999999999e-02
3.7341891891891890e+00	4.5427200000000001e-02
3.7341921921921921e+00	4.5419399999999999e-02
3.7341951951951953e+00	4.5411600000000003e-02
3.7341981981981980e+00	4.5403800000000001e-02
3.7342012012012011e+00	4.5396100000000002e-02
3.7342042042042043e+00	4.5388299999999999e-02
3.7342072072072070e+00	4.5380499999999997e-02
3.7342102102102102e+00	4.5372799999999998e-02
3.7342132132132133e+00	4.5365099999999998e-02
3.7342162162162160e+00	4.5357399999999999e-02
3.7342192192192192e+00	4.5349700000000000e-02
3.7342222222222223e+00	4.5342000000000000e-02
3.7342252252252250e+00	4.5334300000000001e-02
3.7342282282282282e+00	4.5326600000000002e-02
3.7342312312312314e+00	4.5318999999999998e-02
3.7342342342342341e+00	4.5311299999999999e-02
3.7342372372372372e+00	4.5303700000000002e-02
3.7342402402402404e+00	4.5296099999999999e-02
3.7342432432432431e+00	4.5288500000000002e-02
3.7342462462462462e+00	4.5280899999999999e-02
3.7342492492492494e+00	4.5273300000000002e-02
3.7342522522522521e+00	4.5265800000000002e-02
3.7342552552552553e+00	4.5258300000000001e-02
3.7342582582582584e+00	4.5250699999999998e-02
3.7342612612612611e+00	4.5243199999999997e-02
3.7342642642642643e+00	4.5235800000000000e-02
3.7342672672672674e+00	4.5228299999999999e-02
3.7342702702702701e+00	4.5220799999999998e-02
3.7342732732732733e+00	4.5213400000000001e-02
3.7342762762762765e+00	4.5206000000000003e-02
3.7342792792792792e+00	4.5198599999999998e-02
3.7342822822822823e+00	4.5191200000000001e-02
3.7342852852852850e+00	4.5183800000000003e-02
3.7342882882882882e+00	4.5176500000000001e-02
3.7342912912912913e+00	4.5169200000000000e-02
3.7342942942942940e+00	4.5161899999999998e-02
3.7342972972972972e+00	4.5154600000000003e-02
3.7343003003003004e+00	4.5147300000000001e-02
3.7343033033033031e+00	4.5140100000000002e-02
3.7343063063063062e+00	4.5132899999999997e-02
3.7343093093093094e+00	4.5125699999999998e-02
3.7343123123123121e+00	4.5118499999999999e-02
3.7343153153153152e+00	4.5111400000000003e-02
3.7343183183183184e+00	4.5104300000000000e-02
3.7343213213213211e+00	4.5097199999999997e-02
3.7343243243243243e+00	4.5090100000000001e-02
3.7343273273273274e+00	4.5083100000000001e-02
3.7343303303303301e+00	4.5075999999999998e-02
3.7343333333333333e+00	4.5069100000000001e-02
3.7343363363363364e+00	4.5062100000000001e-02
3.7343393393393391e+00	4.5055199999999997e-02
3.7343423423423423e+00	4.5048299999999999e-02
3.7343453453453455e+00	4.5041400000000002e-02
3.7343483483483482e+00	4.5034600000000001e-02
3.7343513513513513e+00	4.5027800000000000e-02
3.7343543543543545e+00	4.5020999999999999e-02
3.7343573573573572e+00	4.5014300000000000e-02
3.7343603603603603e+00	4.5007600000000002e-02
3.7343633633633635e+00	4.5000900000000003e-02
3.7343663663663662e+00	4.4994300000000001e-02
3.7343693693693694e+00	4.4987699999999999e-02
3.7343723723723725e+00	4.4981199999999999e-02
3.7343753753753752e+00	4.4974699999999999e-02
3.7343783783783784e+00	4.4968200000000000e-02
3.7343813813813815e+00	4.4961800000000003e-02
3.7343843843843842e+00	4.4955400000000000e-02
3.7343873873873874e+00	4.4949099999999999e-02
3.7343903903903901e+00	4.4942900000000001e-02
3.7343933933933933e+00	4.4936600000000000e-02
3.7343963963963964e+00	4.4930499999999998e-02
3.7343993993993991e+00	4.4924400000000003e-02
3.7344024024024023e+00	4.4918300000000001e-02
3.7344054054054054e+00	4.4912300000000002e-02
3.7344084084084082e+00	4.4906399999999999e-02
3.7344114114114113e+00	4.4900500000000003e-02
3.7344144144144145e+00	4.4894700000000003e-02
3.7344174174174172e+00	4.4888999999999998e-02
3.7344204204204203e+00	4.4883399999999997e-02
3.7344234234234235e+00	4.4877800000000002e-02
3.7344264264264262e+00	4.4872299999999997e-02
3.7344294294294293e+00	4.4866799999999998e-02
3.7344324324324325e+00	4.4861499999999999e-02
3.7344354354354352e+00	4.4856300000000002e-02
3.7344384384384384e+00	4.4851099999999998e-02
3.7344414414414415e+00	4.4845999999999997e-02
3.7344444444444442e+00	4.4841100000000002e-02
3.7344474474474474e+00	4.4836200000000000e-02
3.7344504504504505e+00	4.4831400000000000e-02
3.7344534534534533e+00	4.4826800000000000e-02
3.7344564564564564e+00	4.4822300000000002e-02
3.7344594594594596e+00	4.4817900000000001e-02
3.7344624624624623e+00	4.4813699999999998e-02
3.7344654654654654e+00	4.4809500000000002e-02
3.7344684684684686e+00	4.4805600000000001e-02
3.7344714714714713e+00	4.4801800000000003e-02
3.7344744744744744e+00	4.4798100000000000e-02
3.7344774774774776e+00	4.4794599999999997e-02
3.7344804804804803e+00	4.4791299999999999e-02
3.7344834834834835e+00	4.4788200000000000e-02
3.7344864864864866e+00	4.4785300000000000e-02
3.7344894894894893e+00	4.4782599999999999e-02
3.7344924924924925e+00	4.4780199999999999e-02
3.7344954954954956e+00	4.4777999999999998e-02
3.7344984984984984e+00	4.4776000000000003e-02
3.7345015015015015e+00	4.4774399999999999e-02
3.7345045045045042e+00	4.4773000000000000e-02
3.7345075075075074e+00	4.4771900000000003e-02
3.7345105105105105e+00	4.4771199999999997e-02
3.7345135135135132e+00	4.4770799999999999e-02
3.7345165165165164e+00	4.4770900000000002e-02
3.7345195195195195e+00	4.4771300000000000e-02
3.7345225225225223e+00	4.4772199999999998e-02
3.7345255255255254e+00	4.4773599999999997e-02
3.7345285285285286e+00	4.4775500000000003e-02
3.7345315315315313e+00	4.4777999999999998e-02
3.7345345345345344e+00	4.4781099999999997e-02
3.7345375375375376e+00	4.4784900000000002e-02
3.7345405405405403e+00	4.4789400000000000e-02
3.7345435435435435e+00	4.4794800000000003e-02
3.7345465465465466e+00	4.4801000000000001e-02
3.7345495495495493e+00	4.4808300000000002e-02
3.7345525525525525e+00	4.4816599999999998e-02
3.7345555555555556e+00	4.4826100000000001e-02
3.7345585585585583e+00	4.4837000000000002e-02
3.7345615615615615e+00	4.4849399999999998e-02
3.7345645645645646e+00	4.4863399999999998e-02
3.7345675675675674e+00	4.4879400000000000e-02
3.7345705705705705e+00	4.4897600000000003e-02
3.7345735735735737e+00	4.4918199999999998e-02
3.7345765765765764e+00	4.4941700000000001e-02
3.7345795795795795e+00	4.4968500000000002e-02
3.7345825825825827e+00	4.4999100000000000e-02
3.7345855855855854e+00	4.5034299999999999e-02
3.7345885885885886e+00	4.5074700000000002e-02
3.7345915915915917e+00	4.5121599999999998e-02
3.7345945945945944e+00	4.5176200000000000e-02
3.7345975975975976e+00	4.5240299999999997e-02
3.7346006006006007e+00	4.5316299999999997e-02
3.7346036036036034e+00	4.5407200000000002e-02
3.7346066066066066e+00	4.5517700000000001e-02
3.7346096096096097e+00	4.5653899999999997e-02
3.7346126126126125e+00	4.5825299999999999e-02
3.7346156156156156e+00	4.6046700000000003e-02
3.7346186186186183e+00	4.6342300000000003e-02
3.7346216216216215e+00	4.6754799999999999e-02
3.7346246246246246e+00	4.7368100000000003e-02
3.7346276276276273e+00	4.8370900000000001e-02
3.7346306306306305e+00	5.0295899999999998e-02
3.7346336336336337e+00	5.5455900000000002e-02
3.7346366366366364e+00	1.0980900000000000e-01
3.7346396396396395e+00	2.7706200000000000e-02
3.7346426426426427e+00	3.6667800000000000e-02
3.7346456456456454e+00	3.9293599999999998e-02
3.7346486486486485e+00	4.0541300000000002e-02
3.7346516516516517e+00	4.1267900000000003e-02
3.7346546546546544e+00	4.1742000000000001e-02
3.7346576576576576e+00	4.2074599999999997e-02
3.7346606606606607e+00	4.2320099999999999e-02
3.7346636636636634e+00	4.2508100000000000e-02
3.7346666666666666e+00	4.2656199999999998e-02
3.7346696696696697e+00	4.2775399999999998e-02
3.7346726726726724e+00	4.2873099999999997e-02
3.7346756756756756e+00	4.2954199999999998e-02
3.7346786786786788e+00	4.3022499999999998e-02
3.7346816816816815e+00	4.3080500000000001e-02
3.7346846846846846e+00	4.3130200000000000e-02
3.7346876876876878e+00	4.3173000000000003e-02
3.7346906906906905e+00	4.3210100000000001e-02
3.7346936936936936e+00	4.3242400000000000e-02
3.7346966966966968e+00	4.3270599999999999e-02
3.7346996996996995e+00	4.3295399999999998e-02
3.7347027027027027e+00	4.3317200000000000e-02
3.7347057057057058e+00	4.3336300000000001e-02
3.7347087087087085e+00	4.3353200000000001e-02
3.7347117117117117e+00	4.3368100000000000e-02
3.7347147147147148e+00	4.3381200000000002e-02
3.7347177177177175e+00	4.3392800000000002e-02
3.7347207207207207e+00	4.3402900000000001e-02
3.7347237237237234e+00	4.3411800000000000e-02
3.7347267267267266e+00	4.3419600000000003e-02
3.7347297297297297e+00	4.3426399999999997e-02
3.7347327327327324e+00	4.3432199999999997e-02
3.7347357357357356e+00	4.3437200000000002e-02
3.7347387387387387e+00	4.3441399999999998e-02
3.7347417417417414e+00	4.3444999999999998e-02
3.7347447447447446e+00	4.3447899999999998e-02
3.7347477477477478e+00	4.3450200000000001e-02
3.7347507507507505e+00	4.3451900000000002e-02
3.7347537537537536e+00	4.3453199999999997e-02
3.7347567567567568e+00	4.3454000000000000e-02
3.7347597597597595e+00	4.3454399999999997e-02
3.7347627627627626e+00	4.3454399999999997e-02
3.7347657657657658e+00	4.3454100000000002e-02
3.7347687687687685e+00	4.3453400000000003e-02
3.7347717717717717e+00	4.3452299999999999e-02
3.7347747747747748e+00	4.3450999999999997e-02
3.7347777777777775e+00	4.3449399999999999e-02
3.7347807807807807e+00	4.3447500000000000e-02
3.7347837837837838e+00	4.3445400000000002e-02
3.7347867867867865e+00	4.3443099999999998e-02
3.7347897897897897e+00	4.3440500000000000e-02
3.7347927927927929e+00	4.3437799999999999e-02
3.7347957957957956e+00	4.3434800000000003e-02
3.7347987987987987e+00	4.3431699999999997e-02
3.7348018018018019e+00	4.3428399999999999e-02
3.7348048048048046e+00	4.3424900000000002e-02
3.7348078078078077e+00	4.3421300000000003e-02
3.7348108108108109e+00	4.3417499999999998e-02
3.7348138138138136e+00	4.3413599999999997e-02
3.7348168168168168e+00	4.3409600000000000e-02
3.7348198198198199e+00	4.3405399999999997e-02
3.7348228228228226e+00	4.3401200000000001e-02
3.7348258258258258e+00	4.3396799999999999e-02
3.7348288288288289e+00	4.3392300000000002e-02
3.7348318318318316e+00	4.3387700000000001e-02
3.7348348348348348e+00	4.3382999999999998e-02
3.7348378378378375e+00	4.3378199999999999e-02
3.7348408408408407e+00	4.3373399999999999e-02
3.7348438438438438e+00	4.3368400000000001e-02
3.7348468468468465e+00	4.3363400000000003e-02
3.7348498498498497e+00	4.3358300000000002e-02
3.7348528528528528e+00	4.3353099999999999e-02
3.7348558558558556e+00	4.3347799999999999e-02
3.7348588588588587e+00	4.3342499999999999e-02
3.7348618618618619e+00	4.3337100000000003e-02
3.7348648648648646e+00	4.3331700000000001e-02
3.7348678678678677e+00	4.3326200000000002e-02
3.7348708708708709e+00	4.3320600000000001e-02
3.7348738738738736e+00	4.3314999999999999e-02
3.7348768768768768e+00	4.3309300000000002e-02
3.7348798798798799e+00	4.3303599999999998e-02
3.7348828828828826e+00	4.3297900000000000e-02
3.7348858858858858e+00	4.3291999999999997e-02
3.7348888888888889e+00	4.3286199999999997e-02
3.7348918918918916e+00	4.3280300000000001e-02
3.7348948948948948e+00	4.3274300000000002e-02
3.7348978978978979e+00	4.3268300000000003e-02
3.7349009009009007e+00	4.3262299999999997e-02
3.7349039039039038e+00	4.3256299999999998e-02
3.7349069069069070e+00	4.3250200000000003e-02
3.7349099099099097e+00	4.3243999999999998e-02
3.7349129129129128e+00	4.3237900000000003e-02
3.7349159159159160e+00	4.3231699999999998e-02
3.7349189189189187e+00	4.3225399999999997e-02
3.7349219219219219e+00	4.3219199999999999e-02
3.7349249249249250e+00	4.3212899999999999e-02
3.7349279279279277e+00	4.3206599999999998e-02
3.7349309309309309e+00	4.3200200000000001e-02
3.7349339339339340e+00	4.3193799999999997e-02
3.7349369369369367e+00	4.3187400000000001e-02
3.7349399399399399e+00	4.3180999999999997e-02
3.7349429429429430e+00	4.3174600000000000e-02
3.7349459459459458e+00	4.3168100000000001e-02
3.7349489489489489e+00	4.3161600000000001e-02
3.7349519519519516e+00	4.3155100000000002e-02
3.7349549549549548e+00	4.3148600000000002e-02
3.7349579579579579e+00	4.3142000000000000e-02
3.7349609609609606e+00	4.3135399999999997e-02
3.7349639639639638e+00	4.3128800000000002e-02
3.7349669669669670e+00	4.3122199999999999e-02
3.7349699699699697e+00	4.3115599999999997e-02
3.7349729729729728e+00	4.3109000000000001e-02
3.7349759759759760e+00	4.3102300000000003e-02
3.7349789789789787e+00	4.3095599999999998e-02
3.7349819819819818e+00	4.3088899999999999e-02
3.7349849849849850e+00	4.3082200000000001e-02
3.7349879879879877e+00	4.3075500000000003e-02
3.7349909909909909e+00	4.3068799999999997e-02
3.7349939939939940e+00	4.3062000000000003e-02
3.7349969969969967e+00	4.3055200000000002e-02
3.7349999999999999e+00	4.3048500000000003e-02
