3.7320000000000002e+00	9.2387600000000002e-04
3.7320030030030034e+00	9.4470000000000003e-04
3.7320060060060061e+00	9.6658900000000001e-04
3.7320090090090092e+00	9.8962500000000005e-04
3.7320120120120124e+00	1.0139000000000001e-03
3.7320150150150151e+00	1.0395100000000000e-03
3.7320180180180182e+00	1.0665700000000000e-03
3.7320210210210214e+00	1.0951900000000000e-03
3.7320240240240241e+00	1.1255300000000000e-03
3.7320270270270273e+00	1.1577200000000001e-03
3.7320300300300304e+00	1.1919299999999999e-03
3.7320330330330331e+00	1.2283600000000000e-03
3.7320360360360363e+00	1.2672100000000000e-03
3.7320390390390394e+00	1.3087299999999999e-03
3.7320420420420422e+00	1.3531800000000001e-03
3.7320450450450453e+00	1.4008800000000000e-03
3.7320480480480485e+00	1.4521700000000000e-03
3.7320510510510512e+00	1.5074500000000000e-03
3.7320540540540543e+00	1.5671700000000001e-03
3.7320570570570570e+00	1.6318699999999999e-03
3.7320600600600602e+00	1.7021300000000000e-03
3.7320630630630633e+00	1.7786799999999999e-03
3.7320660660660661e+00	1.8623299999999999e-03
3.7320690690690692e+00	1.9540400000000002e-03
3.7320720720720724e+00	2.0549399999999999e-03
3.7320750750750751e+00	2.1663799999999999e-03
3.7320780780780782e+00	2.2899600000000002e-03
3.7320810810810814e+00	2.4275899999999999e-03
3.7320840840840841e+00	2.5815999999999999e-03
3.7320870870870873e+00	2.7548199999999998e-03
3.7320900900900904e+00	2.9507000000000001e-03
3.7320930930930931e+00	3.1735499999999998e-03
3.7320960960960963e+00	3.4287300000000001e-03
3.7320990990990994e+00	3.7230300000000000e-03
3.7321021021021021e+00	4.0650800000000004e-03
3.7321051051051053e+00	4.4660899999999998e-03
3.7321081081081084e+00	4.9407100000000001e-03
3.7321111111111112e+00	5.5084299999999999e-03
3.7321141141141143e+00	6.1956199999999998e-03
3.7321171171171175e+00	7.0385600000000001e-03
3.7321201201201202e+00	8.0882599999999999e-03
3.7321231231231233e+00	9.4180600000000007e-03
3.7321261261261265e+00	1.1136300000000000e-02
3.7321291291291292e+00	1.3407700000000000e-02
3.7321321321321324e+00	1.6491800000000001e-02
3.7321351351351355e+00	2.0813900000000000e-02
3.7321381381381382e+00	2.7105000000000001e-02
3.7321411411411414e+00	3.6691900000000000e-02
3.7321441441441445e+00	5.2146400000000002e-02
3.7321471471471472e+00	7.8845499999999999e-02
3.7321501501501504e+00	1.2899400000000000e-01
3.7321531531531535e+00	2.3209199999999999e-01
3.7321561561561563e+00	4.5342199999999999e-01
3.7321591591591594e+00	8.2546600000000003e-01
3.7321621621621626e+00	9.9604000000000004e-01
3.7321651651651653e+00	8.4537200000000001e-01
3.7321681681681684e+00	7.5063599999999997e-01
3.7321711711711711e+00	8.4332600000000002e-01
3.7321741741741743e+00	9.8690699999999998e-01
3.7321771771771775e+00	4.0576499999999999e-01
3.7321801801801802e+00	9.6396899999999994e-02
3.7321831831831833e+00	2.7324399999999999e-02
3.7321861861861865e+00	9.2382000000000002e-03
3.7321891891891892e+00	3.5001300000000002e-03
3.7321921921921923e+00	1.4219899999999999e-03
3.7321951951951955e+00	6.0085700000000000e-04
3.7321981981981982e+00	2.5794499999999998e-04
3.7322012012012014e+00	1.1020700000000000e-04
3.7322042042042045e+00	4.5888199999999999e-05
3.7322072072072072e+00	1.8166099999999999e-05
3.7322102102102104e+00	6.6130699999999999e-06
3.7322132132132135e+00	2.1030600000000000e-06
3.7322162162162162e+00	5.3344400000000000e-07
3.7322192192192194e+00	8.8764000000000000e-08
3.7322222222222226e+00	5.3922400000000000e-09
3.7322252252252253e+00	3.6925000000000002e-13
3.7322282282282284e+00	1.5210300000000001e-09
3.7322312312312316e+00	2.5322500000000001e-08
3.7322342342342343e+00	1.1510800000000000e-07
3.7322372372372374e+00	3.1728100000000002e-07
3.7322402402402406e+00	6.7078699999999996e-07
3.7322432432432433e+00	1.2041700000000001e-06
3.7322462462462465e+00	1.9358000000000002e-06
3.7322492492492496e+00	2.8753199999999999e-06
3.7322522522522523e+00	4.0254499999999997e-06
3.7322552552552555e+00	5.3836499999999997e-06
3.7322582582582586e+00	6.9436199999999996e-06
3.7322612612612613e+00	8.6964500000000004e-06
3.7322642642642645e+00	1.0631600000000000e-05
3.7322672672672677e+00	1.2737399999999999e-05
3.7322702702702704e+00	1.5002100000000000e-05
3.7322732732732735e+00	1.7413699999999999e-05
3.7322762762762767e+00	1.9960299999999999e-05
3.7322792792792794e+00	2.2630700000000000e-05
3.7322822822822825e+00	2.5414000000000001e-05
3.7322852852852852e+00	2.8300200000000001e-05
3.7322882882882884e+00	3.1279799999999998e-05
3.7322912912912916e+00	3.4343900000000002e-05
3.7322942942942943e+00	3.7484400000000003e-05
3.7322972972972974e+00	4.0693800000000000e-05
3.7323003003003006e+00	4.3965299999999997e-05
3.7323033033033033e+00	4.7292600000000002e-05
3.7323063063063064e+00	5.0670000000000001e-05
3.7323093093093096e+00	5.4092299999999997e-05
3.7323123123123123e+00	5.7554900000000000e-05
3.7323153153153155e+00	6.1053499999999994e-05
3.7323183183183186e+00	6.4584200000000004e-05
3.7323213213213213e+00	6.8143800000000003e-05
3.7323243243243245e+00	7.1729000000000004e-05
3.7323273273273276e+00	7.5337200000000001e-05
3.7323303303303303e+00	7.8965800000000002e-05
3.7323333333333335e+00	8.2612800000000003e-05
3.7323363363363367e+00	8.6276199999999999e-05
3.7323393393393394e+00	8.9954299999999994e-05
3.7323423423423425e+00	9.3645600000000003e-05
3.7323453453453457e+00	9.7348899999999999e-05
3.7323483483483484e+00	1.0106300000000000e-04
3.7323513513513515e+00	1.0478700000000000e-04
3.7323543543543547e+00	1.0852000000000000e-04
3.7323573573573574e+00	1.1226100000000000e-04
3.7323603603603606e+00	1.1601000000000000e-04
3.7323633633633637e+00	1.1976600000000000e-04
3.7323663663663664e+00	1.2353000000000000e-04
3.7323693693693696e+00	1.2730000000000000e-04
3.7323723723723727e+00	1.3107599999999999e-04
3.7323753753753754e+00	1.3485900000000000e-04
3.7323783783783786e+00	1.3864800000000000e-04
3.7323813813813818e+00	1.4244400000000001e-04
3.7323843843843845e+00	1.4624700000000001e-04
3.7323873873873876e+00	1.5005600000000000e-04
3.7323903903903903e+00	1.5387199999999999e-04
3.7323933933933935e+00	1.5769499999999999e-04
3.7323963963963966e+00	1.6152600000000000e-04
3.7323993993993994e+00	1.6536400000000001e-04
3.7324024024024025e+00	1.6921100000000000e-04
3.7324054054054057e+00	1.7306600000000001e-04
3.7324084084084084e+00	1.7693000000000000e-04
3.7324114114114115e+00	1.8080300000000000e-04
3.7324144144144147e+00	1.8468599999999999e-04
3.7324174174174174e+00	1.8857999999999999e-04
3.7324204204204205e+00	1.9248500000000000e-04
3.7324234234234237e+00	1.9640099999999999e-04
3.7324264264264264e+00	2.0032900000000001e-04
3.7324294294294296e+00	2.0426999999999999e-04
3.7324324324324327e+00	2.0822399999999999e-04
3.7324354354354354e+00	2.1219300000000001e-04
3.7324384384384386e+00	2.1617500000000001e-04
3.7324414414414417e+00	2.2017299999999999e-04
3.7324444444444445e+00	2.2418699999999999e-04
3.7324474474474476e+00	2.2821800000000000e-04
3.7324504504504508e+00	2.3226500000000000e-04
3.7324534534534535e+00	2.3633100000000000e-04
3.7324564564564566e+00	2.4041600000000000e-04
3.7324594594594598e+00	2.4452000000000002e-04
3.7324624624624625e+00	2.4864400000000001e-04
3.7324654654654656e+00	2.5278900000000001e-04
3.7324684684684688e+00	2.5695600000000002e-04
3.7324714714714715e+00	2.6114600000000002e-04
3.7324744744744747e+00	2.6535900000000001e-04
3.7324774774774778e+00	2.6959700000000000e-04
3.7324804804804805e+00	2.7385899999999999e-04
3.7324834834834837e+00	2.7814799999999998e-04
3.7324864864864868e+00	2.8246300000000000e-04
3.7324894894894896e+00	2.8680600000000002e-04
3.7324924924924927e+00	2.9117800000000001e-04
3.7324954954954959e+00	2.9557900000000002e-04
3.7324984984984986e+00	3.0001099999999998e-04
3.7325015015015017e+00	3.0447400000000000e-04
3.7325045045045044e+00	3.0896899999999998e-04
3.7325075075075076e+00	3.1349800000000000e-04
3.7325105105105107e+00	3.1806000000000000e-04
3.7325135135135135e+00	3.2265800000000003e-04
3.7325165165165166e+00	3.2729299999999998e-04
3.7325195195195198e+00	3.3196499999999998e-04
3.7325225225225225e+00	3.3667499999999998e-04
3.7325255255255256e+00	3.4142400000000000e-04
3.7325285285285288e+00	3.4621400000000002e-04
3.7325315315315315e+00	3.5104599999999999e-04
3.7325345345345347e+00	3.5592000000000002e-04
3.7325375375375378e+00	3.6083799999999999e-04
3.7325405405405405e+00	3.6580100000000002e-04
3.7325435435435437e+00	3.7081100000000002e-04
3.7325465465465468e+00	3.7586800000000001e-04
3.7325495495495495e+00	3.8097300000000000e-04
3.7325525525525527e+00	3.8612899999999998e-04
3.7325555555555558e+00	3.9133499999999998e-04
3.7325585585585586e+00	3.9659500000000002e-04
3.7325615615615617e+00	4.0190799999999997e-04
3.7325645645645649e+00	4.0727599999999998e-04
3.7325675675675676e+00	4.1270100000000002e-04
3.7325705705705707e+00	4.1818399999999999e-04
3.7325735735735739e+00	4.2372599999999997e-04
3.7325765765765766e+00	4.2932900000000000e-04
3.7325795795795798e+00	4.3499499999999998e-04
3.7325825825825829e+00	4.4072399999999998e-04
3.7325855855855856e+00	4.4651899999999998e-04
3.7325885885885888e+00	4.5238100000000002e-04
3.7325915915915919e+00	4.5831200000000000e-04
3.7325945945945946e+00	4.6431400000000001e-04
3.7325975975975978e+00	4.7038700000000001e-04
3.7326006006006009e+00	4.7653499999999999e-04
3.7326036036036037e+00	4.8275800000000002e-04
3.7326066066066068e+00	4.8905800000000001e-04
3.7326096096096100e+00	4.9543799999999995e-04
3.7326126126126127e+00	5.0189899999999999e-04
3.7326156156156158e+00	5.0844400000000004e-04
3.7326186186186185e+00	5.1507400000000002e-04
3.7326216216216217e+00	5.2179099999999996e-04
3.7326246246246249e+00	5.2859800000000002e-04
3.7326276276276276e+00	5.3549600000000000e-04
3.7326306306306307e+00	5.4248800000000004e-04
3.7326336336336339e+00	5.4957599999999997e-04
3.7326366366366366e+00	5.5676300000000005e-04
3.7326396396396397e+00	5.6405099999999998e-04
3.7326426426426429e+00	5.7144100000000001e-04
3.7326456456456456e+00	5.7893799999999998e-04
3.7326486486486488e+00	5.8654300000000003e-04
3.7326516516516519e+00	5.9425899999999998e-04
3.7326546546546546e+00	6.0208899999999999e-04
3.7326576576576578e+00	6.1003600000000000e-04
3.7326606606606609e+00	6.1810200000000004e-04
3.7326636636636636e+00	6.2629000000000005e-04
3.7326666666666668e+00	6.3460399999999998e-04
3.7326696696696700e+00	6.4304700000000000e-04
3.7326726726726727e+00	6.5162100000000001e-04
3.7326756756756758e+00	6.6032999999999999e-04
3.7326786786786790e+00	6.6917699999999997e-04
3.7326816816816817e+00	6.7816700000000003e-04
3.7326846846846848e+00	6.8730199999999999e-04
3.7326876876876880e+00	6.9658600000000002e-04
3.7326906906906907e+00	7.0602299999999996e-04
3.7326936936936939e+00	7.1561699999999999e-04
3.7326966966966970e+00	7.2537199999999995e-04
3.7326996996996997e+00	7.3529100000000000e-04
3.7327027027027029e+00	7.4538000000000002e-04
3.7327057057057060e+00	7.5564299999999996e-04
3.7327087087087087e+00	7.6608399999999999e-04
3.7327117117117119e+00	7.7670799999999998e-04
3.7327147147147151e+00	7.8751899999999998e-04
3.7327177177177178e+00	7.9852199999999997e-04
3.7327207207207209e+00	8.0972399999999995e-04
3.7327237237237236e+00	8.2112799999999996e-04
3.7327267267267268e+00	8.3274100000000002e-04
3.7327297297297299e+00	8.4456699999999995e-04
3.7327327327327327e+00	8.5661299999999999e-04
3.7327357357357358e+00	8.6888500000000001e-04
3.7327387387387390e+00	8.8138900000000000e-04
3.7327417417417417e+00	8.9413100000000005e-04
3.7327447447447448e+00	9.0711700000000004e-04
3.7327477477477480e+00	9.2035499999999998e-04
3.7327507507507507e+00	9.3385199999999999e-04
3.7327537537537538e+00	9.4761400000000005e-04
3.7327567567567570e+00	9.6164999999999998e-04
3.7327597597597597e+00	9.7596599999999999e-04
3.7327627627627629e+00	9.9057199999999989e-04
3.7327657657657660e+00	1.0054700000000001e-03
3.7327687687687687e+00	1.0206799999999999e-03
3.7327717717717719e+00	1.0362100000000001e-03
3.7327747747747750e+00	1.0520499999999999e-03
3.7327777777777778e+00	1.0682300000000001e-03
3.7327807807807809e+00	1.0847599999999999e-03
3.7327837837837841e+00	1.1016299999999999e-03
3.7327867867867868e+00	1.1188700000000001e-03
3.7327897897897899e+00	1.1364900000000000e-03
3.7327927927927931e+00	1.1544900000000000e-03
3.7327957957957958e+00	1.1728900000000000e-03
3.7327987987987989e+00	1.1917000000000000e-03
3.7328018018018021e+00	1.2109300000000000e-03
3.7328048048048048e+00	1.2306000000000001e-03
3.7328078078078080e+00	1.2507099999999999e-03
3.7328108108108111e+00	1.2712999999999999e-03
3.7328138138138138e+00	1.2923500000000001e-03
3.7328168168168170e+00	1.3139099999999999e-03
3.7328198198198201e+00	1.3359699999999999e-03
3.7328228228228229e+00	1.3585600000000000e-03
3.7328258258258260e+00	1.3816900000000001e-03
3.7328288288288292e+00	1.4053799999999999e-03
3.7328318318318319e+00	1.4296500000000000e-03
3.7328348348348350e+00	1.4545100000000000e-03
3.7328378378378377e+00	1.4800000000000000e-03
3.7328408408408409e+00	1.5061300000000001e-03
3.7328438438438440e+00	1.5329199999999999e-03
3.7328468468468468e+00	1.5603900000000000e-03
3.7328498498498499e+00	1.5885599999999999e-03
3.7328528528528531e+00	1.6174700000000000e-03
3.7328558558558558e+00	1.6471400000000001e-03
3.7328588588588589e+00	1.6775900000000001e-03
3.7328618618618621e+00	1.7088600000000000e-03
3.7328648648648648e+00	1.7409599999999999e-03
3.7328678678678680e+00	1.7739399999999999e-03
3.7328708708708711e+00	1.8078100000000000e-03
3.7328738738738738e+00	1.8426300000000000e-03
3.7328768768768770e+00	1.8784200000000000e-03
3.7328798798798801e+00	1.9152100000000001e-03
3.7328828828828828e+00	1.9530500000000000e-03
3.7328858858858860e+00	1.9919700000000000e-03
3.7328888888888891e+00	2.0320199999999998e-03
3.7328918918918919e+00	2.0732400000000001e-03
3.7328948948948950e+00	2.1156700000000001e-03
3.7328978978978982e+00	2.1593699999999999e-03
3.7329009009009009e+00	2.2043700000000002e-03
3.7329039039039040e+00	2.2507500000000001e-03
3.7329069069069072e+00	2.2985400000000000e-03
3.7329099099099099e+00	2.3478100000000001e-03
3.7329129129129131e+00	2.3986200000000002e-03
3.7329159159159162e+00	2.4510299999999999e-03
3.7329189189189189e+00	2.5051100000000001e-03
3.7329219219219221e+00	2.5609199999999999e-03
3.7329249249249252e+00	2.6185499999999999e-03
3.7329279279279279e+00	2.6780699999999998e-03
3.7329309309309311e+00	2.7395599999999998e-03
3.7329339339339342e+00	2.8031100000000002e-03
3.7329369369369370e+00	2.8687999999999999e-03
3.7329399399399401e+00	2.9367400000000002e-03
3.7329429429429433e+00	3.0070200000000000e-03
3.7329459459459460e+00	3.0797600000000000e-03
3.7329489489489491e+00	3.1550599999999999e-03
3.7329519519519518e+00	3.2330400000000000e-03
3.7329549549549550e+00	3.3138299999999998e-03
3.7329579579579582e+00	3.3975600000000000e-03
3.7329609609609609e+00	3.4843700000000001e-03
3.7329639639639640e+00	3.5744100000000001e-03
3.7329669669669672e+00	3.6678399999999999e-03
3.7329699699699699e+00	3.7648199999999999e-03
3.7329729729729730e+00	3.8655299999999998e-03
3.7329759759759762e+00	3.9701500000000004e-03
3.7329789789789789e+00	4.0788899999999999e-03
3.7329819819819821e+00	4.1919699999999997e-03
3.7329849849849852e+00	4.3095900000000003e-03
3.7329879879879879e+00	4.4320100000000001e-03
3.7329909909909911e+00	4.5594700000000004e-03
3.7329939939939942e+00	4.6922500000000002e-03
3.7329969969969969e+00	4.8306399999999998e-03
3.7330000000000001e+00	4.9749399999999997e-03
3.7330030030030033e+00	5.1254899999999999e-03
3.7330060060060060e+00	5.2826399999999999e-03
3.7330090090090091e+00	5.4467500000000002e-03
3.7330120120120123e+00	5.6182400000000000e-03
3.7330150150150150e+00	5.7975300000000004e-03
3.7330180180180181e+00	5.9850900000000002e-03
3.7330210210210213e+00	6.1814000000000001e-03
3.7330240240240240e+00	6.3870100000000003e-03
3.7330270270270272e+00	6.6024700000000000e-03
3.7330300300300303e+00	6.8284100000000000e-03
3.7330330330330330e+00	7.0654799999999999e-03
3.7330360360360362e+00	7.3143899999999996e-03
3.7330390390390393e+00	7.5759099999999999e-03
3.7330420420420420e+00	7.8508599999999994e-03
3.7330450450450452e+00	8.1401300000000006e-03
3.7330480480480484e+00	8.4446899999999995e-03
3.7330510510510511e+00	8.7655900000000002e-03
3.7330540540540542e+00	9.1039399999999996e-03
3.7330570570570569e+00	9.4609900000000007e-03
3.7330600600600601e+00	9.8380599999999992e-03
3.7330630630630632e+00	1.0236600000000000e-02
3.7330660660660659e+00	1.0658200000000000e-02
3.7330690690690691e+00	1.1104500000000000e-02
3.7330720720720723e+00	1.1577499999999999e-02
3.7330750750750750e+00	1.2079100000000001e-02
3.7330780780780781e+00	1.2611700000000000e-02
3.7330810810810813e+00	1.3177599999999999e-02
3.7330840840840840e+00	1.3779599999999999e-02
3.7330870870870871e+00	1.4420499999999999e-02
3.7330900900900903e+00	1.5103699999999999e-02
3.7330930930930930e+00	1.5832700000000002e-02
3.7330960960960962e+00	1.6611399999999998e-02
3.7330990990990993e+00	1.7444200000000000e-02
3.7331021021021020e+00	1.8335899999999999e-02
3.7331051051051052e+00	1.9291800000000001e-02
3.7331081081081083e+00	2.0317800000000000e-02
3.7331111111111110e+00	2.1420499999999999e-02
3.7331141141141142e+00	2.2607300000000000e-02
3.7331171171171174e+00	2.3886299999999999e-02
3.7331201201201201e+00	2.5266600000000000e-02
3.7331231231231232e+00	2.6758400000000002e-02
3.7331261261261264e+00	2.8373300000000001e-02
3.7331291291291291e+00	3.0124000000000001e-02
3.7331321321321322e+00	3.2025199999999997e-02
3.7331351351351354e+00	3.4093199999999997e-02
3.7331381381381381e+00	3.6346499999999997e-02
3.7331411411411413e+00	3.8806199999999999e-02
3.7331441441441444e+00	4.1496199999999997e-02
3.7331471471471471e+00	4.4443499999999997e-02
3.7331501501501503e+00	4.7679199999999998e-02
3.7331531531531534e+00	5.1238800000000001e-02
3.7331561561561561e+00	5.5162700000000002e-02
3.7331591591591593e+00	5.9497599999999998e-02
3.7331621621621625e+00	6.4297199999999999e-02
3.7331651651651652e+00	6.9623199999999996e-02
3.7331681681681683e+00	7.5547000000000003e-02
3.7331711711711710e+00	8.2151199999999994e-02
3.7331741741741742e+00	8.9531500000000000e-02
3.7331771771771773e+00	9.7798800000000005e-02
3.7331801801801801e+00	1.0708200000000000e-01
3.7331831831831832e+00	1.1753000000000000e-01
3.7331861861861864e+00	1.2931699999999999e-01
3.7331891891891891e+00	1.4264299999999999e-01
3.7331921921921922e+00	1.5773999999999999e-01
3.7331951951951954e+00	1.7487400000000000e-01
3.7331981981981981e+00	1.9434699999999999e-01
3.7332012012012012e+00	2.1650300000000000e-01
3.7332042042042044e+00	2.4171799999999999e-01
3.7332072072072071e+00	2.7040500000000001e-01
3.7332102102102103e+00	3.0299199999999998e-01
3.7332132132132134e+00	3.3990399999999998e-01
3.7332162162162161e+00	3.8151700000000000e-01
3.7332192192192193e+00	4.2810700000000002e-01
3.7332222222222224e+00	4.7975699999999999e-01
3.7332252252252252e+00	5.3625299999999998e-01
3.7332282282282283e+00	5.9695500000000001e-01
3.7332312312312315e+00	6.6067600000000004e-01
3.7332342342342342e+00	7.2560199999999997e-01
3.7332372372372373e+00	7.8930999999999996e-01
3.7332402402402405e+00	8.4892299999999998e-01
3.7332432432432432e+00	9.0144100000000005e-01
3.7332462462462463e+00	9.4417399999999996e-01
3.7332492492492495e+00	9.7520200000000001e-01
3.7332522522522522e+00	9.9369300000000005e-01
3.7332552552552554e+00	9.9998500000000001e-01
3.7332582582582585e+00	9.9542900000000001e-01
3.7332612612612612e+00	9.8205299999999995e-01
3.7332642642642644e+00	9.6218400000000004e-01
3.7332672672672675e+00	9.3811800000000001e-01
3.7332702702702703e+00	9.1190099999999996e-01
3.7332732732732734e+00	8.8522199999999995e-01
3.7332762762762766e+00	8.5939600000000005e-01
3.7332792792792793e+00	8.3539300000000005e-01
3.7332822822822824e+00	8.1390300000000004e-01
3.7332852852852851e+00	7.9540299999999997e-01
3.7332882882882883e+00	7.8021499999999999e-01
3.7332912912912914e+00	7.6855899999999999e-01
3.7332942942942942e+00	7.6059500000000002e-01
3.7332972972972973e+00	7.5644800000000001e-01
3.7333003003003005e+00	7.5623200000000002e-01
3.7333033033033032e+00	7.6005800000000001e-01
3.7333063063063063e+00	7.6803200000000005e-01
3.7333093093093095e+00	7.8024899999999997e-01
3.7333123123123122e+00	7.9675600000000002e-01
3.7333153153153154e+00	8.1750900000000004e-01
3.7333183183183185e+00	8.4228199999999998e-01
3.7333213213213212e+00	8.7054600000000004e-01
3.7333243243243244e+00	9.0128100000000000e-01
3.7333273273273275e+00	9.3275100000000000e-01
3.7333303303303302e+00	9.6225200000000000e-01
3.7333333333333334e+00	9.8594700000000002e-01
3.7333363363363365e+00	9.9896099999999999e-01
3.7333393393393393e+00	9.9597000000000002e-01
3.7333423423423424e+00	9.7241800000000000e-01
3.7333453453453456e+00	9.2612000000000005e-01
3.7333483483483483e+00	8.5851999999999995e-01
3.7333513513513514e+00	7.7474299999999996e-01
3.7333543543543546e+00	6.8220800000000004e-01
3.7333573573573573e+00	5.8853100000000003e-01
3.7333603603603605e+00	4.9979200000000001e-01
3.7333633633633636e+00	4.1979899999999998e-01
3.7333663663663663e+00	3.5022599999999998e-01
3.7333693693693695e+00	2.9119800000000001e-01
3.7333723723723726e+00	2.4192800000000000e-01
3.7333753753753753e+00	2.0121400000000000e-01
3.7333783783783785e+00	1.6775100000000001e-01
3.7333813813813816e+00	1.4030500000000001e-01
3.7333843843843844e+00	1.1779100000000001e-01
3.7333873873873875e+00	9.9289400000000000e-02
3.7333903903903902e+00	8.4042699999999998e-02
3.7333933933933934e+00	7.1434399999999995e-02
3.7333963963963965e+00	6.0967500000000001e-02
3.7333993993993992e+00	5.2242600000000000e-02
3.7334024024024024e+00	4.4939100000000003e-02
3.7334054054054056e+00	3.8799800000000002e-02
3.7334084084084083e+00	3.3617700000000000e-02
3.7334114114114114e+00	2.9225800000000000e-02
3.7334144144144146e+00	2.5489000000000001e-02
3.7334174174174173e+00	2.2297700000000000e-02
3.7334204204204204e+00	1.9562099999999999e-02
3.7334234234234236e+00	1.7209200000000001e-02
3.7334264264264263e+00	1.5178499999999999e-02
3.7334294294294295e+00	1.3420400000000001e-02
3.7334324324324326e+00	1.1893600000000001e-02
3.7334354354354353e+00	1.0563899999999999e-02
3.7334384384384385e+00	9.4026400000000003e-03
3.7334414414414416e+00	8.3857299999999992e-03
3.7334444444444443e+00	7.4929999999999997e-03
3.7334474474474475e+00	6.7074099999999996e-03
3.7334504504504507e+00	6.0144999999999999e-03
3.7334534534534534e+00	5.4019899999999997e-03
3.7334564564564565e+00	4.8594099999999998e-03
3.7334594594594597e+00	4.3778200000000001e-03
3.7334624624624624e+00	3.9495399999999996e-03
3.7334654654654655e+00	3.5679599999999998e-03
3.7334684684684687e+00	3.2273900000000001e-03
3.7334714714714714e+00	2.9229199999999999e-03
3.7334744744744746e+00	2.6502800000000001e-03
3.7334774774774777e+00	2.4057499999999999e-03
3.7334804804804804e+00	2.1861300000000001e-03
3.7334834834834836e+00	1.9885800000000002e-03
3.7334864864864867e+00	1.8106500000000000e-03
3.7334894894894894e+00	1.6501800000000000e-03
3.7334924924924926e+00	1.5052700000000000e-03
3.7334954954954958e+00	1.3742600000000000e-03
3.7334984984984985e+00	1.2556700000000000e-03
3.7335015015015016e+00	1.1482100000000000e-03
3.7335045045045043e+00	1.0507299999999999e-03
3.7335075075075075e+00	9.6220500000000005e-04
3.7335105105105106e+00	8.8173899999999998e-04
3.7335135135135133e+00	8.0852699999999997e-04
3.7335165165165165e+00	7.4185199999999998e-04
3.7335195195195197e+00	6.8107800000000000e-04
3.7335225225225224e+00	6.2563600000000005e-04
3.7335255255255255e+00	5.7501600000000003e-04
3.7335285285285287e+00	5.2876200000000000e-04
3.7335315315315314e+00	4.8646600000000001e-04
3.7335345345345345e+00	4.4776000000000001e-04
3.7335375375375377e+00	4.1231599999999997e-04
3.7335405405405404e+00	3.7983700000000000e-04
3.7335435435435436e+00	3.5005399999999998e-04
3.7335465465465467e+00	3.2272799999999999e-04
3.7335495495495494e+00	2.9764000000000000e-04
3.7335525525525526e+00	2.7459499999999998e-04
3.7335555555555557e+00	2.5341300000000002e-04
3.7335585585585584e+00	2.3393500000000000e-04
3.7335615615615616e+00	2.1601400000000000e-04
3.7335645645645648e+00	1.9951699999999999e-04
3.7335675675675675e+00	1.8432400000000001e-04
3.7335705705705706e+00	1.7032600000000000e-04
3.7335735735735738e+00	1.5742400000000000e-04
3.7335765765765765e+00	1.4552599999999999e-04
3.7335795795795796e+00	1.3454999999999999e-04
3.7335825825825828e+00	1.2442200000000001e-04
3.7335855855855855e+00	1.1507200000000000e-04
3.7335885885885887e+00	1.0643800000000000e-04
3.7335915915915918e+00	9.8461499999999999e-05
3.7335945945945945e+00	9.1091300000000007e-05
3.7335975975975977e+00	8.4279199999999998e-05
3.7336006006006008e+00	7.7980999999999998e-05
3.7336036036036035e+00	7.2156700000000000e-05
3.7336066066066067e+00	6.6769199999999998e-05
3.7336096096096099e+00	6.1784800000000005e-05
3.7336126126126126e+00	5.7172200000000001e-05
3.7336156156156157e+00	5.2903099999999998e-05
3.7336186186186184e+00	4.8951100000000000e-05
3.7336216216216216e+00	4.5291999999999999e-05
3.7336246246246247e+00	4.1903799999999997e-05
3.7336276276276275e+00	3.8765900000000001e-05
3.7336306306306306e+00	3.5859599999999998e-05
3.7336336336336338e+00	3.3167399999999997e-05
3.7336366366366365e+00	3.0673499999999997e-05
3.7336396396396396e+00	2.8362999999999999e-05
3.7336426426426428e+00	2.6222300000000001e-05
3.7336456456456455e+00	2.4239000000000000e-05
3.7336486486486486e+00	2.2401299999999998e-05
3.7336516516516518e+00	2.0698599999999999e-05
3.7336546546546545e+00	1.9120999999999999e-05
3.7336576576576577e+00	1.7659399999999999e-05
3.7336606606606608e+00	1.6305200000000001e-05
3.7336636636636635e+00	1.5050700000000000e-05
3.7336666666666667e+00	1.3888499999999999e-05
3.7336696696696698e+00	1.2812100000000001e-05
3.7336726726726726e+00	1.1815100000000000e-05
3.7336756756756757e+00	1.0891800000000000e-05
3.7336786786786789e+00	1.0036900000000000e-05
3.7336816816816816e+00	9.2454900000000008e-06
3.7336846846846847e+00	8.5129200000000008e-06
3.7336876876876879e+00	7.8349700000000000e-06
3.7336906906906906e+00	7.2076999999999996e-06
3.7336936936936937e+00	6.6274500000000004e-06
3.7336966966966969e+00	6.0908299999999998e-06
3.7336996996996996e+00	5.5947000000000000e-06
3.7337027027027028e+00	5.1361300000000002e-06
3.7337057057057059e+00	4.7124099999999998e-06
3.7337087087087086e+00	4.3210200000000003e-06
3.7337117117117118e+00	3.9596199999999999e-06
3.7337147147147149e+00	3.6260399999999999e-06
3.7337177177177177e+00	3.3182599999999998e-06
3.7337207207207208e+00	3.0344100000000000e-06
3.7337237237237235e+00	2.7727400000000000e-06
3.7337267267267267e+00	2.5316399999999999e-06
3.7337297297297298e+00	2.3095900000000000e-06
3.7337327327327325e+00	2.1052100000000000e-06
3.7337357357357357e+00	1.9171799999999999e-06
3.7337387387387388e+00	1.7443200000000001e-06
3.7337417417417416e+00	1.5854800000000000e-06
3.7337447447447447e+00	1.4396299999999999e-06
3.7337477477477479e+00	1.3058000000000001e-06
3.7337507507507506e+00	1.1830900000000001e-06
3.7337537537537537e+00	1.0706599999999999e-06
3.7337567567567569e+00	9.6773200000000011e-07
3.7337597597597596e+00	8.7358099999999999e-07
3.7337627627627628e+00	7.8753600000000002e-07
3.7337657657657659e+00	7.0897300000000001e-07
3.7337687687687686e+00	6.3731299999999996e-07
3.7337717717717718e+00	5.7201700000000003e-07
3.7337747747747749e+00	5.1258499999999998e-07
3.7337777777777776e+00	4.5855300000000002e-07
3.7337807807807808e+00	4.0948900000000002e-07
3.7337837837837839e+00	3.6499500000000002e-07
3.7337867867867867e+00	3.2469799999999999e-07
3.7337897897897898e+00	2.8825499999999998e-07
3.7337927927927930e+00	2.5534800000000002e-07
3.7337957957957957e+00	2.2567899999999999e-07
3.7337987987987988e+00	1.9897700000000000e-07
3.7338018018018020e+00	1.7498700000000000e-07
3.7338048048048047e+00	1.5347399999999999e-07
3.7338078078078079e+00	1.3422200000000000e-07
3.7338108108108110e+00	1.1702900000000000e-07
3.7338138138138137e+00	1.0171000000000000e-07
3.7338168168168169e+00	8.8094100000000000e-08
3.7338198198198200e+00	7.6022799999999994e-08
3.7338228228228227e+00	6.5350500000000000e-08
3.7338258258258259e+00	5.5942900000000001e-08
3.7338288288288290e+00	4.7676200000000000e-08
3.7338318318318318e+00	4.0436699999999997e-08
3.7338348348348349e+00	3.4119999999999997e-08
3.7338378378378376e+00	2.8630200000000000e-08
3.7338408408408408e+00	2.3879400000000000e-08
3.7338438438438439e+00	1.9787099999999999e-08
3.7338468468468466e+00	1.6279800000000000e-08
3.7338498498498498e+00	1.3290400000000000e-08
3.7338528528528530e+00	1.0757700000000000e-08
3.7338558558558557e+00	8.6262199999999996e-09
3.7338588588588588e+00	6.8454800000000002e-09
3.7338618618618620e+00	5.3698499999999996e-09
3.7338648648648647e+00	4.1581200000000001e-09
3.7338678678678678e+00	3.1732199999999999e-09
3.7338708708708710e+00	2.3818700000000002e-09
3.7338738738738737e+00	1.7543599999999999e-09
3.7338768768768769e+00	1.2642400000000000e-09
3.7338798798798800e+00	8.8808999999999998e-10
3.7338828828828827e+00	6.0531199999999997e-10
3.7338858858858859e+00	3.9788900000000000e-10
3.7338888888888890e+00	2.5020400000000001e-10
3.7338918918918917e+00	1.4884700000000001e-10
3.7338948948948949e+00	8.2449799999999998e-11
3.7338978978978981e+00	4.1520000000000002e-11
3.7339009009009008e+00	1.8292800000000000e-11
3.7339039039039039e+00	6.5908500000000003e-12
3.7339069069069071e+00	1.6942200000000000e-12
3.7339099099099098e+00	2.1873799999999999e-13
3.7339129129129129e+00	2.8567300000000002e-15
3.7339159159159161e+00	2.2277699999999999e-15
3.7339189189189188e+00	1.9148900000000000e-13
3.7339219219219220e+00	1.4728300000000001e-12
3.7339249249249251e+00	5.5909000000000003e-12
3.7339279279279278e+00	1.5053600000000000e-11
3.7339309309309310e+00	3.3058300000000001e-11
3.7339339339339341e+00	6.3423799999999996e-11
3.7339369369369368e+00	1.1052600000000000e-10
3.7339399399399400e+00	1.7923900000000001e-10
3.7339429429429432e+00	2.7488099999999999e-10
3.7339459459459459e+00	4.0316099999999999e-10
3.7339489489489490e+00	5.7013500000000002e-10
3.7339519519519517e+00	7.8216000000000002e-10
3.7339549549549549e+00	1.0458500000000001e-09
3.7339579579579580e+00	1.3680500000000000e-09
3.7339609609609608e+00	1.7557900000000000e-09
3.7339639639639639e+00	2.2162400000000002e-09
3.7339669669669671e+00	2.7567299999999998e-09
3.7339699699699698e+00	3.3846600000000002e-09
3.7339729729729729e+00	4.1075200000000003e-09
3.7339759759759761e+00	4.9328399999999997e-09
3.7339789789789788e+00	5.8681900000000002e-09
3.7339819819819819e+00	6.9211400000000004e-09
3.7339849849849851e+00	8.0992500000000005e-09
3.7339879879879878e+00	9.4100700000000004e-09
3.7339909909909910e+00	1.0861099999999999e-08
3.7339939939939941e+00	1.2459800000000000e-08
3.7339969969969968e+00	1.4213500000000000e-08
3.7340000000000000e+00	1.6129499999999999e-08
3.7340030030030031e+00	1.8215199999999999e-08
3.7340060060060059e+00	2.0477499999999999e-08
3.7340090090090090e+00	2.2923400000000001e-08
3.7340120120120122e+00	2.5559999999999999e-08
3.7340150150150149e+00	2.8393999999999999e-08
3.7340180180180180e+00	3.1432000000000000e-08
3.7340210210210212e+00	3.4680499999999997e-08
3.7340240240240239e+00	3.8146000000000003e-08
3.7340270270270270e+00	4.1834700000000001e-08
3.7340300300300302e+00	4.5752800000000002e-08
3.7340330330330329e+00	4.9906100000000002e-08
3.7340360360360361e+00	5.4300499999999997e-08
3.7340390390390392e+00	5.8941700000000003e-08
3.7340420420420419e+00	6.3835099999999994e-08
3.7340450450450451e+00	6.8986299999999996e-08
3.7340480480480482e+00	7.4400200000000002e-08
3.7340510510510510e+00	8.0082200000000000e-08
3.7340540540540541e+00	8.6036899999999999e-08
3.7340570570570568e+00	9.2269200000000001e-08
3.7340600600600600e+00	9.8783700000000003e-08
3.7340630630630631e+00	1.0558500000000000e-07
3.7340660660660658e+00	1.1267700000000000e-07
3.7340690690690690e+00	1.2006400000000001e-07
3.7340720720720721e+00	1.2774999999999999e-07
3.7340750750750749e+00	1.3573900000000000e-07
3.7340780780780780e+00	1.4403400000000000e-07
3.7340810810810812e+00	1.5264000000000000e-07
3.7340840840840839e+00	1.6155900000000000e-07
3.7340870870870870e+00	1.7079499999999999e-07
3.7340900900900902e+00	1.8035100000000000e-07
3.7340930930930929e+00	1.9023000000000000e-07
3.7340960960960961e+00	2.0043400000000001e-07
3.7340990990990992e+00	2.1096700000000001e-07
3.7341021021021019e+00	2.2183100000000000e-07
3.7341051051051051e+00	2.3302799999999999e-07
3.7341081081081082e+00	2.4456099999999999e-07
3.7341111111111109e+00	2.5643199999999998e-07
3.7341141141141141e+00	2.6864299999999998e-07
3.7341171171171172e+00	2.8119600000000000e-07
3.7341201201201200e+00	2.9409299999999999e-07
3.7341231231231231e+00	3.0733500000000002e-07
3.7341261261261263e+00	3.2092500000000002e-07
3.7341291291291290e+00	3.3486300000000000e-07
3.7341321321321321e+00	3.4915100000000000e-07
3.7341351351351353e+00	3.6379000000000000e-07
3.7341381381381380e+00	3.7878200000000001e-07
3.7341411411411412e+00	3.9412700000000002e-07
3.7341441441441443e+00	4.0982600000000001e-07
3.7341471471471470e+00	4.2588099999999997e-07
3.7341501501501502e+00	4.4229199999999997e-07
3.7341531531531533e+00	4.5905999999999998e-07
3.7341561561561560e+00	4.7618500000000000e-07
3.7341591591591592e+00	4.9366800000000000e-07
3.7341621621621623e+00	5.1150900000000003e-07
3.7341651651651651e+00	5.2970900000000002e-07
3.7341681681681682e+00	5.4826700000000005e-07
3.7341711711711709e+00	5.6718499999999995e-07
3.7341741741741741e+00	5.8646100000000000e-07
3.7341771771771772e+00	6.0609700000000003e-07
3.7341801801801799e+00	6.2609200000000002e-07
3.7341831831831831e+00	6.4644500000000004e-07
3.7341861861861863e+00	6.6715700000000002e-07
3.7341891891891890e+00	6.8822799999999996e-07
3.7341921921921921e+00	7.0965700000000004e-07
3.7341951951951953e+00	7.3144300000000002e-07
3.7341981981981980e+00	7.5358700000000004e-07
3.7342012012012011e+00	7.7608700000000003e-07
3.7342042042042043e+00	7.9894400000000004e-07
3.7342072072072070e+00	8.2215599999999999e-07
3.7342102102102102e+00	8.4572300000000001e-07
3.7342132132132133e+00	8.6964300000000003e-07
3.7342162162162160e+00	8.9391800000000000e-07
3.7342192192192192e+00	9.1854400000000002e-07
3.7342222222222223e+00	9.4352200000000002e-07
3.7342252252252250e+00	9.6885100000000008e-07
3.7342282282282282e+00	9.9452899999999992e-07
3.7342312312312314e+00	1.0205600000000000e-06
3.7342342342342341e+00	1.0469300000000001e-06
3.7342372372372372e+00	1.0736500000000001e-06
3.7342402402402404e+00	1.1007200000000000e-06
3.7342432432432431e+00	1.1281300000000000e-06
3.7342462462462462e+00	1.1558800000000001e-06
3.7342492492492494e+00	1.1839800000000001e-06
3.7342522522522521e+00	1.2124100000000001e-06
3.7342552552552553e+00	1.2411799999999999e-06
3.7342582582582584e+00	1.2702999999999999e-06
3.7342612612612611e+00	1.2997400000000001e-06
3.7342642642642643e+00	1.3295299999999999e-06
3.7342672672672674e+00	1.3596399999999999e-06
3.7342702702702701e+00	1.3900900000000000e-06
3.7342732732732733e+00	1.4208700000000000e-06
3.7342762762762765e+00	1.4519799999999999e-06
3.7342792792792792e+00	1.4834099999999999e-06
3.7342822822822823e+00	1.5151699999999999e-06
3.7342852852852850e+00	1.5472599999999999e-06
3.7342882882882882e+00	1.5796699999999999e-06
3.7342912912912913e+00	1.6124000000000000e-06
3.7342942942942940e+00	1.6454400000000000e-06
3.7342972972972972e+00	1.6788100000000000e-06
3.7343003003003004e+00	1.7124900000000001e-06
3.7343033033033031e+00	1.7464900000000001e-06
3.7343063063063062e+00	1.7808000000000000e-06
3.7343093093093094e+00	1.8154199999999999e-06
3.7343123123123121e+00	1.8503500000000000e-06
3.7343153153153152e+00	1.8855800000000001e-06
3.7343183183183184e+00	1.9211300000000001e-06
3.7343213213213211e+00	1.9569700000000001e-06
3.7343243243243243e+00	1.9931200000000002e-06
3.7343273273273274e+00	2.0295700000000000e-06
3.7343303303303301e+00	2.0663200000000001e-06
3.7343333333333333e+00	2.1033599999999998e-06
3.7343363363363364e+00	2.1407000000000001e-06
3.7343393393393391e+00	2.1783299999999999e-06
3.7343423423423423e+00	2.2162600000000000e-06
3.7343453453453455e+00	2.2544700000000002e-06
3.7343483483483482e+00	2.2929699999999999e-06
3.7343513513513513e+00	2.3317600000000000e-06
3.7343543543543545e+00	2.3708299999999998e-06
3.7343573573573572e+00	2.4101800000000001e-06
3.7343603603603603e+00	2.4498100000000001e-06
3.7343633633633635e+00	2.4897200000000002e-06
3.7343663663663662e+00	2.5299100000000000e-06
3.7343693693693694e+00	2.5703700000000000e-06
3.7343723723723725e+00	2.6111100000000001e-06
3.7343753753753752e+00	2.6521200000000001e-06
3.7343783783783784e+00	2.6933900000000001e-06
3.7343813813813815e+00	2.7349299999999998e-06
3.7343843843843842e+00	2.7767399999999999e-06
3.7343873873873874e+00	2.8188099999999999e-06
3.7343903903903901e+00	2.8611399999999999e-06
3.7343933933933933e+00	2.9037400000000001e-06
3.7343963963963964e+00	2.9465900000000000e-06
3.7343993993993991e+00	2.9896900000000001e-06
3.7344024024024023e+00	3.0330500000000001e-06
3.7344054054054054e+00	3.0766599999999999e-06
3.7344084084084082e+00	3.1205300000000000e-06
3.7344114114114113e+00	3.1646400000000000e-06
3.7344144144144145e+00	3.2090000000000001e-06
3.7344174174174172e+00	3.2536000000000001e-06
3.7344204204204203e+00	3.2984399999999999e-06
3.7344234234234235e+00	3.3435299999999998e-06
3.7344264264264262e+00	3.3888600000000000e-06
3.7344294294294293e+00	3.4344199999999998e-06
3.7344324324324325e+00	3.4802199999999999e-06
3.7344354354354352e+00	3.5262499999999999e-06
3.7344384384384384e+00	3.5725199999999998e-06
3.7344414414414415e+00	3.6190099999999998e-06
3.7344444444444442e+00	3.6657400000000002e-06
3.7344474474474474e+00	3.7126900000000002e-06
3.7344504504504505e+00	3.7598599999999999e-06
3.7344534534534533e+00	3.8072600000000001e-06
3.7344564564564564e+00	3.8548799999999996e-06
3.7344594594594596e+00	3.9027199999999996e-06
3.7344624624624623e+00	3.9507799999999998e-06
3.7344654654654654e+00	3.9990500000000003e-06
3.7344684684684686e+00	4.0475400000000000e-06
3.7344714714714713e+00	4.0962400000000001e-06
3.7344744744744744e+00	4.1451499999999996e-06
3.7344774774774776e+00	4.1942700000000002e-06
3.7344804804804803e+00	4.2435899999999996e-06
3.7344834834834835e+00	4.2931300000000000e-06
3.7344864864864866e+00	4.3428600000000001e-06
3.7344894894894893e+00	4.3927999999999997e-06
3.7344924924924925e+00	4.4429399999999997e-06
3.7344954954954956e+00	4.4932800000000001e-06
3.7344984984984984e+00	4.5438100000000003e-06
3.7345015015015015e+00	4.5945400000000001e-06
3.7345045045045042e+00	4.6454600000000004e-06
3.7345075075075074e+00	4.6965800000000004e-06
3.7345105105105105e+00	4.7478900000000000e-06
3.7345135135135132e+00	4.7993799999999996e-06
3.7345165165165164e+00	4.8510599999999998e-06
3.7345195195195195e+00	4.9029299999999997e-06
3.7345225225225223e+00	4.9549800000000003e-06
3.7345255255255254e+00	5.0072199999999998e-06
3.7345285285285286e+00	5.0596300000000002e-06
3.7345315315315313e+00	5.1122300000000003e-06
3.7345345345345344e+00	5.1649999999999997e-06
3.7345375375375376e+00	5.2179499999999997e-06
3.7345405405405403e+00	5.2710699999999998e-06
3.7345435435435435e+00	5.3243699999999998e-06
3.7345465465465466e+00	5.3778300000000000e-06
3.7345495495495493e+00	5.4314700000000000e-06
3.7345525525525525e+00	5.4852800000000001e-06
3.7345555555555556e+00	5.5392500000000004e-06
3.7345585585585583e+00	5.5933899999999998e-06
3.7345615615615615e+00	5.6476900000000003e-06
3.7345645645645646e+00	5.7021500000000001e-06
3.7345675675675674e+00	5.7567800000000000e-06
3.7345705705705705e+00	5.8115600000000001e-06
3.7345735735735737e+00	5.8664999999999997e-06
3.7345765765765764e+00	5.9216000000000002e-06
3.7345795795795795e+00	5.9768600000000001e-06
3.7345825825825827e+00	6.0322700000000003e-06
3.7345855855855854e+00	6.0878300000000000e-06
3.7345885885885886e+00	6.1435400000000000e-06
3.7345915915915917e+00	6.1994000000000003e-06
3.7345945945945944e+00	6.2554100000000001e-06
3.7345975975975976e+00	6.3115599999999996e-06
3.7346006006006007e+00	6.3678600000000002e-06
3.7346036036036034e+00	6.4243100000000003e-06
3.7346066066066066e+00	6.4808900000000002e-06
3.7346096096096097e+00	6.5376199999999996e-06
3.7346126126126125e+00	6.5944900000000003e-06
3.7346156156156156e+00	6.6514999999999998e-06
3.7346186186186183e+00	6.7086399999999999e-06
3.7346216216216215e+00	6.7659199999999996e-06
3.7346246246246246e+00	6.8233399999999998e-06
3.7346276276276273e+00	6.8808799999999999e-06
3.7346306306306305e+00	6.9385599999999997e-06
3.7346336336336337e+00	6.9963799999999999e-06
3.7346366366366364e+00	7.0543200000000001e-06
3.7346396396396395e+00	7.1123900000000000e-06
3.7346426426426427e+00	7.1705799999999999e-06
3.7346456456456454e+00	7.2289000000000004e-06
3.7346486486486485e+00	7.2873499999999998e-06
3.7346516516516517e+00	7.3459200000000000e-06
3.7346546546546544e+00	7.4046100000000001e-06
3.7346576576576576e+00	7.4634200000000001e-06
3.7346606606606607e+00	7.5223599999999999e-06
3.7346636636636634e+00	7.5814099999999998e-06
3.7346666666666666e+00	7.6405799999999996e-06
3.7346696696696697e+00	7.6998599999999995e-06
3.7346726726726724e+00	7.7592599999999993e-06
3.7346756756756756e+00	7.8187700000000000e-06
3.7346786786786788e+00	7.8784000000000007e-06
3.7346816816816815e+00	7.9381400000000005e-06
3.7346846846846846e+00	7.9979899999999996e-06
3.7346876876876878e+00	8.0579400000000006e-06
3.7346906906906905e+00	8.1180099999999999e-06
3.7346936936936936e+00	8.1781799999999993e-06
3.7346966966966968e+00	8.2384599999999997e-06
3.7346996996996995e+00	8.2988499999999993e-06
3.7347027027027027e+00	8.3593400000000008e-06
3.7347057057057058e+00	8.4199299999999992e-06
3.7347087087087085e+00	8.4806199999999995e-06
3.7347117117117117e+00	8.5414099999999999e-06
3.7347147147147148e+00	8.6023099999999996e-06
3.7347177177177175e+00	8.6633000000000006e-06
3.7347207207207207e+00	8.7243900000000000e-06
3.7347237237237234e+00	8.7855700000000007e-06
3.7347267267267266e+00	8.8468600000000005e-06
3.7347297297297297e+00	8.9082299999999992e-06
3.7347327327327324e+00	8.9696999999999999e-06
3.7347357357357356e+00	9.0312600000000000e-06
3.7347387387387387e+00	9.0929200000000003e-06
3.7347417417417414e+00	9.1546599999999995e-06
3.7347447447447446e+00	9.2165000000000006e-06
3.7347477477477478e+00	9.2784200000000005e-06
3.7347507507507505e+00	9.3404299999999999e-06
3.7347537537537536e+00	9.4025300000000006e-06
3.7347567567567568e+00	9.4647100000000001e-06
3.7347597597597595e+00	9.5269800000000007e-06
3.7347627627627626e+00	9.5893300000000002e-06
3.7347657657657658e+00	9.6517699999999992e-06
3.7347687687687685e+00	9.7142900000000005e-06
3.7347717717717717e+00	9.7768900000000005e-06
3.7347747747747748e+00	9.8395600000000004e-06
3.7347777777777775e+00	9.9023199999999997e-06
3.7347807807807807e+00	9.9651599999999996e-06
3.7347837837837838e+00	1.0028100000000000e-05
3.7347867867867865e+00	1.0091100000000001e-05
3.7347897897897897e+00	1.0154100000000000e-05
3.7347927927927929e+00	1.0217300000000000e-05
3.7347957957957956e+00	1.0280499999999999e-05
3.7347987987987987e+00	1.0343800000000001e-05
3.7348018018018019e+00	1.0407199999999999e-05
3.7348048048048046e+00	1.0470599999999999e-05
3.7348078078078077e+00	1.0534100000000000e-05
3.7348108108108109e+00	1.0597700000000000e-05
3.7348138138138136e+00	1.0661300000000001e-05
3.7348168168168168e+00	1.0725000000000000e-05
3.7348198198198199e+00	1.0788800000000001e-05
3.7348228228228226e+00	1.0852700000000000e-05
3.7348258258258258e+00	1.0916600000000000e-05
3.7348288288288289e+00	1.0980600000000000e-05
3.7348318318318316e+00	1.1044599999999999e-05
3.7348348348348348e+00	1.1108699999999999e-05
3.7348378378378375e+00	1.1172899999999999e-05
3.7348408408408407e+00	1.1237100000000000e-05
3.7348438438438438e+00	1.1301400000000000e-05
3.7348468468468465e+00	1.1365800000000001e-05
3.7348498498498497e+00	1.1430199999999999e-05
3.7348528528528528e+00	1.1494700000000000e-05
3.7348558558558556e+00	1.1559199999999999e-05
3.7348588588588587e+00	1.1623800000000000e-05
3.7348618618618619e+00	1.1688500000000000e-05
3.7348648648648646e+00	1.1753200000000000e-05
3.7348678678678677e+00	1.1817999999999999e-05
3.7348708708708709e+00	1.1882800000000001e-05
3.7348738738738736e+00	1.1947700000000001e-05
3.7348768768768768e+00	1.2012600000000001e-05
3.7348798798798799e+00	1.2077599999999999e-05
3.7348828828828826e+00	1.2142600000000000e-05
3.7348858858858858e+00	1.2207700000000000e-05
3.7348888888888889e+00	1.2272800000000000e-05
3.7348918918918916e+00	1.2337999999999999e-05
3.7348948948948948e+00	1.2403300000000000e-05
3.7348978978978979e+00	1.2468600000000000e-05
3.7349009009009007e+00	1.2533900000000000e-05
3.7349039039039038e+00	1.2599300000000000e-05
3.7349069069069070e+00	1.2664699999999999e-05
3.7349099099099097e+00	1.2730200000000001e-05
3.7349129129129128e+00	1.2795700000000000e-05
3.7349159159159160e+00	1.2861300000000000e-05
3.7349189189189187e+00	1.2926900000000000e-05
3.7349219219219219e+00	1.2992600000000000e-05
3.7349249249249250e+00	1.3058300000000000e-05
3.7349279279279277e+00	1.3124000000000000e-05
3.7349309309309309e+00	1.3189800000000000e-05
3.7349339339339340e+00	1.3255700000000001e-05
3.7349369369369367e+00	1.3321600000000000e-05
3.7349399399399399e+00	1.3387500000000000e-05
3.7349429429429430e+00	1.3453400000000001e-05
3.7349459459459458e+00	1.3519400000000000e-05
3.7349489489489489e+00	1.3585500000000001e-05
3.7349519519519516e+00	1.3651500000000000e-05
3.7349549549549548e+00	1.3717700000000001e-05
3.7349579579579579e+00	1.3783800000000000e-05
3.7349609609609606e+00	1.3850000000000000e-05
3.7349639639639638e+00	1.3916200000000001e-05
3.7349669669669670e+00	1.3982500000000000e-05
3.7349699699699697e+00	1.4048800000000000e-05
3.7349729729729728e+00	1.4115100000000000e-05
3.7349759759759760e+00	1.4181500000000000e-05
3.7349789789789787e+00	1.4247900000000000e-05
3.7349819819819818e+00	1.4314299999999999e-05
3.7349849849849850e+00	1.4380800000000000e-05
3.7349879879879877e+00	1.4447300000000000e-05
3.7349909909909909e+00	1.4513800000000000e-05
3.7349939939939940e+00	1.4580400000000000e-05
3.7349969969969967e+00	1.4647000000000001e-05
3.7349999999999999e+00	1.4713599999999999e-05
