3.7315000000000000e+00	2.1316000000000002e-02
3.7315020510255126e+00	2.1345500000000000e-02
3.7315041020510256e+00	2.1375100000000001e-02
3.7315061530765381e+00	2.1404900000000001e-02
3.7315082041020511e+00	2.1434700000000001e-02
3.7315102551275636e+00	2.1464799999999999e-02
3.7315123061530766e+00	2.1494900000000001e-02
3.7315143571785891e+00	2.1525200000000001e-02
3.7315164082041021e+00	2.1555700000000001e-02
3.7315184592296147e+00	2.1586200000000000e-02
3.7315205102551277e+00	2.1617000000000001e-02
3.7315225612806402e+00	2.1647799999999998e-02
3.7315246123061532e+00	2.1678900000000001e-02
3.7315266633316657e+00	2.1710000000000000e-02
3.7315287143571787e+00	2.1741400000000001e-02
3.7315307653826912e+00	2.1772799999999998e-02
3.7315328164082042e+00	2.1804400000000002e-02
3.7315348674337168e+00	2.1836200000000000e-02
3.7315369184592297e+00	2.1868100000000001e-02
3.7315389694847423e+00	2.1900200000000002e-02
3.7315410205102553e+00	2.1932400000000001e-02
3.7315430715357678e+00	2.1964800000000000e-02
3.7315451225612808e+00	2.1997400000000000e-02
3.7315471735867933e+00	2.2030100000000000e-02
3.7315492246123063e+00	2.2062999999999999e-02
3.7315512756378189e+00	2.2096000000000001e-02
3.7315533266633318e+00	2.2129200000000002e-02
3.7315553776888444e+00	2.2162600000000001e-02
3.7315574287143574e+00	2.2196100000000000e-02
3.7315594797398699e+00	2.2229900000000000e-02
3.7315615307653829e+00	2.2263700000000001e-02
3.7315635817908954e+00	2.2297800000000000e-02
3.7315656328164084e+00	2.2332000000000001e-02
3.7315676838419209e+00	2.2366400000000002e-02
3.7315697348674339e+00	2.2401000000000001e-02
3.7315717858929465e+00	2.2435799999999999e-02
3.7315738369184595e+00	2.2470700000000000e-02
3.7315758879439720e+00	2.2505899999999999e-02
3.7315779389694850e+00	2.2541200000000001e-02
3.7315799899949975e+00	2.2576700000000002e-02
3.7315820410205105e+00	2.2612400000000001e-02
3.7315840920460230e+00	2.2648300000000000e-02
3.7315861430715360e+00	2.2684400000000000e-02
3.7315881940970486e+00	2.2720600000000001e-02
3.7315902451225611e+00	2.2757099999999999e-02
3.7315922961480741e+00	2.2793799999999999e-02
3.7315943471735866e+00	2.2830699999999999e-02
3.7315963981990996e+00	2.2867700000000001e-02
3.7315984492246121e+00	2.2904999999999998e-02
3.7316005002501251e+00	2.2942500000000001e-02
3.7316025512756377e+00	2.2980199999999999e-02
3.7316046023011507e+00	2.3018100000000000e-02
3.7316066533266632e+00	2.3056199999999999e-02
3.7316087043521762e+00	2.3094500000000000e-02
3.7316107553776887e+00	2.3133100000000000e-02
3.7316128064032017e+00	2.3171799999999999e-02
3.7316148574287142e+00	2.3210800000000000e-02
3.7316169084542272e+00	2.3250099999999999e-02
3.7316189594797398e+00	2.3289500000000001e-02
3.7316210105052527e+00	2.3329200000000001e-02
3.7316230615307653e+00	2.3369100000000000e-02
3.7316251125562783e+00	2.3409200000000002e-02
3.7316271635817908e+00	2.3449600000000001e-02
3.7316292146073038e+00	2.3490199999999999e-02
3.7316312656328163e+00	2.3531099999999999e-02
3.7316333166583293e+00	2.3572200000000001e-02
3.7316353676838419e+00	2.3613499999999999e-02
3.7316374187093548e+00	2.3655099999999998e-02
3.7316394697348674e+00	2.3696900000000000e-02
3.7316415207603804e+00	2.3739099999999999e-02
3.7316435717858929e+00	2.3781400000000001e-02
3.7316456228114059e+00	2.3824000000000001e-02
3.7316476738369184e+00	2.3866900000000000e-02
3.7316497248624314e+00	2.3910100000000000e-02
3.7316517758879439e+00	2.3953499999999999e-02
3.7316538269134569e+00	2.3997200000000000e-02
3.7316558779389695e+00	2.4041199999999999e-02
3.7316579289644825e+00	2.4085400000000000e-02
3.7316599799899950e+00	2.4129999999999999e-02
3.7316620310155080e+00	2.4174800000000000e-02
3.7316640820410205e+00	2.4219899999999999e-02
3.7316661330665335e+00	2.4265300000000000e-02
3.7316681840920460e+00	2.4310999999999999e-02
3.7316702351175590e+00	2.4357000000000000e-02
3.7316722861430716e+00	2.4403299999999999e-02
3.7316743371685845e+00	2.4449900000000000e-02
3.7316763881940971e+00	2.4496899999999999e-02
3.7316784392196096e+00	2.4544099999999999e-02
3.7316804902451226e+00	2.4591600000000002e-02
3.7316825412706351e+00	2.4639500000000002e-02
3.7316845922961481e+00	2.4687700000000000e-02
3.7316866433216607e+00	2.4736299999999999e-02
3.7316886943471737e+00	2.4785100000000001e-02
3.7316907453726862e+00	2.4834300000000000e-02
3.7316927963981992e+00	2.4883900000000000e-02
3.7316948474237117e+00	2.4933799999999999e-02
3.7316968984492247e+00	2.4983999999999999e-02
3.7316989494747372e+00	2.5034600000000001e-02
3.7317010005002502e+00	2.5085600000000000e-02
3.7317030515257628e+00	2.5136900000000000e-02
3.7317051025512757e+00	2.5188599999999998e-02
3.7317071535767883e+00	2.5240700000000001e-02
3.7317092046023013e+00	2.5293199999999998e-02
3.7317112556278138e+00	2.5346000000000000e-02
3.7317133066533268e+00	2.5399200000000000e-02
3.7317153576788393e+00	2.5452800000000001e-02
3.7317174087043523e+00	2.5506899999999999e-02
3.7317194597298649e+00	2.5561299999999999e-02
3.7317215107553778e+00	2.5616099999999999e-02
3.7317235617808904e+00	2.5671400000000000e-02
3.7317256128064034e+00	2.5727099999999999e-02
3.7317276638319159e+00	2.5783199999999999e-02
3.7317297148574289e+00	2.5839700000000000e-02
3.7317317658829414e+00	2.5896700000000002e-02
3.7317338169084544e+00	2.5954100000000001e-02
3.7317358679339669e+00	2.6012000000000000e-02
3.7317379189594799e+00	2.6070300000000001e-02
3.7317399699849925e+00	2.6129099999999999e-02
3.7317420210105055e+00	2.6188400000000001e-02
3.7317440720360180e+00	2.6248199999999999e-02
3.7317461230615310e+00	2.6308399999999999e-02
3.7317481740870435e+00	2.6369199999999999e-02
3.7317502251125565e+00	2.6430400000000000e-02
3.7317522761380690e+00	2.6492100000000001e-02
3.7317543271635820e+00	2.6554399999999999e-02
3.7317563781890946e+00	2.6617200000000001e-02
3.7317584292146075e+00	2.6680499999999999e-02
3.7317604802401201e+00	2.6744299999999999e-02
3.7317625312656326e+00	2.6808700000000001e-02
3.7317645822911456e+00	2.6873700000000000e-02
3.7317666333166581e+00	2.6939200000000000e-02
3.7317686843421711e+00	2.7005299999999999e-02
3.7317707353676837e+00	2.7071899999999999e-02
3.7317727863931967e+00	2.7139199999999999e-02
3.7317748374187092e+00	2.7207100000000001e-02
3.7317768884442222e+00	2.7275500000000001e-02
3.7317789394697347e+00	2.7344600000000000e-02
3.7317809904952477e+00	2.7414299999999999e-02
3.7317830415207602e+00	2.7484700000000001e-02
3.7317850925462732e+00	2.7555699999999999e-02
3.7317871435717858e+00	2.7627300000000000e-02
3.7317891945972987e+00	2.7699700000000001e-02
3.7317912456228113e+00	2.7772700000000001e-02
3.7317932966483243e+00	2.7846400000000000e-02
3.7317953476738368e+00	2.7920799999999999e-02
3.7317973986993498e+00	2.7995900000000001e-02
3.7317994497248623e+00	2.8071800000000001e-02
3.7318015007503753e+00	2.8148400000000001e-02
3.7318035517758879e+00	2.8225799999999999e-02
3.7318056028014008e+00	2.8303900000000000e-02
3.7318076538269134e+00	2.8382800000000000e-02
3.7318097048524264e+00	2.8462500000000002e-02
3.7318117558779389e+00	2.8542999999999999e-02
3.7318138069034519e+00	2.8624299999999998e-02
3.7318158579289644e+00	2.8706499999999999e-02
3.7318179089544774e+00	2.8789499999999999e-02
3.7318199599799899e+00	2.8873400000000000e-02
3.7318220110055029e+00	2.8958100000000001e-02
3.7318240620310155e+00	2.9043800000000002e-02
3.7318261130565284e+00	2.9130400000000001e-02
3.7318281640820410e+00	2.9217900000000002e-02
3.7318302151075540e+00	2.9306400000000000e-02
3.7318322661330665e+00	2.9395800000000000e-02
3.7318343171585795e+00	2.9486300000000000e-02
3.7318363681840920e+00	2.9577699999999998e-02
3.7318384192096050e+00	2.9670100000000001e-02
3.7318404702351176e+00	2.9763700000000001e-02
3.7318425212606305e+00	2.9858200000000001e-02
3.7318445722861431e+00	2.9953899999999999e-02
3.7318466233116561e+00	3.0050700000000000e-02
3.7318486743371686e+00	3.0148600000000001e-02
3.7318507253626811e+00	3.0247599999999999e-02
3.7318527763881941e+00	3.0347900000000001e-02
3.7318548274137067e+00	3.0449299999999999e-02
3.7318568784392196e+00	3.0551999999999999e-02
3.7318589294647322e+00	3.0655900000000000e-02
3.7318609804902452e+00	3.0761100000000000e-02
3.7318630315157577e+00	3.0867599999999999e-02
3.7318650825412707e+00	3.0975400000000000e-02
3.7318671335667832e+00	3.1084700000000000e-02
3.7318691845922962e+00	3.1195199999999999e-02
3.7318712356178088e+00	3.1307300000000003e-02
3.7318732866433217e+00	3.1420700000000003e-02
3.7318753376688343e+00	3.1535700000000000e-02
3.7318773886943473e+00	3.1652199999999998e-02
3.7318794397198598e+00	3.1770199999999998e-02
3.7318814907453728e+00	3.1889800000000003e-02
3.7318835417708853e+00	3.2011100000000001e-02
3.7318855927963983e+00	3.2134000000000003e-02
3.7318876438219108e+00	3.2258599999999998e-02
3.7318896948474238e+00	3.2384999999999997e-02
3.7318917458729364e+00	3.2513100000000003e-02
3.7318937968984494e+00	3.2643100000000001e-02
3.7318958479239619e+00	3.2774900000000003e-02
3.7318978989494749e+00	3.2908699999999999e-02
3.7318999499749874e+00	3.3044400000000002e-02
3.7319020010005004e+00	3.3182200000000002e-02
3.7319040520260129e+00	3.3321900000000002e-02
3.7319061030515259e+00	3.3463899999999998e-02
3.7319081540770385e+00	3.3607900000000003e-02
3.7319102051025514e+00	3.3754199999999998e-02
3.7319122561280640e+00	3.3902799999999997e-02
3.7319143071535770e+00	3.4053699999999999e-02
3.7319163581790895e+00	3.4207000000000001e-02
3.7319184092046025e+00	3.4362799999999999e-02
3.7319204602301150e+00	3.4521099999999999e-02
3.7319225112556280e+00	3.4682100000000000e-02
3.7319245622811406e+00	3.4845700000000000e-02
3.7319266133066535e+00	3.5012000000000001e-02
3.7319286643321661e+00	3.5181100000000000e-02
3.7319307153576791e+00	3.5353200000000001e-02
3.7319327663831916e+00	3.5528299999999999e-02
3.7319348174087046e+00	3.5706399999999999e-02
3.7319368684342171e+00	3.5887599999999999e-02
3.7319389194597297e+00	3.6072199999999999e-02
3.7319409704852426e+00	3.6260000000000001e-02
3.7319430215107552e+00	3.6451400000000002e-02
3.7319450725362682e+00	3.6646199999999997e-02
3.7319471235617807e+00	3.6844799999999997e-02
3.7319491745872937e+00	3.7047099999999999e-02
3.7319512256128062e+00	3.7253300000000003e-02
3.7319532766383192e+00	3.7463499999999997e-02
3.7319553276638318e+00	3.7677900000000000e-02
3.7319573786893447e+00	3.7896500000000000e-02
3.7319594297148573e+00	3.8119599999999997e-02
3.7319614807403703e+00	3.8347199999999998e-02
3.7319635317658828e+00	3.8579500000000003e-02
3.7319655827913958e+00	3.8816700000000003e-02
3.7319676338169083e+00	3.9059000000000003e-02
3.7319696848424213e+00	3.9306399999999998e-02
3.7319717358679338e+00	3.9559299999999999e-02
3.7319737868934468e+00	3.9817699999999998e-02
3.7319758379189594e+00	4.0081899999999997e-02
3.7319778889444724e+00	4.0352100000000002e-02
3.7319799399699849e+00	4.0628499999999998e-02
3.7319819909954979e+00	4.0911299999999998e-02
3.7319840420210104e+00	4.1200899999999999e-02
3.7319860930465234e+00	4.1497300000000001e-02
3.7319881440720359e+00	4.1800999999999998e-02
3.7319901950975489e+00	4.2112100000000000e-02
3.7319922461230615e+00	4.2431099999999999e-02
3.7319942971485744e+00	4.2758100000000000e-02
3.7319963481740870e+00	4.3093500000000000e-02
3.7319983991996000e+00	4.3437700000000003e-02
3.7320004502251125e+00	4.3790999999999997e-02
3.7320025012506255e+00	4.4153800000000000e-02
3.7320045522761380e+00	4.4526499999999997e-02
3.7320066033016510e+00	4.4909600000000001e-02
3.7320086543271636e+00	4.5303499999999997e-02
3.7320107053526765e+00	4.5708600000000002e-02
3.7320127563781891e+00	4.6125600000000003e-02
3.7320148074037021e+00	4.6554800000000000e-02
3.7320168584292146e+00	4.6996999999999997e-02
3.7320189094547276e+00	4.7452700000000000e-02
3.7320209604802401e+00	4.7922500000000000e-02
3.7320230115057531e+00	4.8407199999999997e-02
3.7320250625312656e+00	4.8907500000000000e-02
3.7320271135567782e+00	4.9424099999999999e-02
3.7320291645822912e+00	4.9958000000000002e-02
3.7320312156078037e+00	5.0509999999999999e-02
3.7320332666333167e+00	5.1081000000000001e-02
3.7320353176588292e+00	5.1672099999999999e-02
3.7320373686843422e+00	5.2284400000000002e-02
3.7320394197098548e+00	5.2919000000000001e-02
3.7320414707353677e+00	5.3577300000000001e-02
3.7320435217608803e+00	5.4260599999999999e-02
3.7320455727863933e+00	5.4970300000000000e-02
3.7320476238119058e+00	5.5708100000000003e-02
3.7320496748374188e+00	5.6475600000000001e-02
3.7320517258629313e+00	5.7274699999999998e-02
3.7320537768884443e+00	5.8107300000000001e-02
3.7320558279139568e+00	5.8975800000000002e-02
3.7320578789394698e+00	5.9882400000000002e-02
3.7320599299649824e+00	6.0829599999999998e-02
3.7320619809904954e+00	6.1820300000000002e-02
3.7320640320160079e+00	6.2857499999999997e-02
3.7320660830415209e+00	6.3944600000000004e-02
3.7320681340670334e+00	6.5085199999999996e-02
3.7320701850925464e+00	6.6283300000000003e-02
3.7320722361180589e+00	6.7543400000000003e-02
3.7320742871435719e+00	6.8870200000000006e-02
3.7320763381690845e+00	7.0269200000000004e-02
3.7320783891945974e+00	7.1746299999999999e-02
3.7320804402201100e+00	7.3307999999999998e-02
3.7320824912456230e+00	7.4961899999999998e-02
3.7320845422711355e+00	7.6715900000000004e-02
3.7320865932966485e+00	7.8579300000000005e-02
3.7320886443221610e+00	8.0562300000000003e-02
3.7320906953476740e+00	8.2676500000000000e-02
3.7320927463731866e+00	8.4934899999999994e-02
3.7320947973986995e+00	8.7352200000000005e-02
3.7320968484242121e+00	8.9945200000000003e-02
3.7320988994497251e+00	9.2732999999999996e-02
3.7321009504752376e+00	9.5737299999999997e-02
3.7321030015007506e+00	9.8983399999999999e-02
3.7321050525262631e+00	1.0249999999999999e-01
3.7321071035517761e+00	1.0632100000000000e-01
3.7321091545772886e+00	1.1048500000000000e-01
3.7321112056028012e+00	1.1503800000000000e-01
3.7321132566283142e+00	1.2003400000000000e-01
3.7321153076538267e+00	1.2553500000000001e-01
3.7321173586793397e+00	1.3161900000000001e-01
3.7321194097048522e+00	1.3837400000000000e-01
3.7321214607303652e+00	1.4591000000000001e-01
3.7321235117558778e+00	1.5435900000000000e-01
3.7321255627813907e+00	1.6388200000000000e-01
3.7321276138069033e+00	1.7467700000000000e-01
3.7321296648324163e+00	1.8698899999999999e-01
3.7321317158579288e+00	2.0112600000000000e-01
3.7321337668834418e+00	2.1747200000000000e-01
3.7321358179089543e+00	2.3651800000000001e-01
3.7321378689344673e+00	2.5888499999999998e-01
3.7321399199599798e+00	2.8537400000000002e-01
3.7321419709854928e+00	3.1700600000000001e-01
3.7321440220110054e+00	3.5508699999999999e-01
3.7321460730365184e+00	4.0125000000000000e-01
3.7321481240620309e+00	4.5745799999999998e-01
3.7321501750875439e+00	5.2585599999999999e-01
3.7321522261130564e+00	6.0823700000000003e-01
3.7321542771385694e+00	7.0467400000000002e-01
3.7321563281640819e+00	8.1065399999999999e-01
3.7321583791895949e+00	9.1258799999999995e-01
3.7321604302151075e+00	9.8460199999999998e-01
3.7321624812406204e+00	9.9497599999999997e-01
3.7321645322661330e+00	9.2729200000000001e-01
3.7321665832916460e+00	7.9797300000000004e-01
3.7321686343171585e+00	6.4490499999999995e-01
3.7321706853426715e+00	5.0080599999999997e-01
3.7321727363681840e+00	3.8113399999999997e-01
3.7321747873936970e+00	2.8807899999999997e-01
3.7321768384192096e+00	2.1791800000000000e-01
3.7321788894447225e+00	1.6559299999999999e-01
3.7321809404702351e+00	1.2658100000000000e-01
3.7321829914957481e+00	9.7340300000000005e-02
3.7321850425212606e+00	7.5255000000000002e-02
3.7321870935467736e+00	5.8431100000000000e-02
3.7321891445722861e+00	4.5507100000000002e-02
3.7321911955977991e+00	3.5501400000000002e-02
3.7321932466233116e+00	2.7701699999999999e-02
3.7321952976488246e+00	2.1586100000000000e-02
3.7321973486743372e+00	1.6768999999999999e-02
3.7321993996998497e+00	1.2961800000000001e-02
3.7322014507253627e+00	9.9469799999999994e-03
3.7322035017508752e+00	7.5586700000000000e-03
3.7322055527763882e+00	5.6692699999999997e-03
3.7322076038019008e+00	4.1797500000000003e-03
3.7322096548274137e+00	3.0126300000000001e-03
3.7322117058529263e+00	2.1068300000000001e-03
3.7322137568784393e+00	1.4138099999999999e-03
3.7322158079039518e+00	8.9480300000000000e-04
3.7322178589294648e+00	5.1859100000000000e-04
3.7322199099549773e+00	2.5992700000000002e-04
3.7322219609804903e+00	9.8270999999999995e-05
3.7322240120060028e+00	1.6830700000000001e-05
3.7322260630315158e+00	1.8150700000000000e-06
3.7322281140570284e+00	4.1850100000000001e-05
3.7322301650825414e+00	1.2751900000000001e-04
3.7322322161080539e+00	2.5099600000000002e-04
3.7322342671335669e+00	4.0575900000000000e-04
3.7322363181590794e+00	5.8635399999999998e-04
3.7322383691845924e+00	7.8820900000000000e-04
3.7322404202101049e+00	1.0074800000000001e-03
3.7322424712356179e+00	1.2409400000000001e-03
3.7322445222611305e+00	1.4858600000000001e-03
3.7322465732866434e+00	1.7399200000000001e-03
3.7322486243121560e+00	2.0011899999999999e-03
3.7322506753376690e+00	2.2680000000000001e-03
3.7322527263631815e+00	2.5389700000000002e-03
3.7322547773886945e+00	2.8129000000000001e-03
3.7322568284142070e+00	3.0887900000000001e-03
3.7322588794397200e+00	3.3658000000000000e-03
3.7322609304652326e+00	3.6432000000000001e-03
3.7322629814907455e+00	3.9203900000000002e-03
3.7322650325162581e+00	4.1968500000000002e-03
3.7322670835417711e+00	4.4721500000000003e-03
3.7322691345672836e+00	4.7459399999999997e-03
3.7322711855927966e+00	5.0179100000000004e-03
3.7322732366183091e+00	5.2878100000000004e-03
3.7322752876438221e+00	5.5554400000000000e-03
3.7322773386693346e+00	5.8206300000000002e-03
3.7322793896948476e+00	6.0832600000000001e-03
3.7322814407203602e+00	6.3432000000000002e-03
3.7322834917458731e+00	6.6003800000000003e-03
3.7322855427713857e+00	6.8547499999999997e-03
3.7322875937968982e+00	7.1062499999999997e-03
3.7322896448224112e+00	7.3548600000000004e-03
3.7322916958479238e+00	7.6005600000000001e-03
3.7322937468734367e+00	7.8433500000000007e-03
3.7322957978989493e+00	8.0832400000000002e-03
3.7322978489244623e+00	8.3202399999999996e-03
3.7322998999499748e+00	8.5543700000000004e-03
3.7323019509754878e+00	8.7856600000000007e-03
3.7323040020010003e+00	9.0141400000000003e-03
3.7323060530265133e+00	9.2398500000000008e-03
3.7323081040520258e+00	9.4628300000000002e-03
3.7323101550775388e+00	9.6831199999999999e-03
3.7323122061030514e+00	9.9007599999999998e-03
3.7323142571285643e+00	1.0115799999999999e-02
3.7323163081540769e+00	1.0328300000000000e-02
3.7323183591795899e+00	1.0538300000000000e-02
3.7323204102051024e+00	1.0745899999999999e-02
3.7323224612306154e+00	1.0951000000000001e-02
3.7323245122561279e+00	1.1153800000000000e-02
3.7323265632816409e+00	1.1354299999999999e-02
3.7323286143071535e+00	1.1552600000000000e-02
3.7323306653326664e+00	1.1748600000000000e-02
3.7323327163581790e+00	1.1942500000000000e-02
3.7323347673836920e+00	1.2134400000000000e-02
3.7323368184092045e+00	1.2324099999999999e-02
3.7323388694347175e+00	1.2511899999999999e-02
3.7323409204602300e+00	1.2697800000000000e-02
3.7323429714857430e+00	1.2881699999999999e-02
3.7323450225112556e+00	1.3063800000000000e-02
3.7323470735367685e+00	1.3244100000000000e-02
3.7323491245622811e+00	1.3422600000000000e-02
3.7323511755877941e+00	1.3599500000000000e-02
3.7323532266133066e+00	1.3774600000000000e-02
3.7323552776388196e+00	1.3948100000000000e-02
3.7323573286643321e+00	1.4120100000000000e-02
3.7323593796898451e+00	1.4290499999999999e-02
3.7323614307153576e+00	1.4459400000000001e-02
3.7323634817408706e+00	1.4626900000000000e-02
3.7323655327663832e+00	1.4792899999999999e-02
3.7323675837918961e+00	1.4957500000000000e-02
3.7323696348174087e+00	1.5120800000000000e-02
3.7323716858429217e+00	1.5282799999999999e-02
3.7323737368684342e+00	1.5443600000000000e-02
3.7323757878939468e+00	1.5603100000000000e-02
3.7323778389194597e+00	1.5761299999999999e-02
3.7323798899449723e+00	1.5918499999999999e-02
3.7323819409704853e+00	1.6074499999999999e-02
3.7323839919959978e+00	1.6229400000000001e-02
3.7323860430215108e+00	1.6383200000000001e-02
3.7323880940470233e+00	1.6535999999999999e-02
3.7323901450725363e+00	1.6687799999999999e-02
3.7323921960980488e+00	1.6838599999999999e-02
3.7323942471235618e+00	1.6988400000000001e-02
3.7323962981490744e+00	1.7137400000000001e-02
3.7323983491745873e+00	1.7285399999999999e-02
3.7324004002000999e+00	1.7432599999999999e-02
3.7324024512256129e+00	1.7579000000000001e-02
3.7324045022511254e+00	1.7724500000000001e-02
3.7324065532766384e+00	1.7869300000000001e-02
3.7324086043021509e+00	1.8013299999999999e-02
3.7324106553276639e+00	1.8156599999999998e-02
3.7324127063531765e+00	1.8299099999999999e-02
3.7324147573786894e+00	1.8440999999999999e-02
3.7324168084042020e+00	1.8582200000000000e-02
3.7324188594297150e+00	1.8722800000000001e-02
3.7324209104552275e+00	1.8862700000000000e-02
3.7324229614807405e+00	1.9002100000000001e-02
3.7324250125062530e+00	1.9140899999999999e-02
3.7324270635317660e+00	1.9279200000000000e-02
3.7324291145572785e+00	1.9416900000000001e-02
3.7324311655827915e+00	1.9554100000000001e-02
3.7324332166083041e+00	1.9690800000000001e-02
3.7324352676338171e+00	1.9827000000000001e-02
3.7324373186593296e+00	1.9962799999999999e-02
3.7324393696848426e+00	2.0098200000000000e-02
3.7324414207103551e+00	2.0233100000000000e-02
3.7324434717358681e+00	2.0367699999999999e-02
3.7324455227613806e+00	2.0501900000000000e-02
3.7324475737868936e+00	2.0635700000000000e-02
3.7324496248124062e+00	2.0769200000000002e-02
3.7324516758379191e+00	2.0902400000000002e-02
3.7324537268634317e+00	2.1035200000000000e-02
3.7324557778889447e+00	2.1167800000000001e-02
3.7324578289144572e+00	2.1300099999999999e-02
3.7324598799399697e+00	2.1432099999999999e-02
3.7324619309654827e+00	2.1563900000000000e-02
3.7324639819909953e+00	2.1695500000000000e-02
3.7324660330165083e+00	2.1826900000000000e-02
3.7324680840420208e+00	2.1958100000000001e-02
3.7324701350675338e+00	2.2089100000000000e-02
3.7324721860930463e+00	2.2219900000000001e-02
3.7324742371185593e+00	2.2350600000000002e-02
3.7324762881440718e+00	2.2481200000000000e-02
3.7324783391695848e+00	2.2611599999999999e-02
3.7324803901950974e+00	2.2741999999999998e-02
3.7324824412206103e+00	2.2872199999999999e-02
3.7324844922461229e+00	2.3002399999999999e-02
3.7324865432716359e+00	2.3132500000000000e-02
3.7324885942971484e+00	2.3262600000000001e-02
3.7324906453226614e+00	2.3392699999999999e-02
3.7324926963481739e+00	2.3522700000000001e-02
3.7324947473736869e+00	2.3652699999999999e-02
3.7324967983991995e+00	2.3782700000000000e-02
3.7324988494247124e+00	2.3912800000000001e-02
3.7325009004502250e+00	2.4042800000000000e-02
3.7325029514757380e+00	2.4173000000000000e-02
3.7325050025012505e+00	2.4303100000000001e-02
3.7325070535267635e+00	2.4433400000000001e-02
3.7325091045522760e+00	2.4563700000000001e-02
3.7325111555777890e+00	2.4694199999999999e-02
3.7325132066033015e+00	2.4824700000000002e-02
3.7325152576288145e+00	2.4955399999999999e-02
3.7325173086543271e+00	2.5086199999999999e-02
3.7325193596798401e+00	2.5217099999999999e-02
3.7325214107053526e+00	2.5348300000000001e-02
3.7325234617308656e+00	2.5479499999999999e-02
3.7325255127563781e+00	2.5610999999999998e-02
3.7325275637818911e+00	2.5742700000000000e-02
3.7325296148074036e+00	2.5874500000000002e-02
3.7325316658329166e+00	2.6006600000000001e-02
3.7325337168584292e+00	2.6138900000000000e-02
3.7325357678839421e+00	2.6271500000000000e-02
3.7325378189094547e+00	2.6404299999999999e-02
3.7325398699349677e+00	2.6537399999999999e-02
3.7325419209604802e+00	2.6670800000000001e-02
3.7325439719859932e+00	2.6804399999999999e-02
3.7325460230115057e+00	2.6938400000000001e-02
3.7325480740370183e+00	2.7072700000000002e-02
3.7325501250625313e+00	2.7207300000000000e-02
3.7325521760880438e+00	2.7342200000000001e-02
3.7325542271135568e+00	2.7477499999999998e-02
3.7325562781390693e+00	2.7613200000000001e-02
3.7325583291645823e+00	2.7749200000000002e-02
3.7325603801900948e+00	2.7885600000000000e-02
3.7325624312156078e+00	2.8022399999999999e-02
3.7325644822411204e+00	2.8159600000000000e-02
3.7325665332666333e+00	2.8297300000000001e-02
3.7325685842921459e+00	2.8435300000000000e-02
3.7325706353176589e+00	2.8573899999999999e-02
3.7325726863431714e+00	2.8712900000000000e-02
3.7325747373686844e+00	2.8852300000000001e-02
3.7325767883941969e+00	2.8992199999999999e-02
3.7325788394197099e+00	2.9132700000000001e-02
3.7325808904452225e+00	2.9273600000000000e-02
3.7325829414707354e+00	2.9415000000000000e-02
3.7325849924962480e+00	2.9557000000000000e-02
3.7325870435217610e+00	2.9699500000000000e-02
3.7325890945472735e+00	2.9842600000000000e-02
3.7325911455727865e+00	2.9986200000000001e-02
3.7325931965982990e+00	3.0130500000000001e-02
3.7325952476238120e+00	3.0275300000000002e-02
3.7325972986493245e+00	3.0420699999999998e-02
3.7325993496748375e+00	3.0566699999999999e-02
3.7326014007003501e+00	3.0713399999999998e-02
3.7326034517258631e+00	3.0860700000000001e-02
3.7326055027513756e+00	3.1008700000000000e-02
3.7326075537768886e+00	3.1157299999999999e-02
3.7326096048024011e+00	3.1306599999999997e-02
3.7326116558279141e+00	3.1456699999999997e-02
3.7326137068534266e+00	3.1607400000000001e-02
3.7326157578789396e+00	3.1758799999999997e-02
3.7326178089044522e+00	3.1911000000000002e-02
3.7326198599299651e+00	3.2063899999999999e-02
3.7326219109554777e+00	3.2217599999999999e-02
3.7326239619809907e+00	3.2372100000000001e-02
3.7326260130065032e+00	3.2527399999999998e-02
3.7326280640320162e+00	3.2683400000000001e-02
3.7326301150575287e+00	3.2840300000000003e-02
3.7326321660830417e+00	3.2998000000000000e-02
3.7326342171085543e+00	3.3156600000000001e-02
3.7326362681340668e+00	3.3315999999999998e-02
3.7326383191595798e+00	3.3476300000000001e-02
3.7326403701850923e+00	3.3637500000000001e-02
3.7326424212106053e+00	3.3799599999999999e-02
3.7326444722361178e+00	3.3962699999999998e-02
3.7326465232616308e+00	3.4126600000000000e-02
3.7326485742871434e+00	3.4291599999999998e-02
3.7326506253126563e+00	3.4457500000000002e-02
3.7326526763381689e+00	3.4624299999999997e-02
3.7326547273636819e+00	3.4792200000000002e-02
3.7326567783891944e+00	3.4961100000000002e-02
3.7326588294147074e+00	3.5131000000000003e-02
3.7326608804402199e+00	3.5302000000000000e-02
3.7326629314657329e+00	3.5474100000000001e-02
3.7326649824912455e+00	3.5647199999999997e-02
3.7326670335167584e+00	3.5821499999999999e-02
3.7326690845422710e+00	3.5996800000000002e-02
3.7326711355677840e+00	3.6173299999999999e-02
3.7326731865932965e+00	3.6351000000000001e-02
3.7326752376188095e+00	3.6529800000000001e-02
3.7326772886443220e+00	3.6709800000000001e-02
3.7326793396698350e+00	3.6891000000000000e-02
3.7326813906953475e+00	3.7073500000000002e-02
3.7326834417208605e+00	3.7257199999999997e-02
3.7326854927463731e+00	3.7442200000000002e-02
3.7326875437718861e+00	3.7628500000000002e-02
3.7326895947973986e+00	3.7816000000000002e-02
3.7326916458229116e+00	3.8004900000000001e-02
3.7326936968484241e+00	3.8195199999999999e-02
3.7326957478739371e+00	3.8386799999999999e-02
3.7326977988994496e+00	3.8579799999999997e-02
3.7326998499249626e+00	3.8774200000000002e-02
3.7327019009504752e+00	3.8970100000000001e-02
3.7327039519759881e+00	3.9167399999999998e-02
3.7327060030015007e+00	3.9366199999999997e-02
3.7327080540270137e+00	3.9566499999999998e-02
3.7327101050525262e+00	3.9768299999999999e-02
3.7327121560780392e+00	3.9971699999999999e-02
3.7327142071035517e+00	4.0176600000000000e-02
3.7327162581290647e+00	4.0383099999999998e-02
3.7327183091545773e+00	4.0591299999999997e-02
3.7327203601800902e+00	4.0801100000000000e-02
3.7327224112056028e+00	4.1012500000000000e-02
3.7327244622311153e+00	4.1225699999999997e-02
3.7327265132566283e+00	4.1440499999999998e-02
3.7327285642821408e+00	4.1657199999999998e-02
3.7327306153076538e+00	4.1875599999999999e-02
3.7327326663331664e+00	4.2095800000000003e-02
3.7327347173586793e+00	4.2317800000000003e-02
3.7327367683841919e+00	4.2541700000000002e-02
3.7327388194097049e+00	4.2767399999999997e-02
3.7327408704352174e+00	4.2995100000000001e-02
3.7327429214607304e+00	4.3224800000000001e-02
3.7327449724862429e+00	4.3456399999999999e-02
3.7327470235117559e+00	4.3690000000000000e-02
3.7327490745372685e+00	4.3925600000000002e-02
3.7327511255627814e+00	4.4163300000000003e-02
3.7327531765882940e+00	4.4403100000000001e-02
3.7327552276138070e+00	4.4645100000000000e-02
3.7327572786393195e+00	4.4889199999999997e-02
3.7327593296648325e+00	4.5135500000000002e-02
3.7327613806903450e+00	4.5384099999999997e-02
3.7327634317158580e+00	4.5634899999999999e-02
3.7327654827413705e+00	4.5887999999999998e-02
3.7327675337668835e+00	4.6143499999999997e-02
3.7327695847923961e+00	4.6401400000000002e-02
3.7327716358179091e+00	4.6661599999999998e-02
3.7327736868434216e+00	4.6924300000000002e-02
3.7327757378689346e+00	4.7189599999999998e-02
3.7327777888944471e+00	4.7457300000000001e-02
3.7327798399199601e+00	4.7727600000000002e-02
3.7327818909454726e+00	4.8000599999999997e-02
3.7327839419709856e+00	4.8276199999999998e-02
3.7327859929964982e+00	4.8554500000000000e-02
3.7327880440220111e+00	4.8835600000000000e-02
3.7327900950475237e+00	4.9119400000000001e-02
3.7327921460730367e+00	4.9406100000000001e-02
3.7327941970985492e+00	4.9695599999999999e-02
3.7327962481240622e+00	4.9988100000000001e-02
3.7327982991495747e+00	5.0283599999999998e-02
3.7328003501750877e+00	5.0582099999999998e-02
3.7328024012006003e+00	5.0883699999999997e-02
3.7328044522261132e+00	5.1188400000000002e-02
3.7328065032516258e+00	5.1496300000000002e-02
3.7328085542771383e+00	5.1807400000000003e-02
3.7328106053026513e+00	5.2121800000000003e-02
3.7328126563281638e+00	5.2439500000000000e-02
3.7328147073536768e+00	5.2760599999999998e-02
3.7328167583791894e+00	5.3085199999999999e-02
3.7328188094047023e+00	5.3413299999999997e-02
3.7328208604302149e+00	5.3745000000000001e-02
3.7328229114557279e+00	5.4080400000000001e-02
3.7328249624812404e+00	5.4419400000000000e-02
3.7328270135067534e+00	5.4762199999999997e-02
3.7328290645322659e+00	5.5108799999999999e-02
3.7328311155577789e+00	5.5459300000000003e-02
3.7328331665832915e+00	5.5813700000000001e-02
3.7328352176088044e+00	5.6172199999999999e-02
3.7328372686343170e+00	5.6534800000000003e-02
3.7328393196598300e+00	5.6901599999999997e-02
3.7328413706853425e+00	5.7272600000000000e-02
3.7328434217108555e+00	5.7647900000000002e-02
3.7328454727363680e+00	5.8027700000000002e-02
3.7328475237618810e+00	5.8411900000000003e-02
3.7328495747873935e+00	5.8800699999999997e-02
3.7328516258129065e+00	5.9194099999999999e-02
3.7328536768384191e+00	5.9592199999999998e-02
3.7328557278639320e+00	5.9995199999999999e-02
3.7328577788894446e+00	6.0403100000000001e-02
3.7328598299149576e+00	6.0815899999999999e-02
3.7328618809404701e+00	6.1233799999999998e-02
3.7328639319659831e+00	6.1656900000000001e-02
3.7328659829914956e+00	6.2085300000000003e-02
3.7328680340170086e+00	6.2519099999999994e-02
3.7328700850425212e+00	6.2958299999999995e-02
3.7328721360680341e+00	6.3403100000000004e-02
3.7328741870935467e+00	6.3853499999999994e-02
3.7328762381190597e+00	6.4309800000000000e-02
3.7328782891445722e+00	6.4771999999999996e-02
3.7328803401700852e+00	6.5240099999999995e-02
3.7328823911955977e+00	6.5714400000000006e-02
3.7328844422211107e+00	6.6195000000000004e-02
3.7328864932466232e+00	6.6681900000000002e-02
3.7328885442721362e+00	6.7175299999999993e-02
3.7328905952976488e+00	6.7675399999999997e-02
3.7328926463231618e+00	6.8182099999999995e-02
3.7328946973486743e+00	6.8695800000000001e-02
3.7328967483741868e+00	6.9216500000000000e-02
3.7328987993996998e+00	6.9744399999999998e-02
3.7329008504252124e+00	7.0279499999999995e-02
3.7329029014507253e+00	7.0822200000000002e-02
3.7329049524762379e+00	7.1372400000000003e-02
3.7329070035017509e+00	7.1930400000000005e-02
3.7329090545272634e+00	7.2496300000000000e-02
3.7329111055527764e+00	7.3070300000000005e-02
3.7329131565782889e+00	7.3652599999999999e-02
3.7329152076038019e+00	7.4243199999999995e-02
3.7329172586293144e+00	7.4842500000000006e-02
3.7329193096548274e+00	7.5450600000000007e-02
3.7329213606803400e+00	7.6067700000000002e-02
3.7329234117058530e+00	7.6693899999999995e-02
3.7329254627313655e+00	7.7329400000000006e-02
3.7329275137568785e+00	7.7974500000000002e-02
3.7329295647823910e+00	7.8629400000000002e-02
3.7329316158079040e+00	7.9294299999999998e-02
3.7329336668334165e+00	7.9969399999999996e-02
3.7329357178589295e+00	8.0654900000000002e-02
3.7329377688844421e+00	8.1351000000000007e-02
3.7329398199099550e+00	8.2058000000000006e-02
3.7329418709354676e+00	8.2776199999999994e-02
3.7329439219609806e+00	8.3505700000000002e-02
3.7329459729864931e+00	8.4246900000000000e-02
3.7329480240120061e+00	8.5000000000000006e-02
3.7329500750375186e+00	8.5765300000000003e-02
3.7329521260630316e+00	8.6542999999999995e-02
3.7329541770885442e+00	8.7333499999999994e-02
3.7329562281140571e+00	8.8136999999999993e-02
3.7329582791395697e+00	8.8953800000000000e-02
3.7329603301650827e+00	8.9784400000000000e-02
3.7329623811905952e+00	9.0628899999999998e-02
3.7329644322161082e+00	9.1487700000000005e-02
3.7329664832416207e+00	9.2361200000000004e-02
3.7329685342671337e+00	9.3249700000000005e-02
3.7329705852926462e+00	9.4153600000000004e-02
3.7329726363181592e+00	9.5073199999999997e-02
3.7329746873436718e+00	9.6008899999999994e-02
3.7329767383691848e+00	9.6961199999999997e-02
3.7329787893946973e+00	9.7930500000000004e-02
3.7329808404202103e+00	9.8917099999999994e-02
3.7329828914457228e+00	9.9921499999999996e-02
3.7329849424712354e+00	1.0094400000000001e-01
3.7329869934967483e+00	1.0198599999999999e-01
3.7329890445222609e+00	1.0304600000000000e-01
3.7329910955477739e+00	1.0412600000000000e-01
3.7329931465732864e+00	1.0522700000000000e-01
3.7329951975987994e+00	1.0634800000000000e-01
3.7329972486243119e+00	1.0749100000000000e-01
3.7329992996498249e+00	1.0865500000000000e-01
3.7330013506753374e+00	1.0984200000000000e-01
3.7330034017008504e+00	1.1105200000000000e-01
3.7330054527263630e+00	1.1228500000000000e-01
3.7330075037518760e+00	1.1354300000000001e-01
3.7330095547773885e+00	1.1482500000000000e-01
3.7330116058029015e+00	1.1613300000000000e-01
3.7330136568284140e+00	1.1746800000000000e-01
3.7330157078539270e+00	1.1882900000000000e-01
3.7330177588794395e+00	1.2021900000000001e-01
3.7330198099049525e+00	1.2163700000000000e-01
3.7330218609304651e+00	1.2308400000000000e-01
3.7330239119559780e+00	1.2456200000000001e-01
3.7330259629814906e+00	1.2607099999999999e-01
3.7330280140070036e+00	1.2761100000000000e-01
3.7330300650325161e+00	1.2918499999999999e-01
3.7330321160580291e+00	1.3079299999999999e-01
3.7330341670835416e+00	1.3243500000000000e-01
3.7330362181090546e+00	1.3411300000000001e-01
3.7330382691345672e+00	1.3582900000000001e-01
3.7330403201600801e+00	1.3758200000000001e-01
3.7330423711855927e+00	1.3937500000000000e-01
3.7330444222111057e+00	1.4120800000000000e-01
3.7330464732366182e+00	1.4308299999999999e-01
3.7330485242621312e+00	1.4500099999999999e-01
3.7330505752876437e+00	1.4696300000000001e-01
3.7330526263131567e+00	1.4897099999999999e-01
3.7330546773386692e+00	1.5102599999999999e-01
3.7330567283641822e+00	1.5312999999999999e-01
3.7330587793896948e+00	1.5528400000000001e-01
3.7330608304152078e+00	1.5748899999999999e-01
3.7330628814407203e+00	1.5974800000000000e-01
3.7330649324662333e+00	1.6206200000000001e-01
3.7330669834917458e+00	1.6443400000000000e-01
3.7330690345172588e+00	1.6686400000000001e-01
3.7330710855427713e+00	1.6935500000000001e-01
3.7330731365682839e+00	1.7190900000000001e-01
3.7330751875937969e+00	1.7452699999999999e-01
3.7330772386193094e+00	1.7721300000000001e-01
3.7330792896448224e+00	1.7996899999999999e-01
3.7330813406703349e+00	1.8279599999999999e-01
3.7330833916958479e+00	1.8569700000000000e-01
3.7330854427213604e+00	1.8867500000000001e-01
3.7330874937468734e+00	1.9173299999999999e-01
3.7330895447723860e+00	1.9487299999999999e-01
3.7330915957978990e+00	1.9809800000000000e-01
3.7330936468234115e+00	2.0141200000000001e-01
3.7330956978489245e+00	2.0481700000000000e-01
3.7330977488744370e+00	2.0831600000000000e-01
3.7330997998999500e+00	2.1191399999999999e-01
3.7331018509254625e+00	2.1561300000000000e-01
3.7331039019509755e+00	2.1941700000000000e-01
3.7331059529764881e+00	2.2333000000000000e-01
3.7331080040020010e+00	2.2735700000000000e-01
3.7331100550275136e+00	2.3150100000000001e-01
3.7331121060530266e+00	2.3576600000000000e-01
3.7331141570785391e+00	2.4015800000000001e-01
3.7331162081040521e+00	2.4468000000000001e-01
3.7331182591295646e+00	2.4933800000000000e-01
3.7331203101550776e+00	2.5413700000000000e-01
3.7331223611805902e+00	2.5908300000000001e-01
3.7331244122061031e+00	2.6418000000000003e-01
3.7331264632316157e+00	2.6943400000000001e-01
3.7331285142571287e+00	2.7485199999999999e-01
3.7331305652826412e+00	2.8043899999999999e-01
3.7331326163081542e+00	2.8620200000000001e-01
3.7331346673336667e+00	2.9214800000000002e-01
3.7331367183591797e+00	2.9828300000000002e-01
3.7331387693846922e+00	3.0461500000000002e-01
3.7331408204102052e+00	3.1115100000000001e-01
3.7331428714357178e+00	3.1789899999999999e-01
3.7331449224612308e+00	3.2486700000000002e-01
3.7331469734867433e+00	3.3206200000000002e-01
3.7331490245122563e+00	3.3949400000000002e-01
3.7331510755377688e+00	3.4716999999999998e-01
3.7331531265632818e+00	3.5510000000000003e-01
3.7331551775887943e+00	3.6329299999999998e-01
3.7331572286143073e+00	3.7175799999999998e-01
3.7331592796398199e+00	3.8050499999999998e-01
3.7331613306653324e+00	3.8954200000000000e-01
3.7331633816908454e+00	3.9888000000000001e-01
3.7331654327163579e+00	4.0852800000000000e-01
3.7331674837418709e+00	4.1849599999999998e-01
3.7331695347673834e+00	4.2879400000000001e-01
3.7331715857928964e+00	4.3943100000000002e-01
3.7331736368184090e+00	4.5041599999999998e-01
3.7331756878439220e+00	4.6175899999999998e-01
3.7331777388694345e+00	4.7346700000000003e-01
3.7331797898949475e+00	4.8554900000000001e-01
3.7331818409204600e+00	4.9801099999999998e-01
3.7331838919459730e+00	5.1085999999999998e-01
3.7331859429714855e+00	5.2410100000000004e-01
3.7331879939969985e+00	5.3773700000000002e-01
3.7331900450225111e+00	5.5177100000000001e-01
3.7331920960480240e+00	5.6620300000000001e-01
3.7331941470735366e+00	5.8103099999999996e-01
3.7331961980990496e+00	5.9624900000000003e-01
3.7331982491245621e+00	6.1185000000000000e-01
3.7332003001500751e+00	6.2782400000000005e-01
3.7332023511755876e+00	6.4415500000000003e-01
3.7332044022011006e+00	6.6082399999999997e-01
3.7332064532266132e+00	6.7780600000000002e-01
3.7332085042521261e+00	6.9507300000000005e-01
3.7332105552776387e+00	7.1258800000000000e-01
3.7332126063031517e+00	7.3031100000000004e-01
3.7332146573286642e+00	7.4819199999999997e-01
3.7332167083541772e+00	7.6617500000000005e-01
3.7332187593796897e+00	7.8419600000000000e-01
3.7332208104052027e+00	8.0218199999999995e-01
3.7332228614307152e+00	8.2005399999999995e-01
3.7332249124562282e+00	8.3772199999999997e-01
3.7332269634817408e+00	8.5508799999999996e-01
3.7332290145072538e+00	8.7204800000000005e-01
3.7332310655327663e+00	8.8848700000000003e-01
3.7332331165582793e+00	9.0428799999999998e-01
3.7332351675837918e+00	9.1932400000000003e-01
3.7332372186093048e+00	9.3346700000000005e-01
3.7332392696348173e+00	9.4658500000000001e-01
3.7332413206603303e+00	9.5854700000000004e-01
3.7332433716858429e+00	9.6922399999999997e-01
3.7332454227113554e+00	9.7848999999999997e-01
3.7332474737368684e+00	9.8622900000000002e-01
3.7332495247623809e+00	9.9233400000000005e-01
3.7332515757878939e+00	9.9671100000000001e-01
3.7332536268134064e+00	9.9928099999999997e-01
3.7332556778389194e+00	9.9998399999999998e-01
3.7332577288644320e+00	9.9878000000000000e-01
3.7332597798899450e+00	9.9564799999999998e-01
3.7332618309154575e+00	9.9059200000000003e-01
3.7332638819409705e+00	9.8363599999999995e-01
3.7332659329664830e+00	9.7482800000000003e-01
3.7332679839919960e+00	9.6423400000000004e-01
3.7332700350175085e+00	9.5194299999999998e-01
3.7332720860430215e+00	9.3805799999999995e-01
3.7332741370685341e+00	9.2269800000000002e-01
3.7332761880940470e+00	9.0599499999999999e-01
3.7332782391195596e+00	8.8808799999999999e-01
3.7332802901450726e+00	8.6912299999999998e-01
3.7332823411705851e+00	8.4924699999999997e-01
3.7332843921960981e+00	8.2860999999999996e-01
3.7332864432216106e+00	8.0735699999999999e-01
3.7332884942471236e+00	7.8563099999999997e-01
3.7332905452726362e+00	7.6356500000000005e-01
3.7332925962981491e+00	7.4128700000000003e-01
3.7332946473236617e+00	7.1891499999999997e-01
3.7332966983491747e+00	6.9655599999999995e-01
3.7332987493746872e+00	6.7430800000000002e-01
3.7333008004002002e+00	6.5225900000000003e-01
3.7333028514257127e+00	6.3048499999999996e-01
3.7333049024512257e+00	6.0905200000000004e-01
3.7333069534767382e+00	5.8801800000000004e-01
3.7333090045022512e+00	5.6742999999999999e-01
3.7333110555277638e+00	5.4732599999999998e-01
3.7333131065532768e+00	5.2773899999999996e-01
3.7333151575787893e+00	5.0869200000000003e-01
3.7333172086043023e+00	4.9020300000000000e-01
3.7333192596298148e+00	4.7228500000000001e-01
3.7333213106553278e+00	4.5494299999999999e-01
3.7333233616808403e+00	4.3818099999999999e-01
3.7333254127063533e+00	4.2199799999999998e-01
3.7333274637318659e+00	4.0638800000000003e-01
3.7333295147573788e+00	3.9134600000000003e-01
3.7333315657828914e+00	3.7686100000000000e-01
3.7333336168084039e+00	3.6292300000000000e-01
3.7333356678339169e+00	3.4951800000000000e-01
3.7333377188594294e+00	3.3663300000000002e-01
3.7333397698849424e+00	3.2425199999999998e-01
3.7333418209104550e+00	3.1236100000000000e-01
3.7333438719359680e+00	3.0094399999999999e-01
3.7333459229614805e+00	2.8998400000000002e-01
3.7333479739869935e+00	2.7946500000000002e-01
3.7333500250125060e+00	2.6937100000000003e-01
3.7333520760380190e+00	2.5968599999999997e-01
3.7333541270635315e+00	2.5039400000000001e-01
3.7333561780890445e+00	2.4147900000000000e-01
3.7333582291145571e+00	2.3292599999999999e-01
3.7333602801400700e+00	2.2472000000000000e-01
3.7333623311655826e+00	2.1684600000000001e-01
3.7333643821910956e+00	2.0929100000000000e-01
3.7333664332166081e+00	2.0204100000000000e-01
3.7333684842421211e+00	1.9508300000000001e-01
3.7333705352676336e+00	1.8840399999999999e-01
3.7333725862931466e+00	1.8199199999999999e-01
3.7333746373186592e+00	1.7583599999999999e-01
3.7333766883441721e+00	1.6992399999999999e-01
3.7333787393696847e+00	1.6424600000000000e-01
3.7333807903951977e+00	1.5879099999999999e-01
3.7333828414207102e+00	1.5354999999999999e-01
3.7333848924462232e+00	1.4851300000000001e-01
3.7333869434717357e+00	1.4367099999999999e-01
3.7333889944972487e+00	1.3901500000000000e-01
3.7333910455227612e+00	1.3453799999999999e-01
3.7333930965482742e+00	1.3023199999999999e-01
3.7333951475737868e+00	1.2608900000000001e-01
3.7333971985992997e+00	1.2210200000000000e-01
3.7333992496248123e+00	1.1826399999999999e-01
3.7334013006503253e+00	1.1456900000000000e-01
3.7334033516758378e+00	1.1101100000000000e-01
3.7334054027013508e+00	1.0758300000000000e-01
3.7334074537268633e+00	1.0428100000000000e-01
3.7334095047523763e+00	1.0109899999999999e-01
3.7334115557778889e+00	9.8031499999999994e-02
3.7334136068034018e+00	9.5074199999999998e-02
3.7334156578289144e+00	9.2222200000000004e-02
3.7334177088544274e+00	8.9471200000000001e-02
3.7334197598799399e+00	8.6817000000000005e-02
3.7334218109054524e+00	8.4255499999999997e-02
3.7334238619309654e+00	8.1783099999999997e-02
3.7334259129564780e+00	7.9395999999999994e-02
3.7334279639819909e+00	7.7090699999999998e-02
3.7334300150075035e+00	7.4864000000000000e-02
3.7334320660330165e+00	7.2712700000000005e-02
3.7334341170585290e+00	7.0633799999999997e-02
3.7334361680840420e+00	6.8624400000000002e-02
3.7334382191095545e+00	6.6681799999999999e-02
3.7334402701350675e+00	6.4803299999999994e-02
3.7334423211605801e+00	6.2986399999999998e-02
3.7334443721860930e+00	6.1228800000000000e-02
3.7334464232116056e+00	5.9528200000000003e-02
3.7334484742371186e+00	5.7882299999999998e-02
3.7334505252626311e+00	5.6289100000000002e-02
3.7334525762881441e+00	5.4746599999999999e-02
3.7334546273136566e+00	5.3252800000000003e-02
3.7334566783391696e+00	5.1806100000000001e-02
3.7334587293646821e+00	5.0404499999999998e-02
3.7334607803901951e+00	4.9046500000000000e-02
3.7334628314157077e+00	4.7730399999999999e-02
3.7334648824412207e+00	4.6454700000000002e-02
3.7334669334667332e+00	4.5217899999999998e-02
3.7334689844922462e+00	4.4018700000000001e-02
3.7334710355177587e+00	4.2855600000000001e-02
3.7334730865432717e+00	4.1727399999999998e-02
3.7334751375687842e+00	4.0632900000000000e-02
3.7334771885942972e+00	3.9570899999999999e-02
3.7334792396198098e+00	3.8540199999999997e-02
3.7334812906453227e+00	3.7539700000000002e-02
3.7334833416708353e+00	3.6568499999999997e-02
3.7334853926963483e+00	3.5625400000000002e-02
3.7334874437218608e+00	3.4709499999999997e-02
3.7334894947473738e+00	3.3820000000000003e-02
3.7334915457728863e+00	3.2955800000000000e-02
3.7334935967983993e+00	3.2116199999999998e-02
3.7334956478239119e+00	3.1300399999999999e-02
3.7334976988494248e+00	3.0507500000000000e-02
3.7334997498749374e+00	2.9736800000000001e-02
3.7335018009004504e+00	2.8987599999999999e-02
3.7335038519259629e+00	2.8259099999999999e-02
3.7335059029514759e+00	2.7550700000000001e-02
3.7335079539769884e+00	2.6861699999999999e-02
3.7335100050025010e+00	2.6191599999999999e-02
3.7335120560280139e+00	2.5539699999999999e-02
3.7335141070535265e+00	2.4905400000000001e-02
3.7335161580790395e+00	2.4288199999999999e-02
3.7335182091045520e+00	2.3687600000000000e-02
3.7335202601300650e+00	2.3102999999999999e-02
3.7335223111555775e+00	2.2533899999999999e-02
3.7335243621810905e+00	2.1979900000000000e-02
3.7335264132066031e+00	2.1440399999999998e-02
3.7335284642321160e+00	2.0915199999999998e-02
3.7335305152576286e+00	2.0403600000000001e-02
3.7335325662831416e+00	1.9905300000000001e-02
3.7335346173086541e+00	1.9420000000000000e-02
3.7335366683341671e+00	1.8947100000000001e-02
3.7335387193596796e+00	1.8486400000000000e-02
3.7335407703851926e+00	1.8037500000000001e-02
3.7335428214107051e+00	1.7600100000000000e-02
3.7335448724362181e+00	1.7173700000000000e-02
3.7335469234617307e+00	1.6758200000000001e-02
3.7335489744872437e+00	1.6353099999999999e-02
3.7335510255127562e+00	1.5958099999999999e-02
3.7335530765382692e+00	1.5573099999999999e-02
3.7335551275637817e+00	1.5197600000000000e-02
3.7335571785892947e+00	1.4831499999999999e-02
3.7335592296148072e+00	1.4474400000000000e-02
3.7335612806403202e+00	1.4126200000000000e-02
3.7335633316658328e+00	1.3786500000000000e-02
3.7335653826913457e+00	1.3455099999999999e-02
3.7335674337168583e+00	1.3131800000000001e-02
3.7335694847423713e+00	1.2816400000000000e-02
3.7335715357678838e+00	1.2508699999999999e-02
3.7335735867933968e+00	1.2208399999999999e-02
3.7335756378189093e+00	1.1915300000000000e-02
3.7335776888444223e+00	1.1629300000000000e-02
3.7335797398699349e+00	1.1350100000000000e-02
3.7335817908954478e+00	1.1077600000000000e-02
3.7335838419209604e+00	1.0811700000000000e-02
3.7335858929464734e+00	1.0552000000000001e-02
3.7335879439719859e+00	1.0298500000000000e-02
3.7335899949974989e+00	1.0050999999999999e-02
3.7335920460230114e+00	9.8093099999999999e-03
3.7335940970485240e+00	9.5733299999999997e-03
3.7335961480740369e+00	9.3428899999999995e-03
3.7335981990995495e+00	9.1178400000000003e-03
3.7336002501250625e+00	8.8980599999999993e-03
3.7336023011505750e+00	8.6833899999999992e-03
3.7336043521760880e+00	8.4737200000000006e-03
3.7336064032016005e+00	8.2689200000000008e-03
3.7336084542271135e+00	8.0688500000000007e-03
3.7336105052526261e+00	7.8734200000000008e-03
3.7336125562781390e+00	7.6824900000000002e-03
3.7336146073036516e+00	7.4959500000000004e-03
3.7336166583291646e+00	7.3137100000000002e-03
3.7336187093546771e+00	7.1356400000000004e-03
3.7336207603801901e+00	6.9616499999999998e-03
3.7336228114057026e+00	6.7916499999999998e-03
3.7336248624312156e+00	6.6255200000000002e-03
3.7336269134567281e+00	6.4631699999999999e-03
3.7336289644822411e+00	6.3045200000000001e-03
3.7336310155077537e+00	6.1494799999999997e-03
3.7336330665332667e+00	5.9979600000000001e-03
3.7336351175587792e+00	5.8498700000000001e-03
3.7336371685842922e+00	5.7051300000000001e-03
3.7336392196098047e+00	5.5636699999999997e-03
3.7336412706353177e+00	5.4254000000000004e-03
3.7336433216608302e+00	5.2902499999999998e-03
3.7336453726863432e+00	5.1581500000000002e-03
3.7336474237118558e+00	5.0290200000000004e-03
3.7336494747373687e+00	4.9027999999999997e-03
3.7336515257628813e+00	4.7794200000000004e-03
3.7336535767883943e+00	4.6588100000000002e-03
3.7336556278139068e+00	4.5409100000000004e-03
3.7336576788394198e+00	4.4256499999999997e-03
3.7336597298649323e+00	4.3129900000000001e-03
3.7336617808904453e+00	4.2028500000000002e-03
3.7336638319159579e+00	4.0951800000000003e-03
3.7336658829414708e+00	3.9899200000000001e-03
3.7336679339669834e+00	3.8870300000000001e-03
3.7336699849924964e+00	3.7864399999999999e-03
3.7336720360180089e+00	3.6881000000000001e-03
3.7336740870435219e+00	3.5919699999999999e-03
3.7336761380690344e+00	3.4979899999999999e-03
3.7336781890945474e+00	3.4061299999999998e-03
3.7336802401200599e+00	3.3163200000000002e-03
3.7336822911455725e+00	3.2285299999999999e-03
3.7336843421710855e+00	3.1427099999999999e-03
3.7336863931965980e+00	3.0588199999999999e-03
3.7336884442221110e+00	2.9768099999999999e-03
3.7336904952476235e+00	2.8966500000000002e-03
3.7336925462731365e+00	2.8182900000000002e-03
3.7336945972986491e+00	2.7417000000000001e-03
3.7336966483241620e+00	2.6668400000000002e-03
3.7336986993496746e+00	2.5936700000000002e-03
3.7337007503751876e+00	2.5221499999999999e-03
3.7337028014007001e+00	2.4522500000000000e-03
3.7337048524262131e+00	2.3839400000000002e-03
3.7337069034517256e+00	2.3171799999999998e-03
3.7337089544772386e+00	2.2519400000000000e-03
3.7337110055027511e+00	2.1881800000000001e-03
3.7337130565282641e+00	2.1258800000000001e-03
3.7337151075537767e+00	2.0650000000000000e-03
3.7337171585792897e+00	2.0055199999999998e-03
3.7337192096048022e+00	1.9474099999999999e-03
3.7337212606303152e+00	1.8906299999999999e-03
3.7337233116558277e+00	1.8351600000000000e-03
3.7337253626813407e+00	1.7809799999999999e-03
3.7337274137068532e+00	1.7280500000000001e-03
3.7337294647323662e+00	1.6763500000000001e-03
3.7337315157578788e+00	1.6258500000000001e-03
3.7337335667833917e+00	1.5765400000000000e-03
3.7337356178089043e+00	1.5283899999999999e-03
3.7337376688344173e+00	1.4813599999999999e-03
3.7337397198599298e+00	1.4354500000000000e-03
3.7337417708854428e+00	1.3906299999999999e-03
3.7337438219109553e+00	1.3468700000000000e-03
3.7337458729364683e+00	1.3041500000000000e-03
3.7337479239619809e+00	1.2624600000000000e-03
3.7337499749874938e+00	1.2217700000000001e-03
3.7337520260130064e+00	1.1820600000000000e-03
3.7337540770385194e+00	1.1433200000000000e-03
3.7337561280640319e+00	1.1055200000000000e-03
3.7337581790895449e+00	1.0686500000000000e-03
3.7337602301150574e+00	1.0326800000000000e-03
3.7337622811405704e+00	9.9760699999999996e-04
3.7337643321660829e+00	9.6340200000000003e-04
3.7337663831915959e+00	9.3005099999999999e-04
3.7337684342171085e+00	8.9753900000000004e-04
3.7337704852426210e+00	8.6584800000000001e-04
3.7337725362681340e+00	8.3496199999999997e-04
3.7337745872936465e+00	8.0486700000000002e-04
3.7337766383191595e+00	7.7554600000000000e-04
3.7337786893446721e+00	7.4698400000000002e-04
3.7337807403701850e+00	7.1916700000000005e-04
3.7337827913956976e+00	6.9208099999999999e-04
3.7337848424212106e+00	6.6571100000000004e-04
3.7337868934467231e+00	6.4004399999999999e-04
3.7337889444722361e+00	6.1506600000000005e-04
3.7337909954977486e+00	5.9076400000000002e-04
3.7337930465232616e+00	5.6712600000000005e-04
3.7337950975487741e+00	5.4413800000000000e-04
3.7337971485742871e+00	5.2178700000000001e-04
3.7337991995997997e+00	5.0006300000000003e-04
3.7338012506253127e+00	4.7895300000000001e-04
3.7338033016508252e+00	4.5844599999999999e-04
3.7338053526763382e+00	4.3853000000000002e-04
3.7338074037018507e+00	4.1919400000000001e-04
3.7338094547273637e+00	4.0042700000000002e-04
3.7338115057528762e+00	3.8221899999999999e-04
3.7338135567783892e+00	3.6455800000000002e-04
3.7338156078039018e+00	3.4743600000000001e-04
3.7338176588294147e+00	3.3084100000000001e-04
3.7338197098549273e+00	3.1476399999999998e-04
3.7338217608804403e+00	2.9919600000000000e-04
3.7338238119059528e+00	2.8412600000000000e-04
3.7338258629314658e+00	2.6954600000000001e-04
3.7338279139569783e+00	2.5544700000000001e-04
3.7338299649824913e+00	2.4181900000000000e-04
3.7338320160080039e+00	2.2865400000000001e-04
3.7338340670335168e+00	2.1594400000000000e-04
3.7338361180590294e+00	2.0368000000000000e-04
3.7338381690845424e+00	1.9185299999999999e-04
3.7338402201100549e+00	1.8045700000000000e-04
3.7338422711355679e+00	1.6948199999999999e-04
3.7338443221610804e+00	1.5892200000000001e-04
3.7338463731865934e+00	1.4876900000000001e-04
3.7338484242121059e+00	1.3901500000000001e-04
3.7338504752376189e+00	1.2965200000000001e-04
3.7338525262631315e+00	1.2067500000000001e-04
3.7338545772886444e+00	1.1207600000000000e-04
3.7338566283141570e+00	1.0384800000000000e-04
3.7338586793396695e+00	9.5983799999999994e-05
3.7338607303651825e+00	8.8477600000000001e-05
3.7338627813906951e+00	8.1322700000000000e-05
3.7338648324162080e+00	7.4512799999999996e-05
3.7338668834417206e+00	6.8041500000000002e-05
3.7338689344672336e+00	6.1902900000000000e-05
3.7338709854927461e+00	5.6090900000000002e-05
3.7338730365182591e+00	5.0599700000000003e-05
3.7338750875437716e+00	4.5423500000000003e-05
3.7338771385692846e+00	4.0556599999999997e-05
3.7338791895947971e+00	3.5993500000000000e-05
3.7338812406203101e+00	3.1728800000000000e-05
3.7338832916458227e+00	2.7757099999999999e-05
3.7338853426713356e+00	2.4073100000000002e-05
3.7338873936968482e+00	2.0671900000000001e-05
3.7338894447223612e+00	1.7548199999999999e-05
3.7338914957478737e+00	1.4697200000000001e-05
3.7338935467733867e+00	1.2114000000000000e-05
3.7338955977988992e+00	9.7938400000000004e-06
3.7338976488244122e+00	7.7320100000000005e-06
3.7338996998499248e+00	5.9239400000000004e-06
3.7339017508754377e+00	4.3651199999999996e-06
3.7339038019009503e+00	3.0511200000000000e-06
3.7339058529264633e+00	1.9776100000000002e-06
3.7339079039519758e+00	1.1402999999999999e-06
3.7339099549774888e+00	5.3502600000000004e-07
3.7339120060030013e+00	1.5766500000000000e-07
3.7339140570285143e+00	4.1831799999999996e-09
3.7339161080540269e+00	7.0618500000000005e-08
3.7339181590795398e+00	3.5307900000000001e-07
3.7339202101050524e+00	8.4774500000000003e-07
3.7339222611305654e+00	1.5508600000000000e-06
3.7339243121560779e+00	2.4587500000000000e-06
3.7339263631815909e+00	3.5677799999999998e-06
3.7339284142071034e+00	4.8744200000000000e-06
3.7339304652326164e+00	6.3751500000000003e-06
3.7339325162581289e+00	8.0665699999999996e-06
3.7339345672836419e+00	9.9452999999999995e-06
3.7339366183091545e+00	1.2007999999999999e-05
3.7339386693346674e+00	1.4251500000000001e-05
3.7339407203601800e+00	1.6672600000000000e-05
3.7339427713856925e+00	1.9267999999999999e-05
3.7339448224112055e+00	2.2034900000000001e-05
3.7339468734367181e+00	2.4970000000000000e-05
3.7339489244622310e+00	2.8070599999999999e-05
3.7339509754877436e+00	3.1333500000000001e-05
3.7339530265132566e+00	3.4755999999999997e-05
3.7339550775387691e+00	3.8335299999999999e-05
3.7339571285642821e+00	4.2068499999999999e-05
3.7339591795897946e+00	4.5952999999999999e-05
3.7339612306153076e+00	4.9986099999999999e-05
3.7339632816408201e+00	5.4165100000000001e-05
3.7339653326663331e+00	5.8487599999999999e-05
3.7339673836918457e+00	6.2950800000000000e-05
3.7339694347173586e+00	6.7552399999999994e-05
3.7339714857428712e+00	7.2289899999999994e-05
3.7339735367683842e+00	7.7160800000000002e-05
3.7339755877938967e+00	8.2162899999999999e-05
3.7339776388194097e+00	8.7293700000000001e-05
3.7339796898449222e+00	9.2551099999999996e-05
3.7339817408704352e+00	9.7932700000000005e-05
3.7339837918959478e+00	1.0343600000000000e-04
3.7339858429214607e+00	1.0906000000000000e-04
3.7339878939469733e+00	1.1480100000000000e-04
3.7339899449724863e+00	1.2065800000000000e-04
3.7339919959979988e+00	1.2662799999999999e-04
3.7339940470235118e+00	1.3271100000000001e-04
3.7339960980490243e+00	1.3890199999999999e-04
3.7339981490745373e+00	1.4520099999999999e-04
3.7340002001000498e+00	1.5160600000000001e-04
3.7340022511255628e+00	1.5811500000000001e-04
3.7340043021510754e+00	1.6472500000000001e-04
3.7340063531765884e+00	1.7143599999999999e-04
3.7340084042021009e+00	1.7824400000000001e-04
3.7340104552276139e+00	1.8515000000000000e-04
3.7340125062531264e+00	1.9215000000000001e-04
3.7340145572786394e+00	1.9924299999999999e-04
3.7340166083041519e+00	2.0642699999999999e-04
3.7340186593296649e+00	2.1370100000000001e-04
3.7340207103551775e+00	2.2106299999999999e-04
3.7340227613806904e+00	2.2851200000000000e-04
3.7340248124062030e+00	2.3604600000000001e-04
3.7340268634317160e+00	2.4366200000000001e-04
3.7340289144572285e+00	2.5136100000000002e-04
3.7340309654827410e+00	2.5913999999999999e-04
3.7340330165082540e+00	2.6699800000000001e-04
3.7340350675337666e+00	2.7493299999999999e-04
3.7340371185592796e+00	2.8294399999999998e-04
3.7340391695847921e+00	2.9103000000000001e-04
3.7340412206103051e+00	2.9918900000000000e-04
3.7340432716358176e+00	3.0741999999999998e-04
3.7340453226613306e+00	3.1572099999999998e-04
3.7340473736868431e+00	3.2409099999999998e-04
3.7340494247123561e+00	3.3252899999999997e-04
3.7340514757378687e+00	3.4103399999999999e-04
3.7340535267633816e+00	3.4960400000000000e-04
3.7340555777888942e+00	3.5823799999999998e-04
3.7340576288144072e+00	3.6693600000000000e-04
3.7340596798399197e+00	3.7569399999999998e-04
3.7340617308654327e+00	3.8451400000000003e-04
3.7340637818909452e+00	3.9339300000000002e-04
3.7340658329164582e+00	4.0233000000000001e-04
3.7340678839419708e+00	4.1132400000000002e-04
3.7340699349674837e+00	4.2037400000000000e-04
3.7340719859929963e+00	4.2947900000000003e-04
3.7340740370185093e+00	4.3863799999999998e-04
3.7340760880440218e+00	4.4785000000000002e-04
3.7340781390695348e+00	4.5711400000000000e-04
3.7340801900950473e+00	4.6642899999999998e-04
3.7340822411205603e+00	4.7579300000000002e-04
3.7340842921460728e+00	4.8520600000000002e-04
3.7340863431715858e+00	4.9466699999999996e-04
3.7340883941970984e+00	5.0417500000000004e-04
3.7340904452226114e+00	5.1372899999999999e-04
3.7340924962481239e+00	5.2332799999999999e-04
3.7340945472736369e+00	5.3297100000000003e-04
3.7340965982991494e+00	5.4265699999999999e-04
3.7340986493246624e+00	5.5238599999999998e-04
3.7341007003501749e+00	5.6215599999999996e-04
3.7341027513756879e+00	5.7196600000000003e-04
3.7341048024012005e+00	5.8181699999999999e-04
3.7341068534267134e+00	5.9170700000000002e-04
3.7341089044522260e+00	6.0163500000000000e-04
3.7341109554777390e+00	6.1160000000000001e-04
3.7341130065032515e+00	6.2160099999999995e-04
3.7341150575287645e+00	6.3163900000000003e-04
3.7341171085542770e+00	6.4171200000000001e-04
3.7341191595797896e+00	6.5181899999999999e-04
3.7341212106053026e+00	6.6195900000000005e-04
3.7341232616308151e+00	6.7213300000000000e-04
3.7341253126563281e+00	6.8233800000000000e-04
3.7341273636818406e+00	6.9257499999999996e-04
3.7341294147073536e+00	7.0284299999999998e-04
3.7341314657328661e+00	7.1314100000000004e-04
3.7341335167583791e+00	7.2346800000000001e-04
3.7341355677838917e+00	7.3382400000000000e-04
3.7341376188094046e+00	7.4420800000000000e-04
3.7341396698349172e+00	7.5462000000000001e-04
3.7341417208604302e+00	7.6505799999999999e-04
3.7341437718859427e+00	7.7552199999999995e-04
3.7341458229114557e+00	7.8601200000000000e-04
3.7341478739369682e+00	7.9652700000000000e-04
3.7341499249624812e+00	8.0706699999999996e-04
3.7341519759879938e+00	8.1762999999999996e-04
3.7341540270135067e+00	8.2821700000000002e-04
3.7341560780390193e+00	8.3882599999999998e-04
3.7341581290645323e+00	8.4945699999999997e-04
3.7341601800900448e+00	8.6010999999999998e-04
3.7341622311155578e+00	8.7078399999999999e-04
3.7341642821410703e+00	8.8147799999999999e-04
3.7341663331665833e+00	8.9219199999999999e-04
3.7341683841920958e+00	9.0292599999999997e-04
3.7341704352176088e+00	9.1367900000000003e-04
3.7341724862431214e+00	9.2444999999999995e-04
3.7341745372686344e+00	9.3523900000000004e-04
3.7341765882941469e+00	9.4604599999999997e-04
3.7341786393196599e+00	9.5686999999999996e-04
3.7341806903451724e+00	9.6770999999999999e-04
3.7341827413706854e+00	9.7856599999999994e-04
3.7341847923961979e+00	9.8943800000000004e-04
3.7341868434217109e+00	1.0003300000000000e-03
3.7341888944472235e+00	1.0112299999999999e-03
3.7341909454727364e+00	1.0221399999999999e-03
3.7341929964982490e+00	1.0330700000000001e-03
3.7341950475237620e+00	1.0440200000000001e-03
3.7341970985492745e+00	1.0549699999999999e-03
3.7341991495747875e+00	1.0659400000000000e-03
3.7342012006003000e+00	1.0769200000000001e-03
3.7342032516258130e+00	1.0879200000000000e-03
3.7342053026513256e+00	1.0989200000000000e-03
3.7342073536768381e+00	1.1099400000000000e-03
3.7342094047023511e+00	1.1209600000000001e-03
3.7342114557278636e+00	1.1320000000000000e-03
3.7342135067533766e+00	1.1430500000000001e-03
3.7342155577788891e+00	1.1540999999999999e-03
3.7342176088044021e+00	1.1651700000000001e-03
3.7342196598299147e+00	1.1762400000000001e-03
3.7342217108554276e+00	1.1873299999999999e-03
3.7342237618809402e+00	1.1984200000000000e-03
3.7342258129064532e+00	1.2095200000000000e-03
3.7342278639319657e+00	1.2206200000000000e-03
3.7342299149574787e+00	1.2317400000000000e-03
3.7342319659829912e+00	1.2428599999999999e-03
3.7342340170085042e+00	1.2539900000000000e-03
3.7342360680340168e+00	1.2651200000000000e-03
3.7342381190595297e+00	1.2762600000000000e-03
3.7342401700850423e+00	1.2874099999999999e-03
3.7342422211105553e+00	1.2985600000000000e-03
3.7342442721360678e+00	1.3097100000000000e-03
3.7342463231615808e+00	1.3208700000000000e-03
3.7342483741870933e+00	1.3320400000000000e-03
3.7342504252126063e+00	1.3432100000000001e-03
3.7342524762381188e+00	1.3543800000000001e-03
3.7342545272636318e+00	1.3655600000000000e-03
3.7342565782891444e+00	1.3767400000000000e-03
3.7342586293146574e+00	1.3879200000000000e-03
3.7342606803401699e+00	1.3991100000000001e-03
3.7342627313656829e+00	1.4103000000000000e-03
3.7342647823911954e+00	1.4214900000000001e-03
3.7342668334167084e+00	1.4326899999999999e-03
3.7342688844422209e+00	1.4438800000000000e-03
3.7342709354677339e+00	1.4550800000000001e-03
3.7342729864932465e+00	1.4662799999999999e-03
3.7342750375187594e+00	1.4774800000000000e-03
3.7342770885442720e+00	1.4886800000000000e-03
3.7342791395697850e+00	1.4998900000000000e-03
3.7342811905952975e+00	1.5110900000000001e-03
3.7342832416208105e+00	1.5222899999999999e-03
3.7342852926463230e+00	1.5334999999999999e-03
3.7342873436718360e+00	1.5447000000000000e-03
3.7342893946973486e+00	1.5559100000000000e-03
3.7342914457228611e+00	1.5671100000000000e-03
3.7342934967483741e+00	1.5783100000000001e-03
3.7342955477738866e+00	1.5895099999999999e-03
3.7342975987993996e+00	1.6007100000000000e-03
3.7342996498249121e+00	1.6119100000000000e-03
3.7343017008504251e+00	1.6231100000000001e-03
3.7343037518759377e+00	1.6343099999999999e-03
3.7343058029014506e+00	1.6455000000000000e-03
3.7343078539269632e+00	1.6567000000000001e-03
3.7343099049524762e+00	1.6678900000000000e-03
3.7343119559779887e+00	1.6790799999999999e-03
3.7343140070035017e+00	1.6902600000000001e-03
3.7343160580290142e+00	1.7014500000000000e-03
3.7343181090545272e+00	1.7126299999999999e-03
3.7343201600800398e+00	1.7237999999999999e-03
3.7343222111055527e+00	1.7349799999999999e-03
3.7343242621310653e+00	1.7461499999999999e-03
3.7343263131565783e+00	1.7573199999999999e-03
3.7343283641820908e+00	1.7684800000000000e-03
3.7343304152076038e+00	1.7796400000000001e-03
3.7343324662331163e+00	1.7907999999999999e-03
3.7343345172586293e+00	1.8019500000000001e-03
3.7343365682841418e+00	1.8131000000000000e-03
3.7343386193096548e+00	1.8242499999999999e-03
3.7343406703351674e+00	1.8353899999999999e-03
3.7343427213606804e+00	1.8465199999999999e-03
3.7343447723861929e+00	1.8576500000000000e-03
3.7343468234117059e+00	1.8687800000000000e-03
3.7343488744372184e+00	1.8799000000000001e-03
3.7343509254627314e+00	1.8910200000000000e-03
3.7343529764882439e+00	1.9021299999999999e-03
3.7343550275137569e+00	1.9132299999999999e-03
3.7343570785392695e+00	1.9243299999999999e-03
3.7343591295647824e+00	1.9354299999999999e-03
3.7343611805902950e+00	1.9465200000000000e-03
3.7343632316158080e+00	1.9575999999999999e-03
3.7343652826413205e+00	1.9686800000000000e-03
3.7343673336668335e+00	1.9797500000000002e-03
3.7343693846923460e+00	1.9908100000000000e-03
3.7343714357178590e+00	2.0018700000000002e-03
3.7343734867433716e+00	2.0129300000000000e-03
3.7343755377688845e+00	2.0239699999999999e-03
3.7343775887943971e+00	2.0350099999999999e-03
3.7343796398199096e+00	2.0460399999999998e-03
3.7343816908454226e+00	2.0570699999999998e-03
3.7343837418709351e+00	2.0680899999999999e-03
3.7343857928964481e+00	2.0791000000000000e-03
3.7343878439219607e+00	2.0901100000000001e-03
3.7343898949474736e+00	2.1011099999999998e-03
3.7343919459729862e+00	2.1121000000000000e-03
3.7343939969984992e+00	2.1230799999999998e-03
3.7343960480240117e+00	2.1340600000000001e-03
3.7343980990495247e+00	2.1450300000000000e-03
3.7344001500750372e+00	2.1559900000000000e-03
3.7344022011005502e+00	2.1669400000000000e-03
3.7344042521260628e+00	2.1778900000000000e-03
3.7344063031515757e+00	2.1888300000000001e-03
3.7344083541770883e+00	2.1997599999999998e-03
3.7344104052026013e+00	2.2106800000000000e-03
3.7344124562281138e+00	2.2215899999999998e-03
3.7344145072536268e+00	2.2325000000000001e-03
3.7344165582791393e+00	2.2434000000000000e-03
3.7344186093046523e+00	2.2542899999999999e-03
3.7344206603301648e+00	2.2651699999999999e-03
3.7344227113556778e+00	2.2760499999999999e-03
3.7344247623811904e+00	2.2869100000000001e-03
3.7344268134067033e+00	2.2977700000000002e-03
3.7344288644322159e+00	2.3086100000000000e-03
3.7344309154577289e+00	2.3194499999999998e-03
3.7344329664832414e+00	2.3302800000000001e-03
3.7344350175087544e+00	2.3411100000000000e-03
3.7344370685342669e+00	2.3519200000000000e-03
3.7344391195597799e+00	2.3627200000000000e-03
3.7344411705852925e+00	2.3735200000000001e-03
3.7344432216108054e+00	2.3843100000000002e-03
3.7344452726363180e+00	2.3950800000000000e-03
3.7344473236618310e+00	2.4058500000000002e-03
3.7344493746873435e+00	2.4166100000000000e-03
3.7344514257128565e+00	2.4273599999999999e-03
3.7344534767383690e+00	2.4380999999999999e-03
3.7344555277638820e+00	2.4488299999999999e-03
3.7344575787893945e+00	2.4595500000000000e-03
3.7344596298149075e+00	2.4702700000000001e-03
3.7344616808404201e+00	2.4809699999999999e-03
3.7344637318659331e+00	2.4916600000000001e-03
3.7344657828914456e+00	2.5023500000000000e-03
3.7344678339169581e+00	2.5130199999999999e-03
3.7344698849424711e+00	2.5236799999999999e-03
3.7344719359679837e+00	2.5343399999999999e-03
3.7344739869934966e+00	2.5449800000000001e-03
3.7344760380190092e+00	2.5556200000000002e-03
3.7344780890445222e+00	2.5662500000000000e-03
3.7344801400700347e+00	2.5768599999999998e-03
3.7344821910955477e+00	2.5874700000000001e-03
3.7344842421210602e+00	2.5980600000000001e-03
3.7344862931465732e+00	2.6086500000000001e-03
3.7344883441720857e+00	2.6192300000000002e-03
3.7344903951975987e+00	2.6297899999999999e-03
3.7344924462231113e+00	2.6403500000000001e-03
3.7344944972486243e+00	2.6508899999999999e-03
3.7344965482741368e+00	2.6614299999999998e-03
3.7344985992996498e+00	2.6719600000000001e-03
3.7345006503251623e+00	2.6824700000000002e-03
3.7345027013506753e+00	2.6929800000000002e-03
3.7345047523761878e+00	2.7034699999999999e-03
3.7345068034017008e+00	2.7139600000000001e-03
3.7345088544272134e+00	2.7244299999999999e-03
3.7345109054527263e+00	2.7348899999999998e-03
3.7345129564782389e+00	2.7453500000000001e-03
3.7345150075037519e+00	2.7557900000000001e-03
3.7345170585292644e+00	2.7662199999999998e-03
3.7345191095547774e+00	2.7766499999999999e-03
3.7345211605802899e+00	2.7870600000000001e-03
3.7345232116058029e+00	2.7974599999999999e-03
3.7345252626313155e+00	2.8078500000000002e-03
3.7345273136568284e+00	2.8182300000000001e-03
3.7345293646823410e+00	2.8286000000000001e-03
3.7345314157078540e+00	2.8389600000000002e-03
3.7345334667333665e+00	2.8493099999999999e-03
3.7345355177588795e+00	2.8596500000000000e-03
3.7345375687843920e+00	2.8699699999999999e-03
3.7345396198099050e+00	2.8802900000000002e-03
3.7345416708354175e+00	2.8906000000000001e-03
3.7345437218609305e+00	2.9008900000000002e-03
3.7345457728864431e+00	2.9111800000000002e-03
3.7345478239119561e+00	2.9214499999999999e-03
3.7345498749374686e+00	2.9317100000000001e-03
3.7345519259629816e+00	2.9419600000000000e-03
3.7345539769884941e+00	2.9522099999999998e-03
3.7345560280140067e+00	2.9624400000000002e-03
3.7345580790395196e+00	2.9726599999999998e-03
3.7345601300650322e+00	2.9828699999999999e-03
3.7345621810905452e+00	2.9930600000000001e-03
3.7345642321160577e+00	3.0032499999999998e-03
3.7345662831415707e+00	3.0134300000000001e-03
3.7345683341670832e+00	3.0235900000000000e-03
3.7345703851925962e+00	3.0337500000000000e-03
3.7345724362181087e+00	3.0438900000000001e-03
3.7345744872436217e+00	3.0540200000000002e-03
3.7345765382691343e+00	3.0641499999999999e-03
3.7345785892946473e+00	3.0742600000000001e-03
3.7345806403201598e+00	3.0843600000000000e-03
3.7345826913456728e+00	3.0944499999999999e-03
3.7345847423711853e+00	3.1045199999999999e-03
3.7345867933966983e+00	3.1145900000000000e-03
3.7345888444222108e+00	3.1246500000000001e-03
3.7345908954477238e+00	3.1346899999999999e-03
3.7345929464732364e+00	3.1447300000000001e-03
3.7345949974987493e+00	3.1547500000000000e-03
3.7345970485242619e+00	3.1647600000000000e-03
3.7345990995497749e+00	3.1747600000000000e-03
3.7346011505752874e+00	3.1847500000000001e-03
3.7346032016008004e+00	3.1947299999999998e-03
3.7346052526263129e+00	3.2047000000000000e-03
3.7346073036518259e+00	3.2146599999999998e-03
3.7346093546773385e+00	3.2246000000000002e-03
3.7346114057028514e+00	3.2345400000000002e-03
3.7346134567283640e+00	3.2444599999999998e-03
3.7346155077538770e+00	3.2543699999999999e-03
3.7346175587793895e+00	3.2642800000000000e-03
3.7346196098049025e+00	3.2741699999999999e-03
3.7346216608304150e+00	3.2840500000000002e-03
3.7346237118559280e+00	3.2939100000000002e-03
3.7346257628814405e+00	3.3037700000000001e-03
3.7346278139069535e+00	3.3136200000000002e-03
3.7346298649324661e+00	3.3234499999999999e-03
3.7346319159579791e+00	3.3332800000000001e-03
3.7346339669834916e+00	3.3430900000000000e-03
3.7346360180090046e+00	3.3528899999999999e-03
3.7346380690345171e+00	3.3626900000000002e-03
3.7346401200600301e+00	3.3724699999999998e-03
3.7346421710855426e+00	3.3822300000000000e-03
3.7346442221110552e+00	3.3919900000000001e-03
3.7346462731365682e+00	3.4017399999999999e-03
3.7346483241620807e+00	3.4114800000000002e-03
3.7346503751875937e+00	3.4212000000000001e-03
3.7346524262131062e+00	3.4309100000000001e-03
3.7346544772386192e+00	3.4406200000000001e-03
3.7346565282641317e+00	3.4503099999999998e-03
3.7346585792896447e+00	3.4599900000000000e-03
3.7346606303151573e+00	3.4696599999999998e-03
3.7346626813406703e+00	3.4793200000000002e-03
3.7346647323661828e+00	3.4889700000000001e-03
3.7346667833916958e+00	3.4986000000000001e-03
3.7346688344172083e+00	3.5082300000000002e-03
3.7346708854427213e+00	3.5178399999999999e-03
3.7346729364682338e+00	3.5274500000000001e-03
3.7346749874937468e+00	3.5370400000000000e-03
3.7346770385192594e+00	3.5466199999999999e-03
3.7346790895447723e+00	3.5561899999999999e-03
3.7346811405702849e+00	3.5657499999999999e-03
3.7346831915957979e+00	3.5753000000000000e-03
3.7346852426213104e+00	3.5848400000000002e-03
3.7346872936468234e+00	3.5943600000000000e-03
3.7346893446723359e+00	3.6038799999999998e-03
3.7346913956978489e+00	3.6133799999999998e-03
3.7346934467233615e+00	3.6228800000000002e-03
3.7346954977488744e+00	3.6323599999999998e-03
3.7346975487743870e+00	3.6418300000000000e-03
3.7346995997999000e+00	3.6512900000000002e-03
3.7347016508254125e+00	3.6607400000000000e-03
3.7347037018509255e+00	3.6701799999999999e-03
3.7347057528764380e+00	3.6796099999999998e-03
3.7347078039019510e+00	3.6890199999999999e-03
3.7347098549274635e+00	3.6984299999999999e-03
3.7347119059529765e+00	3.7078300000000001e-03
3.7347139569784891e+00	3.7172099999999999e-03
3.7347160080040021e+00	3.7265800000000002e-03
3.7347180590295146e+00	3.7359500000000000e-03
3.7347201100550276e+00	3.7453000000000000e-03
3.7347221610805401e+00	3.7546400000000001e-03
3.7347242121060531e+00	3.7639700000000002e-03
3.7347262631315656e+00	3.7732899999999999e-03
3.7347283141570782e+00	3.7826000000000001e-03
3.7347303651825912e+00	3.7919000000000000e-03
3.7347324162081037e+00	3.8011799999999999e-03
3.7347344672336167e+00	3.8104599999999999e-03
3.7347365182591292e+00	3.8197200000000000e-03
3.7347385692846422e+00	3.8289800000000001e-03
3.7347406203101547e+00	3.8382199999999998e-03
3.7347426713356677e+00	3.8474600000000000e-03
3.7347447223611803e+00	3.8566799999999999e-03
3.7347467733866933e+00	3.8658899999999999e-03
3.7347488244122058e+00	3.8750899999999999e-03
3.7347508754377188e+00	3.8842799999999999e-03
3.7347529264632313e+00	3.8934600000000001e-03
3.7347549774887443e+00	3.9026299999999998e-03
3.7347570285142568e+00	3.9117900000000001e-03
3.7347590795397698e+00	3.9209300000000004e-03
3.7347611305652824e+00	3.9300699999999999e-03
3.7347631815907953e+00	3.9392000000000003e-03
3.7347652326163079e+00	3.9483100000000000e-03
3.7347672836418209e+00	3.9574199999999997e-03
3.7347693346673334e+00	3.9665100000000003e-03
3.7347713856928464e+00	3.9756000000000001e-03
3.7347734367183589e+00	3.9846700000000001e-03
3.7347754877438719e+00	3.9937300000000000e-03
3.7347775387693845e+00	4.0027800000000001e-03
3.7347795897948974e+00	4.0118200000000001e-03
3.7347816408204100e+00	4.0208600000000002e-03
3.7347836918459230e+00	4.0298799999999996e-03
3.7347857428714355e+00	4.0388899999999998e-03
3.7347877938969485e+00	4.0478900000000002e-03
3.7347898449224610e+00	4.0568699999999997e-03
3.7347918959479740e+00	4.0658500000000002e-03
3.7347939469734865e+00	4.0748199999999998e-03
3.7347959979989995e+00	4.0837800000000004e-03
3.7347980490245121e+00	4.0927300000000002e-03
3.7348001000500251e+00	4.1016600000000000e-03
3.7348021510755376e+00	4.1105899999999999e-03
3.7348042021010506e+00	4.1194999999999999e-03
3.7348062531265631e+00	4.1284099999999999e-03
3.7348083041520761e+00	4.1373000000000000e-03
3.7348103551775886e+00	4.1461900000000001e-03
3.7348124062031016e+00	4.1550600000000004e-03
3.7348144572286142e+00	4.1639299999999997e-03
3.7348165082541267e+00	4.1727800000000001e-03
3.7348185592796397e+00	4.1816300000000004e-03
3.7348206103051522e+00	4.1904600000000000e-03
3.7348226613306652e+00	4.1992799999999997e-03
3.7348247123561777e+00	4.2080900000000003e-03
3.7348267633816907e+00	4.2169000000000000e-03
3.7348288144072033e+00	4.2256899999999998e-03
3.7348308654327163e+00	4.2344699999999997e-03
3.7348329164582288e+00	4.2432399999999997e-03
3.7348349674837418e+00	4.2520099999999996e-03
3.7348370185092543e+00	4.2607599999999997e-03
3.7348390695347673e+00	4.2694999999999999e-03
3.7348411205602798e+00	4.2782300000000001e-03
3.7348431715857928e+00	4.2869500000000003e-03
3.7348452226113054e+00	4.2956599999999998e-03
3.7348472736368183e+00	4.3043600000000001e-03
3.7348493246623309e+00	4.3130499999999997e-03
3.7348513756878439e+00	4.3217300000000002e-03
3.7348534267133564e+00	4.3303999999999999e-03
3.7348554777388694e+00	4.3390700000000004e-03
3.7348575287643819e+00	4.3477200000000002e-03
3.7348595797898949e+00	4.3563600000000001e-03
3.7348616308154075e+00	4.3649900000000000e-03
3.7348636818409204e+00	4.3736100000000000e-03
3.7348657328664330e+00	4.3822200000000000e-03
3.7348677838919460e+00	4.3908200000000001e-03
3.7348698349174585e+00	4.3994100000000003e-03
3.7348718859429715e+00	4.4079899999999997e-03
3.7348739369684840e+00	4.4165599999999999e-03
3.7348759879939970e+00	4.4251200000000003e-03
3.7348780390195095e+00	4.4336699999999998e-03
3.7348800900450225e+00	4.4422200000000002e-03
3.7348821410705351e+00	4.4507499999999998e-03
3.7348841920960481e+00	4.4592700000000004e-03
3.7348862431215606e+00	4.4677800000000002e-03
3.7348882941470736e+00	4.4762800000000000e-03
3.7348903451725861e+00	4.4847799999999998e-03
3.7348923961980991e+00	4.4932599999999998e-03
3.7348944472236116e+00	4.5017299999999998e-03
3.7348964982491246e+00	4.5101899999999999e-03
3.7348985492746372e+00	4.5186499999999999e-03
3.7349006003001501e+00	4.5270900000000001e-03
3.7349026513256627e+00	4.5355300000000003e-03
3.7349047023511752e+00	4.5439499999999997e-03
3.7349067533766882e+00	4.5523600000000001e-03
3.7349088044022007e+00	4.5607699999999996e-03
3.7349108554277137e+00	4.5691600000000001e-03
3.7349129064532263e+00	4.5775499999999997e-03
3.7349149574787393e+00	4.5859300000000002e-03
3.7349170085042518e+00	4.5942900000000000e-03
3.7349190595297648e+00	4.6026499999999998e-03
3.7349211105552773e+00	4.6109999999999996e-03
3.7349231615807903e+00	4.6193400000000004e-03
3.7349252126063028e+00	4.6276599999999996e-03
3.7349272636318158e+00	4.6359799999999996e-03
3.7349293146573284e+00	4.6442899999999997e-03
3.7349313656828413e+00	4.6525899999999999e-03
3.7349334167083539e+00	4.6608800000000001e-03
3.7349354677338669e+00	4.6691600000000003e-03
3.7349375187593794e+00	4.6774399999999997e-03
3.7349395697848924e+00	4.6857000000000001e-03
3.7349416208104049e+00	4.6939499999999997e-03
3.7349436718359179e+00	4.7022000000000001e-03
3.7349457228614305e+00	4.7104299999999998e-03
3.7349477738869434e+00	4.7186499999999996e-03
3.7349498249124560e+00	4.7268700000000002e-03
3.7349518759379690e+00	4.7350800000000000e-03
3.7349539269634815e+00	4.7432700000000000e-03
3.7349559779889945e+00	4.7514599999999999e-03
3.7349580290145070e+00	4.7596399999999999e-03
3.7349600800400200e+00	4.7678099999999999e-03
3.7349621310655325e+00	4.7759700000000000e-03
3.7349641820910455e+00	4.7841200000000002e-03
3.7349662331165581e+00	4.7922599999999996e-03
3.7349682841420710e+00	4.8003899999999999e-03
3.7349703351675836e+00	4.8085200000000002e-03
3.7349723861930966e+00	4.8166299999999997e-03
3.7349744372186091e+00	4.8247300000000002e-03
3.7349764882441221e+00	4.8328299999999998e-03
3.7349785392696346e+00	4.8409200000000003e-03
3.7349805902951476e+00	4.8489900000000001e-03
3.7349826413206602e+00	4.8570599999999998e-03
3.7349846923461731e+00	4.8651199999999997e-03
3.7349867433716857e+00	4.8731699999999996e-03
3.7349887943971987e+00	4.8812100000000004e-03
3.7349908454227112e+00	4.8892500000000004e-03
3.7349928964482237e+00	4.8972699999999996e-03
3.7349949474737367e+00	4.9052799999999997e-03
3.7349969984992493e+00	4.9132899999999998e-03
3.7349990495247622e+00	4.9212900000000000e-03
3.7350011005502748e+00	4.9292700000000004e-03
3.7350031515757878e+00	4.9372499999999998e-03
3.7350052026013003e+00	4.9452200000000002e-03
3.7350072536268133e+00	4.9531799999999997e-03
3.7350093046523258e+00	4.9611300000000002e-03
3.7350113556778388e+00	4.9690799999999999e-03
3.7350134067033514e+00	4.9770099999999996e-03
3.7350154577288643e+00	4.9849400000000002e-03
3.7350175087543769e+00	4.9928500000000001e-03
3.7350195597798899e+00	5.0007599999999999e-03
3.7350216108054024e+00	5.0086599999999998e-03
3.7350236618309154e+00	5.0165499999999998e-03
3.7350257128564279e+00	5.0244299999999999e-03
3.7350277638819409e+00	5.0323099999999999e-03
3.7350298149074534e+00	5.0401700000000001e-03
3.7350318659329664e+00	5.0480300000000002e-03
3.7350339169584790e+00	5.0558699999999996e-03
3.7350359679839920e+00	5.0637099999999999e-03
3.7350380190095045e+00	5.0715400000000002e-03
3.7350400700350175e+00	5.0793599999999998e-03
3.7350421210605300e+00	5.0871700000000002e-03
3.7350441720860430e+00	5.0949799999999998e-03
3.7350462231115555e+00	5.1027700000000004e-03
3.7350482741370685e+00	5.1105600000000001e-03
3.7350503251625811e+00	5.1183399999999999e-03
3.7350523761880940e+00	5.1261099999999997e-03
3.7350544272136066e+00	5.1338699999999996e-03
3.7350564782391196e+00	5.1416200000000004e-03
3.7350585292646321e+00	5.1493600000000004e-03
3.7350605802901451e+00	5.1571000000000004e-03
3.7350626313156576e+00	5.1648299999999996e-03
3.7350646823411706e+00	5.1725499999999997e-03
3.7350667333666832e+00	5.1802599999999999e-03
3.7350687843921961e+00	5.1879600000000001e-03
3.7350708354177087e+00	5.1956499999999996e-03
3.7350728864432217e+00	5.2033399999999999e-03
3.7350749374687342e+00	5.2110100000000003e-03
3.7350769884942467e+00	5.2186799999999998e-03
3.7350790395197597e+00	5.2263400000000003e-03
3.7350810905452723e+00	5.2339900000000000e-03
3.7350831415707852e+00	5.2416399999999997e-03
3.7350851925962978e+00	5.2492700000000003e-03
3.7350872436218108e+00	5.2569000000000001e-03
3.7350892946473233e+00	5.2645200000000000e-03
3.7350913456728363e+00	5.2721299999999999e-03
3.7350933966983488e+00	5.2797299999999998e-03
3.7350954477238618e+00	5.2873199999999999e-03
3.7350974987493744e+00	5.2949099999999999e-03
3.7350995497748873e+00	5.3024900000000000e-03
3.7351016008003999e+00	5.3100600000000001e-03
3.7351036518259129e+00	5.3176200000000003e-03
3.7351057028514254e+00	5.3251699999999997e-03
3.7351077538769384e+00	5.3327200000000000e-03
3.7351098049024509e+00	5.3402500000000004e-03
3.7351118559279639e+00	5.3477799999999999e-03
3.7351139069534764e+00	5.3553000000000003e-03
3.7351159579789894e+00	5.3628199999999999e-03
3.7351180090045020e+00	5.3703199999999996e-03
3.7351200600300150e+00	5.3778200000000002e-03
3.7351221110555275e+00	5.3853099999999999e-03
3.7351241620810405e+00	5.3927899999999997e-03
3.7351262131065530e+00	5.4002599999999996e-03
3.7351282641320660e+00	5.4077200000000004e-03
3.7351303151575785e+00	5.4151800000000003e-03
3.7351323661830915e+00	5.4226300000000003e-03
3.7351344172086041e+00	5.4300700000000004e-03
3.7351364682341170e+00	5.4374999999999996e-03
3.7351385192596296e+00	5.4449299999999997e-03
3.7351405702851426e+00	5.4523499999999999e-03
3.7351426213106551e+00	5.4597600000000001e-03
3.7351446723361681e+00	5.4671600000000004e-03
3.7351467233616806e+00	5.4745499999999999e-03
3.7351487743871936e+00	5.4819400000000003e-03
3.7351508254127062e+00	5.4893199999999998e-03
3.7351528764382191e+00	5.4966900000000003e-03
3.7351549274637317e+00	5.5040499999999999e-03
3.7351569784892447e+00	5.5113999999999996e-03
3.7351590295147572e+00	5.5187500000000002e-03
3.7351610805402702e+00	5.5260900000000000e-03
3.7351631315657827e+00	5.5334199999999998e-03
3.7351651825912953e+00	5.5407499999999997e-03
3.7351672336168082e+00	5.5480599999999996e-03
3.7351692846423208e+00	5.5553699999999996e-03
3.7351713356678338e+00	5.5626699999999996e-03
3.7351733866933463e+00	5.5699699999999996e-03
3.7351754377188593e+00	5.5772499999999997e-03
3.7351774887443718e+00	5.5845299999999999e-03
3.7351795397698848e+00	5.5918000000000001e-03
3.7351815907953974e+00	5.5990600000000003e-03
3.7351836418209103e+00	5.6063199999999997e-03
3.7351856928464229e+00	5.6135700000000000e-03
3.7351877438719359e+00	5.6208100000000004e-03
3.7351897948974484e+00	5.6280400000000000e-03
3.7351918459229614e+00	5.6352700000000004e-03
3.7351938969484739e+00	5.6424800000000001e-03
3.7351959479739869e+00	5.6496899999999997e-03
3.7351979989994994e+00	5.6569000000000003e-03
3.7352000500250124e+00	5.6640900000000001e-03
3.7352021010505250e+00	5.6712799999999999e-03
3.7352041520760380e+00	5.6784599999999998e-03
3.7352062031015505e+00	5.6856299999999997e-03
3.7352082541270635e+00	5.6927999999999996e-03
3.7352103051525760e+00	5.6999599999999996e-03
3.7352123561780890e+00	5.7071099999999996e-03
3.7352144072036015e+00	5.7142499999999997e-03
3.7352164582291145e+00	5.7213899999999998e-03
3.7352185092546271e+00	5.7285200000000000e-03
3.7352205602801400e+00	5.7356400000000002e-03
3.7352226113056526e+00	5.7427600000000004e-03
3.7352246623311656e+00	5.7498599999999999e-03
3.7352267133566781e+00	5.7569600000000002e-03
3.7352287643821911e+00	5.7640599999999997e-03
3.7352308154077036e+00	5.7711400000000001e-03
3.7352328664332166e+00	5.7782199999999997e-03
3.7352349174587292e+00	5.7852900000000002e-03
3.7352369684842421e+00	5.7923599999999999e-03
3.7352390195097547e+00	5.7994099999999996e-03
3.7352410705352677e+00	5.8064600000000003e-03
3.7352431215607802e+00	5.8135000000000001e-03
3.7352451725862932e+00	5.8205399999999999e-03
3.7352472236118057e+00	5.8275699999999998e-03
3.7352492746373187e+00	5.8345899999999997e-03
3.7352513256628312e+00	5.8415999999999997e-03
3.7352533766883438e+00	5.8486099999999997e-03
3.7352554277138568e+00	5.8556099999999998e-03
3.7352574787393693e+00	5.8625999999999999e-03
3.7352595297648823e+00	5.8695900000000001e-03
3.7352615807903948e+00	5.8765700000000002e-03
3.7352636318159078e+00	5.8835399999999996e-03
3.7352656828414204e+00	5.8904999999999999e-03
3.7352677338669333e+00	5.8974600000000002e-03
3.7352697848924459e+00	5.9044099999999997e-03
3.7352718359179589e+00	5.9113600000000001e-03
3.7352738869434714e+00	5.9182899999999997e-03
3.7352759379689844e+00	5.9252200000000001e-03
3.7352779889944969e+00	5.9321499999999997e-03
3.7352800400200099e+00	5.9390600000000003e-03
3.7352820910455224e+00	5.9459700000000001e-03
3.7352841420710354e+00	5.9528699999999999e-03
3.7352861930965480e+00	5.9597699999999997e-03
3.7352882441220610e+00	5.9666600000000004e-03
3.7352902951475735e+00	5.9735400000000003e-03
3.7352923461730865e+00	5.9804200000000002e-03
3.7352943971985990e+00	5.9872800000000002e-03
3.7352964482241120e+00	5.9941400000000002e-03
3.7352984992496245e+00	6.0010000000000003e-03
3.7353005502751375e+00	6.0078500000000003e-03
3.7353026013006501e+00	6.0146899999999996e-03
3.7353046523261630e+00	6.0215199999999998e-03
3.7353067033516756e+00	6.0283500000000000e-03
3.7353087543771886e+00	6.0351700000000003e-03
3.7353108054027011e+00	6.0419899999999997e-03
3.7353128564282141e+00	6.0487900000000001e-03
3.7353149074537266e+00	6.0555899999999996e-03
3.7353169584792396e+00	6.0623900000000000e-03
3.7353190095047522e+00	6.0691800000000004e-03
3.7353210605302651e+00	6.0759600000000000e-03
3.7353231115557777e+00	6.0827299999999997e-03
3.7353251625812907e+00	6.0895000000000003e-03
3.7353272136068032e+00	6.0962600000000000e-03
3.7353292646323162e+00	6.1030099999999999e-03
3.7353313156578287e+00	6.1097599999999997e-03
3.7353333666833417e+00	6.1165000000000004e-03
3.7353354177088542e+00	6.1232400000000003e-03
3.7353374687343672e+00	6.1299700000000002e-03
3.7353395197598798e+00	6.1366900000000002e-03
3.7353415707853923e+00	6.1434000000000002e-03
3.7353436218109053e+00	6.1501100000000003e-03
3.7353456728364178e+00	6.1568100000000004e-03
3.7353477238619308e+00	6.1635099999999996e-03
3.7353497748874434e+00	6.1701999999999998e-03
3.7353518259129563e+00	6.1768800000000000e-03
3.7353538769384689e+00	6.1835600000000003e-03
3.7353559279639819e+00	6.1902299999999997e-03
3.7353579789894944e+00	6.1968900000000000e-03
3.7353600300150074e+00	6.2035500000000004e-03
3.7353620810405199e+00	6.2101999999999999e-03
3.7353641320660329e+00	6.2168500000000003e-03
3.7353661830915454e+00	6.2234800000000000e-03
3.7353682341170584e+00	6.2301099999999996e-03
3.7353702851425710e+00	6.2367400000000002e-03
3.7353723361680840e+00	6.2433599999999999e-03
3.7353743871935965e+00	6.2499699999999997e-03
3.7353764382191095e+00	6.2565800000000003e-03
3.7353784892446220e+00	6.2631800000000001e-03
3.7353805402701350e+00	6.2697700000000000e-03
3.7353825912956475e+00	6.2763599999999999e-03
3.7353846423211605e+00	6.2829399999999999e-03
3.7353866933466731e+00	6.2895199999999998e-03
3.7353887443721860e+00	6.2960899999999998e-03
3.7353907953976986e+00	6.3026499999999999e-03
3.7353928464232116e+00	6.3092100000000000e-03
3.7353948974487241e+00	6.3157600000000001e-03
3.7353969484742371e+00	6.3223000000000003e-03
3.7353989994997496e+00	6.3288399999999996e-03
3.7354010505252626e+00	6.3353699999999999e-03
3.7354031015507752e+00	6.3419000000000001e-03
3.7354051525762881e+00	6.3484099999999996e-03
3.7354072036018007e+00	6.3549300000000000e-03
3.7354092546273137e+00	6.3614400000000003e-03
3.7354113056528262e+00	6.3679399999999999e-03
3.7354133566783392e+00	6.3744300000000004e-03
3.7354154077038517e+00	6.3809200000000000e-03
3.7354174587293647e+00	6.3873999999999997e-03
3.7354195097548772e+00	6.3938800000000002e-03
3.7354215607803902e+00	6.4003500000000000e-03
3.7354236118059028e+00	6.4068199999999997e-03
3.7354256628314157e+00	6.4132800000000004e-03
3.7354277138569283e+00	6.4197300000000002e-03
3.7354297648824408e+00	6.4261800000000001e-03
3.7354318159079538e+00	6.4326200000000000e-03
3.7354338669334664e+00	6.4390500000000000e-03
3.7354359179589793e+00	6.4454800000000000e-03
3.7354379689844919e+00	6.4519000000000000e-03
3.7354400200100049e+00	6.4583200000000000e-03
3.7354420710355174e+00	6.4647300000000001e-03
3.7354441220610304e+00	6.4711400000000002e-03
3.7354461730865429e+00	6.4775400000000004e-03
3.7354482241120559e+00	6.4839299999999997e-03
3.7354502751375684e+00	6.4903199999999999e-03
3.7354523261630814e+00	6.4967000000000002e-03
3.7354543771885940e+00	6.5030799999999996e-03
3.7354564282141069e+00	6.5094500000000000e-03
3.7354584792396195e+00	6.5158100000000004e-03
3.7354605302651325e+00	6.5221699999999999e-03
3.7354625812906450e+00	6.5285200000000003e-03
3.7354646323161580e+00	6.5348699999999999e-03
3.7354666833416705e+00	6.5412100000000004e-03
3.7354687343671835e+00	6.5475400000000001e-03
3.7354707853926961e+00	6.5538699999999998e-03
3.7354728364182090e+00	6.5602000000000004e-03
3.7354748874437216e+00	6.5665200000000002e-03
3.7354769384692346e+00	6.5728300000000000e-03
3.7354789894947471e+00	6.5791399999999998e-03
3.7354810405202601e+00	6.5854399999999997e-03
3.7354830915457726e+00	6.5917299999999996e-03
3.7354851425712856e+00	6.5980199999999996e-03
3.7354871935967981e+00	6.6042999999999996e-03
3.7354892446223111e+00	6.6105799999999996e-03
3.7354912956478237e+00	6.6168599999999996e-03
3.7354933466733367e+00	6.6231199999999997e-03
3.7354953976988492e+00	6.6293799999999998e-03
3.7354974487243622e+00	6.6356399999999999e-03
3.7354994997498747e+00	6.6418900000000001e-03
3.7355015507753877e+00	6.6481300000000004e-03
3.7355036018009002e+00	6.6543699999999997e-03
3.7355056528264132e+00	6.6606100000000000e-03
3.7355077038519258e+00	6.6668300000000003e-03
3.7355097548774387e+00	6.6730599999999998e-03
3.7355118059029513e+00	6.6792700000000002e-03
3.7355138569284638e+00	6.6854799999999997e-03
3.7355159079539768e+00	6.6916900000000001e-03
3.7355179589794894e+00	6.6978899999999997e-03
3.7355200100050023e+00	6.7040800000000003e-03
3.7355220610305149e+00	6.7102700000000000e-03
3.7355241120560279e+00	6.7164599999999996e-03
3.7355261630815404e+00	6.7226300000000003e-03
3.7355282141070534e+00	6.7288100000000000e-03
3.7355302651325659e+00	6.7349699999999998e-03
3.7355323161580789e+00	6.7411399999999996e-03
3.7355343671835914e+00	6.7472900000000004e-03
3.7355364182091044e+00	6.7534400000000003e-03
3.7355384692346170e+00	6.7595900000000002e-03
3.7355405202601299e+00	6.7657300000000002e-03
3.7355425712856425e+00	6.7718600000000002e-03
3.7355446223111555e+00	6.7779900000000002e-03
3.7355466733366680e+00	6.7841200000000003e-03
3.7355487243621810e+00	6.7902400000000003e-03
3.7355507753876935e+00	6.7963499999999996e-03
3.7355528264132065e+00	6.8024599999999998e-03
3.7355548774387191e+00	6.8085600000000000e-03
3.7355569284642320e+00	6.8146600000000002e-03
3.7355589794897446e+00	6.8207500000000004e-03
3.7355610305152576e+00	6.8268399999999998e-03
3.7355630815407701e+00	6.8329200000000001e-03
3.7355651325662831e+00	6.8389899999999997e-03
3.7355671835917956e+00	6.8450600000000000e-03
3.7355692346173086e+00	6.8511300000000004e-03
3.7355712856428211e+00	6.8571900000000000e-03
3.7355733366683341e+00	6.8632500000000004e-03
3.7355753876938467e+00	6.8693000000000001e-03
3.7355774387193597e+00	6.8753399999999998e-03
3.7355794897448722e+00	6.8813800000000003e-03
3.7355815407703852e+00	6.8874100000000001e-03
3.7355835917958977e+00	6.8934399999999998e-03
3.7355856428214107e+00	6.8994700000000004e-03
3.7355876938469232e+00	6.9054900000000002e-03
3.7355897448724362e+00	6.9115000000000001e-03
3.7355917958979488e+00	6.9175100000000000e-03
3.7355938469234617e+00	6.9235099999999999e-03
3.7355958979489743e+00	6.9295099999999998e-03
3.7355979489744873e+00	6.9354999999999998e-03
3.7355999999999998e+00	6.9414899999999998e-03
