3.7315000000000000e+00	1.9100200000000001e-02
3.7315020510255126e+00	1.9121500000000000e-02
3.7315041020510256e+00	1.9142800000000001e-02
3.7315061530765381e+00	1.9164199999999999e-02
3.7315082041020511e+00	1.9185700000000000e-02
3.7315102551275636e+00	1.9207200000000001e-02
3.7315123061530766e+00	1.9228800000000001e-02
3.7315143571785891e+00	1.9250600000000000e-02
3.7315164082041021e+00	1.9272399999999999e-02
3.7315184592296147e+00	1.9294200000000001e-02
3.7315205102551277e+00	1.9316199999999999e-02
3.7315225612806402e+00	1.9338200000000000e-02
3.7315246123061532e+00	1.9360400000000000e-02
3.7315266633316657e+00	1.9382600000000000e-02
3.7315287143571787e+00	1.9404899999999999e-02
3.7315307653826912e+00	1.9427300000000002e-02
3.7315328164082042e+00	1.9449700000000000e-02
3.7315348674337168e+00	1.9472300000000001e-02
3.7315369184592297e+00	1.9494899999999999e-02
3.7315389694847423e+00	1.9517699999999999e-02
3.7315410205102553e+00	1.9540499999999999e-02
3.7315430715357678e+00	1.9563400000000002e-02
3.7315451225612808e+00	1.9586400000000000e-02
3.7315471735867933e+00	1.9609499999999998e-02
3.7315492246123063e+00	1.9632699999999999e-02
3.7315512756378189e+00	1.9656000000000000e-02
3.7315533266633318e+00	1.9679400000000000e-02
3.7315553776888444e+00	1.9702799999999999e-02
3.7315574287143574e+00	1.9726400000000002e-02
3.7315594797398699e+00	1.9750000000000000e-02
3.7315615307653829e+00	1.9773800000000001e-02
3.7315635817908954e+00	1.9797599999999999e-02
3.7315656328164084e+00	1.9821600000000002e-02
3.7315676838419209e+00	1.9845600000000001e-02
3.7315697348674339e+00	1.9869800000000000e-02
3.7315717858929465e+00	1.9893999999999998e-02
3.7315738369184595e+00	1.9918399999999999e-02
3.7315758879439720e+00	1.9942800000000000e-02
3.7315779389694850e+00	1.9967400000000000e-02
3.7315799899949975e+00	1.9991999999999999e-02
3.7315820410205105e+00	2.0016800000000001e-02
3.7315840920460230e+00	2.0041600000000000e-02
3.7315861430715360e+00	2.0066600000000000e-02
3.7315881940970486e+00	2.0091700000000001e-02
3.7315902451225611e+00	2.0116900000000000e-02
3.7315922961480741e+00	2.0142100000000000e-02
3.7315943471735866e+00	2.0167500000000001e-02
3.7315963981990996e+00	2.0193099999999999e-02
3.7315984492246121e+00	2.0218699999999999e-02
3.7316005002501251e+00	2.0244399999999999e-02
3.7316025512756377e+00	2.0270300000000002e-02
3.7316046023011507e+00	2.0296200000000000e-02
3.7316066533266632e+00	2.0322300000000001e-02
3.7316087043521762e+00	2.0348499999999999e-02
3.7316107553776887e+00	2.0374799999999998e-02
3.7316128064032017e+00	2.0401200000000001e-02
3.7316148574287142e+00	2.0427799999999999e-02
3.7316169084542272e+00	2.0454500000000000e-02
3.7316189594797398e+00	2.0481300000000001e-02
3.7316210105052527e+00	2.0508200000000001e-02
3.7316230615307653e+00	2.0535200000000000e-02
3.7316251125562783e+00	2.0562400000000002e-02
3.7316271635817908e+00	2.0589699999999999e-02
3.7316292146073038e+00	2.0617099999999999e-02
3.7316312656328163e+00	2.0644599999999999e-02
3.7316333166583293e+00	2.0672300000000001e-02
3.7316353676838419e+00	2.0700099999999999e-02
3.7316374187093548e+00	2.0728099999999999e-02
3.7316394697348674e+00	2.0756100000000000e-02
3.7316415207603804e+00	2.0784299999999999e-02
3.7316435717858929e+00	2.0812700000000000e-02
3.7316456228114059e+00	2.0841100000000001e-02
3.7316476738369184e+00	2.0869800000000001e-02
3.7316497248624314e+00	2.0898500000000000e-02
3.7316517758879439e+00	2.0927399999999999e-02
3.7316538269134569e+00	2.0956499999999999e-02
3.7316558779389695e+00	2.0985600000000000e-02
3.7316579289644825e+00	2.1014999999999999e-02
3.7316599799899950e+00	2.1044400000000001e-02
3.7316620310155080e+00	2.1074099999999998e-02
3.7316640820410205e+00	2.1103799999999999e-02
3.7316661330665335e+00	2.1133699999999998e-02
3.7316681840920460e+00	2.1163800000000000e-02
3.7316702351175590e+00	2.1194000000000001e-02
3.7316722861430716e+00	2.1224400000000001e-02
3.7316743371685845e+00	2.1255000000000000e-02
3.7316763881940971e+00	2.1285700000000001e-02
3.7316784392196096e+00	2.1316499999999999e-02
3.7316804902451226e+00	2.1347499999999998e-02
3.7316825412706351e+00	2.1378700000000000e-02
3.7316845922961481e+00	2.1410100000000001e-02
3.7316866433216607e+00	2.1441600000000002e-02
3.7316886943471737e+00	2.1473300000000001e-02
3.7316907453726862e+00	2.1505099999999999e-02
3.7316927963981992e+00	2.1537100000000000e-02
3.7316948474237117e+00	2.1569300000000000e-02
3.7316968984492247e+00	2.1601700000000001e-02
3.7316989494747372e+00	2.1634199999999999e-02
3.7317010005002502e+00	2.1666999999999999e-02
3.7317030515257628e+00	2.1699900000000001e-02
3.7317051025512757e+00	2.1732999999999999e-02
3.7317071535767883e+00	2.1766199999999999e-02
3.7317092046023013e+00	2.1799700000000002e-02
3.7317112556278138e+00	2.1833300000000000e-02
3.7317133066533268e+00	2.1867200000000000e-02
3.7317153576788393e+00	2.1901199999999999e-02
3.7317174087043523e+00	2.1935400000000001e-02
3.7317194597298649e+00	2.1969900000000001e-02
3.7317215107553778e+00	2.2004500000000000e-02
3.7317235617808904e+00	2.2039300000000001e-02
3.7317256128064034e+00	2.2074400000000001e-02
3.7317276638319159e+00	2.2109600000000000e-02
3.7317297148574289e+00	2.2145000000000001e-02
3.7317317658829414e+00	2.2180700000000001e-02
3.7317338169084544e+00	2.2216600000000000e-02
3.7317358679339669e+00	2.2252700000000000e-02
3.7317379189594799e+00	2.2289000000000000e-02
3.7317399699849925e+00	2.2325500000000002e-02
3.7317420210105055e+00	2.2362199999999999e-02
3.7317440720360180e+00	2.2399200000000001e-02
3.7317461230615310e+00	2.2436399999999999e-02
3.7317481740870435e+00	2.2473900000000002e-02
3.7317502251125565e+00	2.2511500000000000e-02
3.7317522761380690e+00	2.2549400000000001e-02
3.7317543271635820e+00	2.2587599999999999e-02
3.7317563781890946e+00	2.2626000000000000e-02
3.7317584292146075e+00	2.2664600000000000e-02
3.7317604802401201e+00	2.2703500000000001e-02
3.7317625312656326e+00	2.2742600000000002e-02
3.7317645822911456e+00	2.2782000000000000e-02
3.7317666333166581e+00	2.2821700000000000e-02
3.7317686843421711e+00	2.2861599999999999e-02
3.7317707353676837e+00	2.2901800000000000e-02
3.7317727863931967e+00	2.2942199999999999e-02
3.7317748374187092e+00	2.2982900000000001e-02
3.7317768884442222e+00	2.3023900000000000e-02
3.7317789394697347e+00	2.3065200000000001e-02
3.7317809904952477e+00	2.3106800000000000e-02
3.7317830415207602e+00	2.3148599999999998e-02
3.7317850925462732e+00	2.3190700000000002e-02
3.7317871435717858e+00	2.3233100000000000e-02
3.7317891945972987e+00	2.3275899999999999e-02
3.7317912456228113e+00	2.3318900000000000e-02
3.7317932966483243e+00	2.3362200000000000e-02
3.7317953476738368e+00	2.3405900000000000e-02
3.7317973986993498e+00	2.3449800000000000e-02
3.7317994497248623e+00	2.3494100000000000e-02
3.7318015007503753e+00	2.3538699999999999e-02
3.7318035517758879e+00	2.3583600000000000e-02
3.7318056028014008e+00	2.3628799999999998e-02
3.7318076538269134e+00	2.3674400000000002e-02
3.7318097048524264e+00	2.3720300000000000e-02
3.7318117558779389e+00	2.3766599999999999e-02
3.7318138069034519e+00	2.3813200000000000e-02
3.7318158579289644e+00	2.3860200000000002e-02
3.7318179089544774e+00	2.3907500000000002e-02
3.7318199599799899e+00	2.3955199999999999e-02
3.7318220110055029e+00	2.4003300000000002e-02
3.7318240620310155e+00	2.4051699999999999e-02
3.7318261130565284e+00	2.4100600000000000e-02
3.7318281640820410e+00	2.4149799999999999e-02
3.7318302151075540e+00	2.4199399999999999e-02
3.7318322661330665e+00	2.4249400000000001e-02
3.7318343171585795e+00	2.4299800000000000e-02
3.7318363681840920e+00	2.4350699999999999e-02
3.7318384192096050e+00	2.4401900000000001e-02
3.7318404702351176e+00	2.4453599999999999e-02
3.7318425212606305e+00	2.4505699999999998e-02
3.7318445722861431e+00	2.4558199999999999e-02
3.7318466233116561e+00	2.4611200000000000e-02
3.7318486743371686e+00	2.4664599999999998e-02
3.7318507253626811e+00	2.4718500000000001e-02
3.7318527763881941e+00	2.4772900000000000e-02
3.7318548274137067e+00	2.4827700000000001e-02
3.7318568784392196e+00	2.4882999999999999e-02
3.7318589294647322e+00	2.4938800000000001e-02
3.7318609804902452e+00	2.4995099999999999e-02
3.7318630315157577e+00	2.5051899999999998e-02
3.7318650825412707e+00	2.5109200000000002e-02
3.7318671335667832e+00	2.5166999999999998e-02
3.7318691845922962e+00	2.5225399999999999e-02
3.7318712356178088e+00	2.5284299999999999e-02
3.7318732866433217e+00	2.5343800000000000e-02
3.7318753376688343e+00	2.5403800000000001e-02
3.7318773886943473e+00	2.5464400000000002e-02
3.7318794397198598e+00	2.5525500000000000e-02
3.7318814907453728e+00	2.5587300000000000e-02
3.7318835417708853e+00	2.5649600000000002e-02
3.7318855927963983e+00	2.5712599999999999e-02
3.7318876438219108e+00	2.5776100000000000e-02
3.7318896948474238e+00	2.5840300000000000e-02
3.7318917458729364e+00	2.5905200000000000e-02
3.7318937968984494e+00	2.5970699999999999e-02
3.7318958479239619e+00	2.6036900000000002e-02
3.7318978989494749e+00	2.6103700000000001e-02
3.7318999499749874e+00	2.6171199999999999e-02
3.7319020010005004e+00	2.6239499999999999e-02
3.7319040520260129e+00	2.6308399999999999e-02
3.7319061030515259e+00	2.6378100000000002e-02
3.7319081540770385e+00	2.6448599999999999e-02
3.7319102051025514e+00	2.6519700000000000e-02
3.7319122561280640e+00	2.6591699999999999e-02
3.7319143071535770e+00	2.6664500000000001e-02
3.7319163581790895e+00	2.6738000000000001e-02
3.7319184092046025e+00	2.6812400000000000e-02
3.7319204602301150e+00	2.6887700000000000e-02
3.7319225112556280e+00	2.6963700000000000e-02
3.7319245622811406e+00	2.7040700000000001e-02
3.7319266133066535e+00	2.7118500000000000e-02
3.7319286643321661e+00	2.7197300000000001e-02
3.7319307153576791e+00	2.7276999999999999e-02
3.7319327663831916e+00	2.7357599999999999e-02
3.7319348174087046e+00	2.7439200000000000e-02
3.7319368684342171e+00	2.7521799999999999e-02
3.7319389194597297e+00	2.7605399999999999e-02
3.7319409704852426e+00	2.7689999999999999e-02
3.7319430215107552e+00	2.7775700000000000e-02
3.7319450725362682e+00	2.7862399999999999e-02
3.7319471235617807e+00	2.7950300000000001e-02
3.7319491745872937e+00	2.8039300000000000e-02
3.7319512256128062e+00	2.8129399999999999e-02
3.7319532766383192e+00	2.8220700000000001e-02
3.7319553276638318e+00	2.8313200000000000e-02
3.7319573786893447e+00	2.8407000000000002e-02
3.7319594297148573e+00	2.8502000000000000e-02
3.7319614807403703e+00	2.8598300000000000e-02
3.7319635317658828e+00	2.8695999999999999e-02
3.7319655827913958e+00	2.8795000000000001e-02
3.7319676338169083e+00	2.8895299999999999e-02
3.7319696848424213e+00	2.8997100000000001e-02
3.7319717358679338e+00	2.9100399999999998e-02
3.7319737868934468e+00	2.9205200000000001e-02
3.7319758379189594e+00	2.9311500000000001e-02
3.7319778889444724e+00	2.9419299999999999e-02
3.7319799399699849e+00	2.9528800000000001e-02
3.7319819909954979e+00	2.9639900000000000e-02
3.7319840420210104e+00	2.9752700000000000e-02
3.7319860930465234e+00	2.9867299999999999e-02
3.7319881440720359e+00	2.9983599999999999e-02
3.7319901950975489e+00	3.0101800000000001e-02
3.7319922461230615e+00	3.0221899999999999e-02
3.7319942971485744e+00	3.0343900000000000e-02
3.7319963481740870e+00	3.0467899999999999e-02
3.7319983991996000e+00	3.0593900000000000e-02
3.7320004502251125e+00	3.0721999999999999e-02
3.7320025012506255e+00	3.0852299999999999e-02
3.7320045522761380e+00	3.0984899999999999e-02
3.7320066033016510e+00	3.1119700000000000e-02
3.7320086543271636e+00	3.1256899999999997e-02
3.7320107053526765e+00	3.1396500000000001e-02
3.7320127563781891e+00	3.1538600000000000e-02
3.7320148074037021e+00	3.1683299999999998e-02
3.7320168584292146e+00	3.1830600000000001e-02
3.7320189094547276e+00	3.1980700000000001e-02
3.7320209604802401e+00	3.2133599999999998e-02
3.7320230115057531e+00	3.2289400000000003e-02
3.7320250625312656e+00	3.2448299999999999e-02
3.7320271135567782e+00	3.2610199999999999e-02
3.7320291645822912e+00	3.2775300000000000e-02
3.7320312156078037e+00	3.2943800000000002e-02
3.7320332666333167e+00	3.3115699999999998e-02
3.7320353176588292e+00	3.3291099999999997e-02
3.7320373686843422e+00	3.3470100000000003e-02
3.7320394197098548e+00	3.3653000000000002e-02
3.7320414707353677e+00	3.3839800000000003e-02
3.7320435217608803e+00	3.4030600000000001e-02
3.7320455727863933e+00	3.4225699999999998e-02
3.7320476238119058e+00	3.4425100000000000e-02
3.7320496748374188e+00	3.4629000000000000e-02
3.7320517258629313e+00	3.4837600000000003e-02
3.7320537768884443e+00	3.5051100000000002e-02
3.7320558279139568e+00	3.5269599999999998e-02
3.7320578789394698e+00	3.5493400000000001e-02
3.7320599299649824e+00	3.5722700000000003e-02
3.7320619809904954e+00	3.5957599999999999e-02
3.7320640320160079e+00	3.6198399999999999e-02
3.7320660830415209e+00	3.6445300000000000e-02
3.7320681340670334e+00	3.6698700000000001e-02
3.7320701850925464e+00	3.6958699999999997e-02
3.7320722361180589e+00	3.7225599999999998e-02
3.7320742871435719e+00	3.7499800000000000e-02
3.7320763381690845e+00	3.7781599999999999e-02
3.7320783891945974e+00	3.8071300000000002e-02
3.7320804402201100e+00	3.8369199999999999e-02
3.7320824912456230e+00	3.8675800000000003e-02
3.7320845422711355e+00	3.8991499999999998e-02
3.7320865932966485e+00	3.9316600000000000e-02
3.7320886443221610e+00	3.9651600000000002e-02
3.7320906953476740e+00	3.9996999999999998e-02
3.7320927463731866e+00	4.0353399999999998e-02
3.7320947973986995e+00	4.0721199999999999e-02
3.7320968484242121e+00	4.1101100000000002e-02
3.7320988994497251e+00	4.1493700000000001e-02
3.7321009504752376e+00	4.1899699999999998e-02
3.7321030015007506e+00	4.2319700000000002e-02
3.7321050525262631e+00	4.2754599999999997e-02
3.7321071035517761e+00	4.3205199999999999e-02
3.7321091545772886e+00	4.3672400000000000e-02
3.7321112056028012e+00	4.4157099999999998e-02
3.7321132566283142e+00	4.4660400000000003e-02
3.7321153076538267e+00	4.5183399999999999e-02
3.7321173586793397e+00	4.5727299999999999e-02
3.7321194097048522e+00	4.6293399999999998e-02
3.7321214607303652e+00	4.6883099999999997e-02
3.7321235117558778e+00	4.7497900000000003e-02
3.7321255627813907e+00	4.8139599999999998e-02
3.7321276138069033e+00	4.8809999999999999e-02
3.7321296648324163e+00	4.9510899999999997e-02
3.7321317158579288e+00	5.0244700000000003e-02
3.7321337668834418e+00	5.1013700000000002e-02
3.7321358179089543e+00	5.1820499999999999e-02
3.7321378689344673e+00	5.2668000000000000e-02
3.7321399199599798e+00	5.3559299999999997e-02
3.7321419709854928e+00	5.4497900000000002e-02
3.7321440220110054e+00	5.5487700000000001e-02
3.7321460730365184e+00	5.6533000000000000e-02
3.7321481240620309e+00	5.7638500000000002e-02
3.7321501750875439e+00	5.8809599999999997e-02
3.7321522261130564e+00	6.0052200000000000e-02
3.7321542771385694e+00	6.1373100000000000e-02
3.7321563281640819e+00	6.2779699999999994e-02
3.7321583791895949e+00	6.4280500000000004e-02
3.7321604302151075e+00	6.5885100000000002e-02
3.7321624812406204e+00	6.7604399999999995e-02
3.7321645322661330e+00	6.9450999999999999e-02
3.7321665832916460e+00	7.1439100000000005e-02
3.7321686343171585e+00	7.3585100000000001e-02
3.7321706853426715e+00	7.5908100000000006e-02
3.7321727363681840e+00	7.8430100000000003e-02
3.7321747873936970e+00	8.1176899999999996e-02
3.7321768384192096e+00	8.4178699999999995e-02
3.7321788894447225e+00	8.7471199999999999e-02
3.7321809404702351e+00	9.1096800000000006e-02
3.7321829914957481e+00	9.5106300000000005e-02
3.7321850425212606e+00	9.9560499999999996e-02
3.7321870935467736e+00	1.0453400000000000e-01
3.7321891445722861e+00	1.1011600000000001e-01
3.7321911955977991e+00	1.1642000000000000e-01
3.7321932466233116e+00	1.2358400000000000e-01
3.7321952976488246e+00	1.3178400000000001e-01
3.7321973486743372e+00	1.4124200000000001e-01
3.7321993996998497e+00	1.5224499999999999e-01
3.7322014507253627e+00	1.6516600000000001e-01
3.7322035017508752e+00	1.8049699999999999e-01
3.7322055527763882e+00	1.9889799999999999e-01
3.7322076038019008e+00	2.2126199999999999e-01
3.7322096548274137e+00	2.4881700000000001e-01
3.7322117058529263e+00	2.8326400000000002e-01
3.7322137568784393e+00	3.2697599999999999e-01
3.7322158079039518e+00	3.8322499999999998e-01
3.7322178589294648e+00	4.5633800000000002e-01
3.7322199099549773e+00	5.5134399999999995e-01
3.7322219609804903e+00	6.7174500000000004e-01
3.7322240120060028e+00	8.1222600000000000e-01
3.7322260630315158e+00	9.4311599999999995e-01
3.7322281140570284e+00	9.9992400000000004e-01
3.7322301650825414e+00	9.2504200000000003e-01
3.7322322161080539e+00	7.4497500000000005e-01
3.7322342671335669e+00	5.4511699999999996e-01
3.7322363181590794e+00	3.8121600000000000e-01
3.7322383691845924e+00	2.6351700000000000e-01
3.7322404202101049e+00	1.8301600000000001e-01
3.7322424712356179e+00	1.2845500000000001e-01
3.7322445222611305e+00	9.1182299999999994e-02
3.7322465732866434e+00	6.5355700000000003e-02
3.7322486243121560e+00	4.7181500000000001e-02
3.7322506753376690e+00	3.4205600000000003e-02
3.7322527263631815e+00	2.4824400000000000e-02
3.7322547773886945e+00	1.7972999999999999e-02
3.7322568284142070e+00	1.2932000000000001e-02
3.7322588794397200e+00	9.2062399999999992e-03
3.7322609304652326e+00	6.4489999999999999e-03
3.7322629814907455e+00	4.4137300000000003e-03
3.7322650325162581e+00	2.9223900000000000e-03
3.7322670835417711e+00	1.8446700000000001e-03
3.7322691345672836e+00	1.0839900000000000e-03
3.7322711855927966e+00	5.6796799999999997e-04
3.7322732366183091e+00	2.4179400000000001e-04
3.7322752876438221e+00	6.3577699999999999e-05
3.7322773386693346e+00	1.0340700000000000e-06
3.7322793896948476e+00	2.9090200000000001e-05
3.7322814407203602e+00	1.2814200000000001e-04
3.7322834917458731e+00	2.8276799999999997e-04
3.7322855427713857e+00	4.8077200000000002e-04
3.7322875937968982e+00	7.1246000000000005e-04
3.7322896448224112e+00	9.7010000000000000e-04
3.7322916958479238e+00	1.2474999999999999e-03
3.7322937468734367e+00	1.5396800000000001e-03
3.7322957978989493e+00	1.8426499999999999e-03
3.7322978489244623e+00	2.1531699999999998e-03
3.7322998999499748e+00	2.4686500000000002e-03
3.7323019509754878e+00	2.7869800000000001e-03
3.7323040020010003e+00	3.1064800000000000e-03
3.7323060530265133e+00	3.4257699999999999e-03
3.7323081040520258e+00	3.7437700000000000e-03
3.7323101550775388e+00	4.0596000000000000e-03
3.7323122061030514e+00	4.3725600000000002e-03
3.7323142571285643e+00	4.6821199999999997e-03
3.7323163081540769e+00	4.9878400000000003e-03
3.7323183591795899e+00	5.2893999999999997e-03
3.7323204102051024e+00	5.5865500000000000e-03
3.7323224612306154e+00	5.8791199999999998e-03
3.7323245122561279e+00	6.1669799999999999e-03
3.7323265632816409e+00	6.4500599999999996e-03
3.7323286143071535e+00	6.7283200000000003e-03
3.7323306653326664e+00	7.0017500000000002e-03
3.7323327163581790e+00	7.2703600000000000e-03
3.7323347673836920e+00	7.5341999999999996e-03
3.7323368184092045e+00	7.7933000000000004e-03
3.7323388694347175e+00	8.0477499999999993e-03
3.7323409204602300e+00	8.2976100000000004e-03
3.7323429714857430e+00	8.5429700000000004e-03
3.7323450225112556e+00	8.7839100000000007e-03
3.7323470735367685e+00	9.0205400000000005e-03
3.7323491245622811e+00	9.2529499999999994e-03
3.7323511755877941e+00	9.4812300000000002e-03
3.7323532266133066e+00	9.7055000000000006e-03
3.7323552776388196e+00	9.9258500000000000e-03
3.7323573286643321e+00	1.0142399999999999e-02
3.7323593796898451e+00	1.0355200000000000e-02
3.7323614307153576e+00	1.0564400000000000e-02
3.7323634817408706e+00	1.0770099999999999e-02
3.7323655327663832e+00	1.0972400000000000e-02
3.7323675837918961e+00	1.1171400000000000e-02
3.7323696348174087e+00	1.1367100000000000e-02
3.7323716858429217e+00	1.1559699999999999e-02
3.7323737368684342e+00	1.1749300000000001e-02
3.7323757878939468e+00	1.1935899999999999e-02
3.7323778389194597e+00	1.2119599999999999e-02
3.7323798899449723e+00	1.2300600000000000e-02
3.7323819409704853e+00	1.2478800000000000e-02
3.7323839919959978e+00	1.2654400000000000e-02
3.7323860430215108e+00	1.2827500000000000e-02
3.7323880940470233e+00	1.2998100000000000e-02
3.7323901450725363e+00	1.3166300000000001e-02
3.7323921960980488e+00	1.3332200000000001e-02
3.7323942471235618e+00	1.3495800000000001e-02
3.7323962981490744e+00	1.3657200000000000e-02
3.7323983491745873e+00	1.3816500000000001e-02
3.7324004002000999e+00	1.3973700000000000e-02
3.7324024512256129e+00	1.4128999999999999e-02
3.7324045022511254e+00	1.4282200000000000e-02
3.7324065532766384e+00	1.4433600000000000e-02
3.7324086043021509e+00	1.4583100000000000e-02
3.7324106553276639e+00	1.4730900000000000e-02
3.7324127063531765e+00	1.4876900000000000e-02
3.7324147573786894e+00	1.5021300000000000e-02
3.7324168084042020e+00	1.5164000000000000e-02
3.7324188594297150e+00	1.5305100000000000e-02
3.7324209104552275e+00	1.5444700000000000e-02
3.7324229614807405e+00	1.5582800000000001e-02
3.7324250125062530e+00	1.5719500000000001e-02
3.7324270635317660e+00	1.5854699999999999e-02
3.7324291145572785e+00	1.5988599999999999e-02
3.7324311655827915e+00	1.6121199999999999e-02
3.7324332166083041e+00	1.6252500000000000e-02
3.7324352676338171e+00	1.6382500000000001e-02
3.7324373186593296e+00	1.6511300000000000e-02
3.7324393696848426e+00	1.6638900000000002e-02
3.7324414207103551e+00	1.6765400000000000e-02
3.7324434717358681e+00	1.6890700000000002e-02
3.7324455227613806e+00	1.7014999999999999e-02
3.7324475737868936e+00	1.7138299999999999e-02
3.7324496248124062e+00	1.7260500000000002e-02
3.7324516758379191e+00	1.7381700000000000e-02
3.7324537268634317e+00	1.7502000000000000e-02
3.7324557778889447e+00	1.7621299999999999e-02
3.7324578289144572e+00	1.7739800000000000e-02
3.7324598799399697e+00	1.7857399999999999e-02
3.7324619309654827e+00	1.7974100000000000e-02
3.7324639819909953e+00	1.8089999999999998e-02
3.7324660330165083e+00	1.8204999999999999e-02
3.7324680840420208e+00	1.8319300000000000e-02
3.7324701350675338e+00	1.8432899999999999e-02
3.7324721860930463e+00	1.8545699999999998e-02
3.7324742371185593e+00	1.8657799999999999e-02
3.7324762881440718e+00	1.8769299999999999e-02
3.7324783391695848e+00	1.8880000000000001e-02
3.7324803901950974e+00	1.8990099999999999e-02
3.7324824412206103e+00	1.9099600000000001e-02
3.7324844922461229e+00	1.9208500000000000e-02
3.7324865432716359e+00	1.9316799999999999e-02
3.7324885942971484e+00	1.9424600000000000e-02
3.7324906453226614e+00	1.9531699999999999e-02
3.7324926963481739e+00	1.9638400000000000e-02
3.7324947473736869e+00	1.9744500000000002e-02
3.7324967983991995e+00	1.9850199999999998e-02
3.7324988494247124e+00	1.9955299999999999e-02
3.7325009004502250e+00	2.0060000000000001e-02
3.7325029514757380e+00	2.0164200000000000e-02
3.7325050025012505e+00	2.0268000000000001e-02
3.7325070535267635e+00	2.0371400000000001e-02
3.7325091045522760e+00	2.0474400000000000e-02
3.7325111555777890e+00	2.0577000000000002e-02
3.7325132066033015e+00	2.0679300000000001e-02
3.7325152576288145e+00	2.0781100000000000e-02
3.7325173086543271e+00	2.0882600000000001e-02
3.7325193596798401e+00	2.0983800000000000e-02
3.7325214107053526e+00	2.1084700000000001e-02
3.7325234617308656e+00	2.1185300000000001e-02
3.7325255127563781e+00	2.1285499999999999e-02
3.7325275637818911e+00	2.1385500000000002e-02
3.7325296148074036e+00	2.1485199999999999e-02
3.7325316658329166e+00	2.1584699999999998e-02
3.7325337168584292e+00	2.1683899999999999e-02
3.7325357678839421e+00	2.1782900000000001e-02
3.7325378189094547e+00	2.1881600000000001e-02
3.7325398699349677e+00	2.1980199999999998e-02
3.7325419209604802e+00	2.2078500000000001e-02
3.7325439719859932e+00	2.2176700000000001e-02
3.7325460230115057e+00	2.2274700000000001e-02
3.7325480740370183e+00	2.2372500000000000e-02
3.7325501250625313e+00	2.2470100000000000e-02
3.7325521760880438e+00	2.2567700000000000e-02
3.7325542271135568e+00	2.2665000000000001e-02
3.7325562781390693e+00	2.2762299999999999e-02
3.7325583291645823e+00	2.2859399999999998e-02
3.7325603801900948e+00	2.2956399999999998e-02
3.7325624312156078e+00	2.3053299999999999e-02
3.7325644822411204e+00	2.3150199999999999e-02
3.7325665332666333e+00	2.3246900000000001e-02
3.7325685842921459e+00	2.3343599999999999e-02
3.7325706353176589e+00	2.3440200000000001e-02
3.7325726863431714e+00	2.3536800000000000e-02
3.7325747373686844e+00	2.3633299999999999e-02
3.7325767883941969e+00	2.3729799999999999e-02
3.7325788394197099e+00	2.3826199999999999e-02
3.7325808904452225e+00	2.3922700000000002e-02
3.7325829414707354e+00	2.4019100000000002e-02
3.7325849924962480e+00	2.4115500000000002e-02
3.7325870435217610e+00	2.4212000000000001e-02
3.7325890945472735e+00	2.4308400000000001e-02
3.7325911455727865e+00	2.4404900000000000e-02
3.7325931965982990e+00	2.4501400000000000e-02
3.7325952476238120e+00	2.4597899999999999e-02
3.7325972986493245e+00	2.4694500000000001e-02
3.7325993496748375e+00	2.4791100000000000e-02
3.7326014007003501e+00	2.4887800000000002e-02
3.7326034517258631e+00	2.4984599999999999e-02
3.7326055027513756e+00	2.5081400000000000e-02
3.7326075537768886e+00	2.5178400000000000e-02
3.7326096048024011e+00	2.5275400000000000e-02
3.7326116558279141e+00	2.5372499999999999e-02
3.7326137068534266e+00	2.5469700000000001e-02
3.7326157578789396e+00	2.5567099999999999e-02
3.7326178089044522e+00	2.5664500000000000e-02
3.7326198599299651e+00	2.5762100000000000e-02
3.7326219109554777e+00	2.5859900000000002e-02
3.7326239619809907e+00	2.5957700000000000e-02
3.7326260130065032e+00	2.6055700000000001e-02
3.7326280640320162e+00	2.6153900000000001e-02
3.7326301150575287e+00	2.6252200000000000e-02
3.7326321660830417e+00	2.6350700000000001e-02
3.7326342171085543e+00	2.6449400000000001e-02
3.7326362681340668e+00	2.6548300000000000e-02
3.7326383191595798e+00	2.6647299999999999e-02
3.7326403701850923e+00	2.6746599999999999e-02
3.7326424212106053e+00	2.6846100000000001e-02
3.7326444722361178e+00	2.6945700000000000e-02
3.7326465232616308e+00	2.7045600000000000e-02
3.7326485742871434e+00	2.7145800000000001e-02
3.7326506253126563e+00	2.7246099999999999e-02
3.7326526763381689e+00	2.7346700000000002e-02
3.7326547273636819e+00	2.7447500000000000e-02
3.7326567783891944e+00	2.7548599999999999e-02
3.7326588294147074e+00	2.7650000000000001e-02
3.7326608804402199e+00	2.7751600000000001e-02
3.7326629314657329e+00	2.7853500000000000e-02
3.7326649824912455e+00	2.7955600000000001e-02
3.7326670335167584e+00	2.8058099999999999e-02
3.7326690845422710e+00	2.8160899999999999e-02
3.7326711355677840e+00	2.8263900000000002e-02
3.7326731865932965e+00	2.8367300000000002e-02
3.7326752376188095e+00	2.8470900000000000e-02
3.7326772886443220e+00	2.8574900000000000e-02
3.7326793396698350e+00	2.8679300000000001e-02
3.7326813906953475e+00	2.8783900000000001e-02
3.7326834417208605e+00	2.8888899999999999e-02
3.7326854927463731e+00	2.8994300000000001e-02
3.7326875437718861e+00	2.9100000000000001e-02
3.7326895947973986e+00	2.9205999999999999e-02
3.7326916458229116e+00	2.9312499999999998e-02
3.7326936968484241e+00	2.9419299999999999e-02
3.7326957478739371e+00	2.9526500000000001e-02
3.7326977988994496e+00	2.9634100000000000e-02
3.7326998499249626e+00	2.9742100000000000e-02
3.7327019009504752e+00	2.9850499999999999e-02
3.7327039519759881e+00	2.9959300000000001e-02
3.7327060030015007e+00	3.0068500000000001e-02
3.7327080540270137e+00	3.0178099999999999e-02
3.7327101050525262e+00	3.0288200000000001e-02
3.7327121560780392e+00	3.0398700000000001e-02
3.7327142071035517e+00	3.0509700000000001e-02
3.7327162581290647e+00	3.0621099999999998e-02
3.7327183091545773e+00	3.0733000000000000e-02
3.7327203601800902e+00	3.0845399999999999e-02
3.7327224112056028e+00	3.0958200000000002e-02
3.7327244622311153e+00	3.1071499999999998e-02
3.7327265132566283e+00	3.1185399999999999e-02
3.7327285642821408e+00	3.1299700000000000e-02
3.7327306153076538e+00	3.1414499999999998e-02
3.7327326663331664e+00	3.1529799999999997e-02
3.7327347173586793e+00	3.1645699999999999e-02
3.7327367683841919e+00	3.1762100000000001e-02
3.7327388194097049e+00	3.1879100000000000e-02
3.7327408704352174e+00	3.1996499999999997e-02
3.7327429214607304e+00	3.2114600000000000e-02
3.7327449724862429e+00	3.2233199999999997e-02
3.7327470235117559e+00	3.2352400000000003e-02
3.7327490745372685e+00	3.2472099999999997e-02
3.7327511255627814e+00	3.2592500000000003e-02
3.7327531765882940e+00	3.2713399999999997e-02
3.7327552276138070e+00	3.2835000000000003e-02
3.7327572786393195e+00	3.2957100000000003e-02
3.7327593296648325e+00	3.3079900000000002e-02
3.7327613806903450e+00	3.3203299999999998e-02
3.7327634317158580e+00	3.3327400000000000e-02
3.7327654827413705e+00	3.3452099999999999e-02
3.7327675337668835e+00	3.3577400000000000e-02
3.7327695847923961e+00	3.3703499999999997e-02
3.7327716358179091e+00	3.3830199999999998e-02
3.7327736868434216e+00	3.3957599999999998e-02
3.7327757378689346e+00	3.4085600000000001e-02
3.7327777888944471e+00	3.4214399999999999e-02
3.7327798399199601e+00	3.4343899999999997e-02
3.7327818909454726e+00	3.4474100000000001e-02
3.7327839419709856e+00	3.4605100000000000e-02
3.7327859929964982e+00	3.4736799999999998e-02
3.7327880440220111e+00	3.4869200000000003e-02
3.7327900950475237e+00	3.5002400000000003e-02
3.7327921460730367e+00	3.5136399999999998e-02
3.7327941970985492e+00	3.5271200000000003e-02
3.7327962481240622e+00	3.5406699999999999e-02
3.7327982991495747e+00	3.5543100000000001e-02
3.7328003501750877e+00	3.5680299999999998e-02
3.7328024012006003e+00	3.5818200000000001e-02
3.7328044522261132e+00	3.5957099999999999e-02
3.7328065032516258e+00	3.6096700000000002e-02
3.7328085542771383e+00	3.6237300000000000e-02
3.7328106053026513e+00	3.6378700000000000e-02
3.7328126563281638e+00	3.6520900000000002e-02
3.7328147073536768e+00	3.6664099999999998e-02
3.7328167583791894e+00	3.6808199999999999e-02
3.7328188094047023e+00	3.6953100000000003e-02
3.7328208604302149e+00	3.7099100000000003e-02
3.7328229114557279e+00	3.7245899999999998e-02
3.7328249624812404e+00	3.7393700000000002e-02
3.7328270135067534e+00	3.7542399999999997e-02
3.7328290645322659e+00	3.7692200000000002e-02
3.7328311155577789e+00	3.7842899999999999e-02
3.7328331665832915e+00	3.7994600000000003e-02
3.7328352176088044e+00	3.8147300000000002e-02
3.7328372686343170e+00	3.8301099999999998e-02
3.7328393196598300e+00	3.8455900000000001e-02
3.7328413706853425e+00	3.8611699999999999e-02
3.7328434217108555e+00	3.8768600000000000e-02
3.7328454727363680e+00	3.8926599999999999e-02
3.7328475237618810e+00	3.9085700000000001e-02
3.7328495747873935e+00	3.9245900000000000e-02
3.7328516258129065e+00	3.9407200000000003e-02
3.7328536768384191e+00	3.9569600000000003e-02
3.7328557278639320e+00	3.9733200000000003e-02
3.7328577788894446e+00	3.9898000000000003e-02
3.7328598299149576e+00	4.0063900000000000e-02
3.7328618809404701e+00	4.0231099999999999e-02
3.7328639319659831e+00	4.0399400000000002e-02
3.7328659829914956e+00	4.0569000000000001e-02
3.7328680340170086e+00	4.0739800000000000e-02
3.7328700850425212e+00	4.0911900000000001e-02
3.7328721360680341e+00	4.1085299999999998e-02
3.7328741870935467e+00	4.1259900000000002e-02
3.7328762381190597e+00	4.1435899999999998e-02
3.7328782891445722e+00	4.1613200000000003e-02
3.7328803401700852e+00	4.1791900000000000e-02
3.7328823911955977e+00	4.1971899999999999e-02
3.7328844422211107e+00	4.2153299999999998e-02
3.7328864932466232e+00	4.2335999999999999e-02
3.7328885442721362e+00	4.2520200000000001e-02
3.7328905952976488e+00	4.2705899999999998e-02
3.7328926463231618e+00	4.2893000000000001e-02
3.7328946973486743e+00	4.3081599999999998e-02
3.7328967483741868e+00	4.3271600000000000e-02
3.7328987993996998e+00	4.3463200000000000e-02
3.7329008504252124e+00	4.3656300000000002e-02
3.7329029014507253e+00	4.3851000000000001e-02
3.7329049524762379e+00	4.4047299999999998e-02
3.7329070035017509e+00	4.4245100000000002e-02
3.7329090545272634e+00	4.4444600000000001e-02
3.7329111055527764e+00	4.4645700000000003e-02
3.7329131565782889e+00	4.4848499999999999e-02
3.7329152076038019e+00	4.5053000000000003e-02
3.7329172586293144e+00	4.5259199999999999e-02
3.7329193096548274e+00	4.5467100000000003e-02
3.7329213606803400e+00	4.5676700000000001e-02
3.7329234117058530e+00	4.5888199999999997e-02
3.7329254627313655e+00	4.6101499999999997e-02
3.7329275137568785e+00	4.6316599999999999e-02
3.7329295647823910e+00	4.6533499999999998e-02
3.7329316158079040e+00	4.6752299999999997e-02
3.7329336668334165e+00	4.6973099999999997e-02
3.7329357178589295e+00	4.7195700000000000e-02
3.7329377688844421e+00	4.7420400000000001e-02
3.7329398199099550e+00	4.7647000000000002e-02
3.7329418709354676e+00	4.7875700000000000e-02
3.7329439219609806e+00	4.8106299999999998e-02
3.7329459729864931e+00	4.8339100000000003e-02
3.7329480240120061e+00	4.8573999999999999e-02
3.7329500750375186e+00	4.8811000000000000e-02
3.7329521260630316e+00	4.9050200000000002e-02
3.7329541770885442e+00	4.9291599999999998e-02
3.7329562281140571e+00	4.9535200000000001e-02
3.7329582791395697e+00	4.9780999999999999e-02
3.7329603301650827e+00	5.0029200000000003e-02
3.7329623811905952e+00	5.0279699999999997e-02
3.7329644322161082e+00	5.0532500000000001e-02
3.7329664832416207e+00	5.0787699999999998e-02
3.7329685342671337e+00	5.1045399999999998e-02
3.7329705852926462e+00	5.1305600000000000e-02
3.7329726363181592e+00	5.1568200000000002e-02
3.7329746873436718e+00	5.1833400000000002e-02
3.7329767383691848e+00	5.2101099999999997e-02
3.7329787893946973e+00	5.2371500000000001e-02
3.7329808404202103e+00	5.2644600000000000e-02
3.7329828914457228e+00	5.2920300000000003e-02
3.7329849424712354e+00	5.3198700000000002e-02
3.7329869934967483e+00	5.3480000000000000e-02
3.7329890445222609e+00	5.3764100000000002e-02
3.7329910955477739e+00	5.4051000000000002e-02
3.7329931465732864e+00	5.4340800000000002e-02
3.7329951975987994e+00	5.4633599999999997e-02
3.7329972486243119e+00	5.4929400000000003e-02
3.7329992996498249e+00	5.5228199999999998e-02
3.7330013506753374e+00	5.5530099999999999e-02
3.7330034017008504e+00	5.5835200000000001e-02
3.7330054527263630e+00	5.6143400000000003e-02
3.7330075037518760e+00	5.6454900000000002e-02
3.7330095547773885e+00	5.6769699999999999e-02
3.7330116058029015e+00	5.7087800000000001e-02
3.7330136568284140e+00	5.7409300000000003e-02
3.7330157078539270e+00	5.7734199999999999e-02
3.7330177588794395e+00	5.8062700000000002e-02
3.7330198099049525e+00	5.8394700000000001e-02
3.7330218609304651e+00	5.8730299999999999e-02
3.7330239119559780e+00	5.9069600000000000e-02
3.7330259629814906e+00	5.9412699999999999e-02
3.7330280140070036e+00	5.9759500000000000e-02
3.7330300650325161e+00	6.0110200000000003e-02
3.7330321160580291e+00	6.0464799999999999e-02
3.7330341670835416e+00	6.0823500000000003e-02
3.7330362181090546e+00	6.1186100000000000e-02
3.7330382691345672e+00	6.1552900000000001e-02
3.7330403201600801e+00	6.1923899999999997e-02
3.7330423711855927e+00	6.2299100000000003e-02
3.7330444222111057e+00	6.2678700000000004e-02
3.7330464732366182e+00	6.3062699999999999e-02
3.7330485242621312e+00	6.3451099999999996e-02
3.7330505752876437e+00	6.3844100000000001e-02
3.7330526263131567e+00	6.4241800000000002e-02
3.7330546773386692e+00	6.4644199999999999e-02
3.7330567283641822e+00	6.5051300000000006e-02
3.7330587793896948e+00	6.5463400000000005e-02
3.7330608304152078e+00	6.5880400000000006e-02
3.7330628814407203e+00	6.6302500000000000e-02
3.7330649324662333e+00	6.6729700000000003e-02
3.7330669834917458e+00	6.7162100000000002e-02
3.7330690345172588e+00	6.7599900000000004e-02
3.7330710855427713e+00	6.8043099999999995e-02
3.7330731365682839e+00	6.8491899999999994e-02
3.7330751875937969e+00	6.8946199999999999e-02
3.7330772386193094e+00	6.9406300000000004e-02
3.7330792896448224e+00	6.9872199999999995e-02
3.7330813406703349e+00	7.0344000000000004e-02
3.7330833916958479e+00	7.0821800000000004e-02
3.7330854427213604e+00	7.1305900000000005e-02
3.7330874937468734e+00	7.1796200000000004e-02
3.7330895447723860e+00	7.2292800000000004e-02
3.7330915957978990e+00	7.2796000000000000e-02
3.7330936468234115e+00	7.3305800000000004e-02
3.7330956978489245e+00	7.3822399999999996e-02
3.7330977488744370e+00	7.4345800000000004e-02
3.7330997998999500e+00	7.4876300000000007e-02
3.7331018509254625e+00	7.5413900000000006e-02
3.7331039019509755e+00	7.5958800000000007e-02
3.7331059529764881e+00	7.6511099999999999e-02
3.7331080040020010e+00	7.7071000000000001e-02
3.7331100550275136e+00	7.7638600000000002e-02
3.7331121060530266e+00	7.8214000000000006e-02
3.7331141570785391e+00	7.8797500000000006e-02
3.7331162081040521e+00	7.9389199999999993e-02
3.7331182591295646e+00	7.9989299999999999e-02
3.7331203101550776e+00	8.0597799999999997e-02
3.7331223611805902e+00	8.1215099999999998e-02
3.7331244122061031e+00	8.1841200000000003e-02
3.7331264632316157e+00	8.2476300000000002e-02
3.7331285142571287e+00	8.3120700000000006e-02
3.7331305652826412e+00	8.3774600000000005e-02
3.7331326163081542e+00	8.4437999999999999e-02
3.7331346673336667e+00	8.5111199999999998e-02
3.7331367183591797e+00	8.5794499999999996e-02
3.7331387693846922e+00	8.6487999999999995e-02
3.7331408204102052e+00	8.7192000000000006e-02
3.7331428714357178e+00	8.7906600000000001e-02
3.7331449224612308e+00	8.8632100000000005e-02
3.7331469734867433e+00	8.9368799999999998e-02
3.7331490245122563e+00	9.0116900000000000e-02
3.7331510755377688e+00	9.0876499999999999e-02
3.7331531265632818e+00	9.1648099999999996e-02
3.7331551775887943e+00	9.2431799999999995e-02
3.7331572286143073e+00	9.3227900000000002e-02
3.7331592796398199e+00	9.4036599999999998e-02
3.7331613306653324e+00	9.4858399999999995e-02
3.7331633816908454e+00	9.5693399999999998e-02
3.7331654327163579e+00	9.6541900000000000e-02
3.7331674837418709e+00	9.7404400000000002e-02
3.7331695347673834e+00	9.8280999999999993e-02
3.7331715857928964e+00	9.9172099999999999e-02
3.7331736368184090e+00	1.0007800000000000e-01
3.7331756878439220e+00	1.0099900000000001e-01
3.7331777388694345e+00	1.0193600000000000e-01
3.7331797898949475e+00	1.0288799999999999e-01
3.7331818409204600e+00	1.0385700000000000e-01
3.7331838919459730e+00	1.0484300000000001e-01
3.7331859429714855e+00	1.0584499999999999e-01
3.7331879939969985e+00	1.0686600000000000e-01
3.7331900450225111e+00	1.0790400000000000e-01
3.7331920960480240e+00	1.0896000000000000e-01
3.7331941470735366e+00	1.1003499999999999e-01
3.7331961980990496e+00	1.1112900000000001e-01
3.7331982491245621e+00	1.1224400000000000e-01
3.7332003001500751e+00	1.1337800000000001e-01
3.7332023511755876e+00	1.1453300000000000e-01
3.7332044022011006e+00	1.1570900000000001e-01
3.7332064532266132e+00	1.1690700000000000e-01
3.7332085042521261e+00	1.1812800000000000e-01
3.7332105552776387e+00	1.1937100000000000e-01
3.7332126063031517e+00	1.2063800000000000e-01
3.7332146573286642e+00	1.2192900000000000e-01
3.7332167083541772e+00	1.2324499999999999e-01
3.7332187593796897e+00	1.2458600000000000e-01
3.7332208104052027e+00	1.2595300000000001e-01
3.7332228614307152e+00	1.2734699999999999e-01
3.7332249124562282e+00	1.2876799999999999e-01
3.7332269634817408e+00	1.3021800000000000e-01
3.7332290145072538e+00	1.3169700000000001e-01
3.7332310655327663e+00	1.3320499999999999e-01
3.7332331165582793e+00	1.3474400000000000e-01
3.7332351675837918e+00	1.3631499999999999e-01
3.7332372186093048e+00	1.3791800000000001e-01
3.7332392696348173e+00	1.3955400000000001e-01
3.7332413206603303e+00	1.4122399999999999e-01
3.7332433716858429e+00	1.4292900000000000e-01
3.7332454227113554e+00	1.4467099999999999e-01
3.7332474737368684e+00	1.4644900000000000e-01
3.7332495247623809e+00	1.4826600000000001e-01
3.7332515757878939e+00	1.5012300000000001e-01
3.7332536268134064e+00	1.5201899999999999e-01
3.7332556778389194e+00	1.5395800000000001e-01
3.7332577288644320e+00	1.5593899999999999e-01
3.7332597798899450e+00	1.5796499999999999e-01
3.7332618309154575e+00	1.6003600000000001e-01
3.7332638819409705e+00	1.6215399999999999e-01
3.7332659329664830e+00	1.6431999999999999e-01
3.7332679839919960e+00	1.6653599999999999e-01
3.7332700350175085e+00	1.6880300000000001e-01
3.7332720860430215e+00	1.7112300000000000e-01
3.7332741370685341e+00	1.7349800000000001e-01
3.7332761880940470e+00	1.7592900000000000e-01
3.7332782391195596e+00	1.7841799999999999e-01
3.7332802901450726e+00	1.8096699999999999e-01
3.7332823411705851e+00	1.8357799999999999e-01
3.7332843921960981e+00	1.8625200000000000e-01
3.7332864432216106e+00	1.8899199999999999e-01
3.7332884942471236e+00	1.9180000000000000e-01
3.7332905452726362e+00	1.9467799999999999e-01
3.7332925962981491e+00	1.9762800000000000e-01
3.7332946473236617e+00	2.0065400000000000e-01
3.7332966983491747e+00	2.0375599999999999e-01
3.7332987493746872e+00	2.0693800000000001e-01
3.7333008004002002e+00	2.1020300000000000e-01
3.7333028514257127e+00	2.1355299999999999e-01
3.7333049024512257e+00	2.1699099999999999e-01
3.7333069534767382e+00	2.2051999999999999e-01
3.7333090045022512e+00	2.2414300000000001e-01
3.7333110555277638e+00	2.2786400000000001e-01
3.7333131065532768e+00	2.3168600000000000e-01
3.7333151575787893e+00	2.3561099999999999e-01
3.7333172086043023e+00	2.3964500000000000e-01
3.7333192596298148e+00	2.4379000000000001e-01
3.7333213106553278e+00	2.4804999999999999e-01
3.7333233616808403e+00	2.5243100000000002e-01
3.7333254127063533e+00	2.5693400000000000e-01
3.7333274637318659e+00	2.6156600000000002e-01
3.7333295147573788e+00	2.6633000000000001e-01
3.7333315657828914e+00	2.7123199999999997e-01
3.7333336168084039e+00	2.7627499999999999e-01
3.7333356678339169e+00	2.8146599999999999e-01
3.7333377188594294e+00	2.8680899999999998e-01
3.7333397698849424e+00	2.9230899999999999e-01
3.7333418209104550e+00	2.9797299999999999e-01
3.7333438719359680e+00	3.0380600000000002e-01
3.7333459229614805e+00	3.0981300000000001e-01
3.7333479739869935e+00	3.1600200000000001e-01
3.7333500250125060e+00	3.2237800000000000e-01
3.7333520760380190e+00	3.2894800000000002e-01
3.7333541270635315e+00	3.3571800000000002e-01
3.7333561780890445e+00	3.4269600000000000e-01
3.7333582291145571e+00	3.4988900000000001e-01
3.7333602801400700e+00	3.5730299999999998e-01
3.7333623311655826e+00	3.6494599999999999e-01
3.7333643821910956e+00	3.7282599999999999e-01
3.7333664332166081e+00	3.8095099999999998e-01
3.7333684842421211e+00	3.8932699999999998e-01
3.7333705352676336e+00	3.9796399999999998e-01
3.7333725862931466e+00	4.0686800000000001e-01
3.7333746373186592e+00	4.1604799999999997e-01
3.7333766883441721e+00	4.2551200000000000e-01
3.7333787393696847e+00	4.3526700000000002e-01
3.7333807903951977e+00	4.4532100000000002e-01
3.7333828414207102e+00	4.5568100000000000e-01
3.7333848924462232e+00	4.6635599999999999e-01
3.7333869434717357e+00	4.7735000000000000e-01
3.7333889944972487e+00	4.8867100000000002e-01
3.7333910455227612e+00	5.0032500000000002e-01
3.7333930965482742e+00	5.1231599999999999e-01
3.7333951475737868e+00	5.2464900000000003e-01
3.7333971985992997e+00	5.3732599999999997e-01
3.7333992496248123e+00	5.5034899999999998e-01
3.7334013006503253e+00	5.6371899999999997e-01
3.7334033516758378e+00	5.7743500000000003e-01
3.7334054027013508e+00	5.9149399999999996e-01
3.7334074537268633e+00	6.0589000000000004e-01
3.7334095047523763e+00	6.2061500000000003e-01
3.7334115557778889e+00	6.3565899999999997e-01
3.7334136068034018e+00	6.5100899999999995e-01
3.7334156578289144e+00	6.6664699999999999e-01
3.7334177088544274e+00	6.8255200000000005e-01
3.7334197598799399e+00	6.9869899999999996e-01
3.7334218109054524e+00	7.1505900000000000e-01
3.7334238619309654e+00	7.3159600000000002e-01
3.7334259129564780e+00	7.4827200000000005e-01
3.7334279639819909e+00	7.6503900000000002e-01
3.7334300150075035e+00	7.8184600000000004e-01
3.7334320660330165e+00	7.9863600000000001e-01
3.7334341170585290e+00	8.1534399999999996e-01
3.7334361680840420e+00	8.3189900000000006e-01
3.7334382191095545e+00	8.4822299999999995e-01
3.7334402701350675e+00	8.6423399999999995e-01
3.7334423211605801e+00	8.7984099999999998e-01
3.7334443721860930e+00	8.9495000000000002e-01
3.7334464232116056e+00	9.0946000000000005e-01
3.7334484742371186e+00	9.2326799999999998e-01
3.7334505252626311e+00	9.3626799999999999e-01
3.7334525762881441e+00	9.4835100000000006e-01
3.7334546273136566e+00	9.5940999999999999e-01
3.7334566783391696e+00	9.6933800000000003e-01
3.7334587293646821e+00	9.7803399999999996e-01
3.7334607803901951e+00	9.8540000000000005e-01
3.7334628314157077e+00	9.9134800000000001e-01
3.7334648824412207e+00	9.9579700000000004e-01
3.7334669334667332e+00	9.9868000000000001e-01
3.7334689844922462e+00	9.9994300000000003e-01
3.7334710355177587e+00	9.9954399999999999e-01
3.7334730865432717e+00	9.9746000000000001e-01
3.7334751375687842e+00	9.9368299999999998e-01
3.7334771885942972e+00	9.8822399999999999e-01
3.7334792396198098e+00	9.8110900000000001e-01
3.7334812906453227e+00	9.7238199999999997e-01
3.7334833416708353e+00	9.6210200000000001e-01
3.7334853926963483e+00	9.5034399999999997e-01
3.7334874437218608e+00	9.3719500000000000e-01
3.7334894947473738e+00	9.2275300000000005e-01
3.7334915457728863e+00	9.0712599999999999e-01
3.7334935967983993e+00	8.9042900000000003e-01
3.7334956478239119e+00	8.7278000000000000e-01
3.7334976988494248e+00	8.5430200000000001e-01
3.7334997498749374e+00	8.3511700000000000e-01
3.7335018009004504e+00	8.1534700000000004e-01
3.7335038519259629e+00	7.9510899999999995e-01
3.7335059029514759e+00	7.7451800000000004e-01
3.7335079539769884e+00	7.5368299999999999e-01
3.7335100050025010e+00	7.3270299999999999e-01
3.7335120560280139e+00	7.1167499999999995e-01
3.7335141070535265e+00	6.9068399999999996e-01
3.7335161580790395e+00	6.6981000000000002e-01
3.7335182091045520e+00	6.4912199999999998e-01
3.7335202601300650e+00	6.2868199999999996e-01
3.7335223111555775e+00	6.0854600000000003e-01
3.7335243621810905e+00	5.8875999999999995e-01
3.7335264132066031e+00	5.6936399999999998e-01
3.7335284642321160e+00	5.5039099999999996e-01
3.7335305152576286e+00	5.3186800000000001e-01
3.7335325662831416e+00	5.1381800000000000e-01
3.7335346173086541e+00	4.9625500000000000e-01
3.7335366683341671e+00	4.7919099999999998e-01
3.7335387193596796e+00	4.6263500000000002e-01
3.7335407703851926e+00	4.4658900000000001e-01
3.7335428214107051e+00	4.3105500000000002e-01
3.7335448724362181e+00	4.1603099999999998e-01
3.7335469234617307e+00	4.0151199999999998e-01
3.7335489744872437e+00	3.8749099999999997e-01
3.7335510255127562e+00	3.7396200000000002e-01
3.7335530765382692e+00	3.6091299999999998e-01
3.7335551275637817e+00	3.4833500000000001e-01
3.7335571785892947e+00	3.3621499999999999e-01
3.7335592296148072e+00	3.2454300000000003e-01
3.7335612806403202e+00	3.1330400000000003e-01
3.7335633316658328e+00	3.0248599999999998e-01
3.7335653826913457e+00	2.9207600000000000e-01
3.7335674337168583e+00	2.8205900000000000e-01
3.7335694847423713e+00	2.7242400000000000e-01
3.7335715357678838e+00	2.6315499999999997e-01
3.7335735867933968e+00	2.5424000000000002e-01
3.7335756378189093e+00	2.4566600000000000e-01
3.7335776888444223e+00	2.3741899999999999e-01
3.7335797398699349e+00	2.2948800000000000e-01
3.7335817908954478e+00	2.2186000000000000e-01
3.7335838419209604e+00	2.1452399999999999e-01
3.7335858929464734e+00	2.0746600000000001e-01
3.7335879439719859e+00	2.0067800000000000e-01
3.7335899949974989e+00	1.9414600000000001e-01
3.7335920460230114e+00	1.8786200000000000e-01
3.7335940970485240e+00	1.8181500000000000e-01
3.7335961480740369e+00	1.7599500000000001e-01
3.7335981990995495e+00	1.7039299999999999e-01
3.7336002501250625e+00	1.6499900000000001e-01
3.7336023011505750e+00	1.5980700000000000e-01
3.7336043521760880e+00	1.5480600000000000e-01
3.7336064032016005e+00	1.4998900000000001e-01
3.7336084542271135e+00	1.4534800000000000e-01
3.7336105052526261e+00	1.4087700000000000e-01
3.7336125562781390e+00	1.3656799999999999e-01
3.7336146073036516e+00	1.3241400000000000e-01
3.7336166583291646e+00	1.2840900000000000e-01
3.7336187093546771e+00	1.2454800000000001e-01
3.7336207603801901e+00	1.2082300000000000e-01
3.7336228114057026e+00	1.1723000000000000e-01
3.7336248624312156e+00	1.1376300000000000e-01
3.7336269134567281e+00	1.1041700000000000e-01
3.7336289644822411e+00	1.0718700000000000e-01
3.7336310155077537e+00	1.0406899999999999e-01
3.7336330665332667e+00	1.0105800000000000e-01
3.7336351175587792e+00	9.8149100000000003e-02
3.7336371685842922e+00	9.5339099999999996e-02
3.7336392196098047e+00	9.2623899999999995e-02
3.7336412706353177e+00	8.9999700000000002e-02
3.7336433216608302e+00	8.7462799999999993e-02
3.7336453726863432e+00	8.5010000000000002e-02
3.7336474237118558e+00	8.2637900000000000e-02
3.7336494747373687e+00	8.0343499999999998e-02
3.7336515257628813e+00	7.8123700000000004e-02
3.7336535767883943e+00	7.5975600000000004e-02
3.7336556278139068e+00	7.3896699999999996e-02
3.7336576788394198e+00	7.1884100000000006e-02
3.7336597298649323e+00	6.9935499999999998e-02
3.7336617808904453e+00	6.8048499999999998e-02
3.7336638319159579e+00	6.6220699999999993e-02
3.7336658829414708e+00	6.4449900000000004e-02
3.7336679339669834e+00	6.2734100000000001e-02
3.7336699849924964e+00	6.1071199999999999e-02
3.7336720360180089e+00	5.9459300000000000e-02
3.7336740870435219e+00	5.7896599999999999e-02
3.7336761380690344e+00	5.6381300000000002e-02
3.7336781890945474e+00	5.4911700000000001e-02
3.7336802401200599e+00	5.3486100000000002e-02
3.7336822911455725e+00	5.2103099999999999e-02
3.7336843421710855e+00	5.0761000000000001e-02
3.7336863931965980e+00	4.9458500000000002e-02
3.7336884442221110e+00	4.8194200000000000e-02
3.7336904952476235e+00	4.6966800000000003e-02
3.7336925462731365e+00	4.5775000000000003e-02
3.7336945972986491e+00	4.4617499999999997e-02
3.7336966483241620e+00	4.3493299999999999e-02
3.7336986993496746e+00	4.2401200000000000e-02
3.7337007503751876e+00	4.1340000000000002e-02
3.7337028014007001e+00	4.0308799999999999e-02
3.7337048524262131e+00	3.9306599999999997e-02
3.7337069034517256e+00	3.8332400000000003e-02
3.7337089544772386e+00	3.7385300000000003e-02
3.7337110055027511e+00	3.6464400000000001e-02
3.7337130565282641e+00	3.5568900000000001e-02
3.7337151075537767e+00	3.4697899999999997e-02
3.7337171585792897e+00	3.3850600000000002e-02
3.7337192096048022e+00	3.3026300000000001e-02
3.7337212606303152e+00	3.2224200000000001e-02
3.7337233116558277e+00	3.1443699999999998e-02
3.7337253626813407e+00	3.0684099999999999e-02
3.7337274137068532e+00	2.9944700000000001e-02
3.7337294647323662e+00	2.9224799999999999e-02
3.7337315157578788e+00	2.8524000000000001e-02
3.7337335667833917e+00	2.7841500000000002e-02
3.7337356178089043e+00	2.7176900000000000e-02
3.7337376688344173e+00	2.6529500000000001e-02
3.7337397198599298e+00	2.5898899999999999e-02
3.7337417708854428e+00	2.5284600000000001e-02
3.7337438219109553e+00	2.4686000000000000e-02
3.7337458729364683e+00	2.4102700000000001e-02
3.7337479239619809e+00	2.3534300000000001e-02
3.7337499749874938e+00	2.2980299999999999e-02
3.7337520260130064e+00	2.2440200000000000e-02
3.7337540770385194e+00	2.1913800000000001e-02
3.7337561280640319e+00	2.1400499999999999e-02
3.7337581790895449e+00	2.0899999999999998e-02
3.7337602301150574e+00	2.0411900000000000e-02
3.7337622811405704e+00	1.9935999999999999e-02
3.7337643321660829e+00	1.9471700000000002e-02
3.7337663831915959e+00	1.9018799999999999e-02
3.7337684342171085e+00	1.8577099999999999e-02
3.7337704852426210e+00	1.8145999999999999e-02
3.7337725362681340e+00	1.7725500000000002e-02
3.7337745872936465e+00	1.7315100000000000e-02
3.7337766383191595e+00	1.6914599999999998e-02
3.7337786893446721e+00	1.6523800000000002e-02
3.7337807403701850e+00	1.6142299999999998e-02
3.7337827913956976e+00	1.5769800000000000e-02
3.7337848424212106e+00	1.5406300000000000e-02
3.7337868934467231e+00	1.5051400000000000e-02
3.7337889444722361e+00	1.4704800000000001e-02
3.7337909954977486e+00	1.4366400000000000e-02
3.7337930465232616e+00	1.4035900000000000e-02
3.7337950975487741e+00	1.3713200000000000e-02
3.7337971485742871e+00	1.3398000000000000e-02
3.7337991995997997e+00	1.3090200000000000e-02
3.7338012506253127e+00	1.2789399999999999e-02
3.7338033016508252e+00	1.2495700000000000e-02
3.7338053526763382e+00	1.2208699999999999e-02
3.7338074037018507e+00	1.1928299999999999e-02
3.7338094547273637e+00	1.1654299999999999e-02
3.7338115057528762e+00	1.1386600000000000e-02
3.7338135567783892e+00	1.1124999999999999e-02
3.7338156078039018e+00	1.0869300000000000e-02
3.7338176588294147e+00	1.0619500000000000e-02
3.7338197098549273e+00	1.0375300000000000e-02
3.7338217608804403e+00	1.0136600000000001e-02
3.7338238119059528e+00	9.9032700000000005e-03
3.7338258629314658e+00	9.6752000000000001e-03
3.7338279139569783e+00	9.4522400000000006e-03
3.7338299649824913e+00	9.2342699999999993e-03
3.7338320160080039e+00	9.0211700000000002e-03
3.7338340670335168e+00	8.8128100000000008e-03
3.7338361180590294e+00	8.6090799999999999e-03
3.7338381690845424e+00	8.4098699999999998e-03
3.7338402201100549e+00	8.2150799999999996e-03
3.7338422711355679e+00	8.0245799999999999e-03
3.7338443221610804e+00	7.8382899999999995e-03
3.7338463731865934e+00	7.6560999999999999e-03
3.7338484242121059e+00	7.4779099999999999e-03
3.7338504752376189e+00	7.3036300000000002e-03
3.7338525262631315e+00	7.1331700000000003e-03
3.7338545772886444e+00	6.9664400000000000e-03
3.7338566283141570e+00	6.8033499999999997e-03
3.7338586793396695e+00	6.6438100000000000e-03
3.7338607303651825e+00	6.4877499999999996e-03
3.7338627813906951e+00	6.3350799999999999e-03
3.7338648324162080e+00	6.1857300000000004e-03
3.7338668834417206e+00	6.0396199999999999e-03
3.7338689344672336e+00	5.8966699999999997e-03
3.7338709854927461e+00	5.7568200000000002e-03
3.7338730365182591e+00	5.6199900000000001e-03
3.7338750875437716e+00	5.4861199999999997e-03
3.7338771385692846e+00	5.3551400000000004e-03
3.7338791895947971e+00	5.2269800000000000e-03
3.7338812406203101e+00	5.1015799999999997e-03
3.7338832916458227e+00	4.9788799999999998e-03
3.7338853426713356e+00	4.8588299999999997e-03
3.7338873936968482e+00	4.7413500000000001e-03
3.7338894447223612e+00	4.6264000000000001e-03
3.7338914957478737e+00	4.5139200000000003e-03
3.7338935467733867e+00	4.4038500000000000e-03
3.7338955977988992e+00	4.2961500000000003e-03
3.7338976488244122e+00	4.1907600000000000e-03
3.7338996998499248e+00	4.0876300000000001e-03
3.7339017508754377e+00	3.9867100000000001e-03
3.7339038019009503e+00	3.8879499999999998e-03
3.7339058529264633e+00	3.7913199999999999e-03
3.7339079039519758e+00	3.6967599999999999e-03
3.7339099549774888e+00	3.6042299999999999e-03
3.7339120060030013e+00	3.5136799999999999e-03
3.7339140570285143e+00	3.4250800000000001e-03
3.7339161080540269e+00	3.3383800000000002e-03
3.7339181590795398e+00	3.2535400000000001e-03
3.7339202101050524e+00	3.1705300000000000e-03
3.7339222611305654e+00	3.0893100000000001e-03
3.7339243121560779e+00	3.0098299999999998e-03
3.7339263631815909e+00	2.9320599999999998e-03
3.7339284142071034e+00	2.8559800000000002e-03
3.7339304652326164e+00	2.7815299999999999e-03
3.7339325162581289e+00	2.7086900000000001e-03
3.7339345672836419e+00	2.6374300000000001e-03
3.7339366183091545e+00	2.5677199999999999e-03
3.7339386693346674e+00	2.4995099999999999e-03
3.7339407203601800e+00	2.4327799999999998e-03
3.7339427713856925e+00	2.3675100000000002e-03
3.7339448224112055e+00	2.3036599999999999e-03
3.7339468734367181e+00	2.2412000000000000e-03
3.7339489244622310e+00	2.1800999999999999e-03
3.7339509754877436e+00	2.1203400000000001e-03
3.7339530265132566e+00	2.0619000000000002e-03
3.7339550775387691e+00	2.0047400000000001e-03
3.7339571285642821e+00	1.9488299999999999e-03
3.7339591795897946e+00	1.8941600000000000e-03
3.7339612306153076e+00	1.8407100000000000e-03
3.7339632816408201e+00	1.7884299999999999e-03
3.7339653326663331e+00	1.7373200000000001e-03
3.7339673836918457e+00	1.6873500000000000e-03
3.7339694347173586e+00	1.6385000000000000e-03
3.7339714857428712e+00	1.5907400000000000e-03
3.7339735367683842e+00	1.5440600000000001e-03
3.7339755877938967e+00	1.4984200000000001e-03
3.7339776388194097e+00	1.4538299999999999e-03
3.7339796898449222e+00	1.4102400000000001e-03
3.7339817408704352e+00	1.3676500000000000e-03
3.7339837918959478e+00	1.3260300000000000e-03
3.7339858429214607e+00	1.2853700000000001e-03
3.7339878939469733e+00	1.2456500000000001e-03
3.7339899449724863e+00	1.2068400000000000e-03
3.7339919959979988e+00	1.1689400000000000e-03
3.7339940470235118e+00	1.1319200000000000e-03
3.7339960980490243e+00	1.0957700000000000e-03
3.7339981490745373e+00	1.0604700000000000e-03
3.7340002001000498e+00	1.0260099999999999e-03
3.7340022511255628e+00	9.9236799999999998e-04
3.7340043021510754e+00	9.5952799999999997e-04
3.7340063531765884e+00	9.2747800000000003e-04
3.7340084042021009e+00	8.9620300000000004e-04
3.7340104552276139e+00	8.6568699999999997e-04
3.7340125062531264e+00	8.3591700000000004e-04
3.7340145572786394e+00	8.0687900000000004e-04
3.7340166083041519e+00	7.7855899999999996e-04
3.7340186593296649e+00	7.5094500000000004e-04
3.7340207103551775e+00	7.2402199999999995e-04
3.7340227613806904e+00	6.9777900000000004e-04
3.7340248124062030e+00	6.7220200000000000e-04
3.7340268634317160e+00	6.4727999999999997e-04
3.7340289144572285e+00	6.2299999999999996e-04
3.7340309654827410e+00	5.9935100000000003e-04
3.7340330165082540e+00	5.7632099999999997e-04
3.7340350675337666e+00	5.5389899999999995e-04
3.7340371185592796e+00	5.3207400000000000e-04
3.7340391695847921e+00	5.1083499999999996e-04
3.7340412206103051e+00	4.9017099999999997e-04
3.7340432716358176e+00	4.7007300000000000e-04
3.7340453226613306e+00	4.5052900000000002e-04
3.7340473736868431e+00	4.3152899999999999e-04
3.7340494247123561e+00	4.1306500000000000e-04
3.7340514757378687e+00	3.9512599999999998e-04
3.7340535267633816e+00	3.7770300000000001e-04
3.7340555777888942e+00	3.6078700000000000e-04
3.7340576288144072e+00	3.4436800000000001e-04
3.7340596798399197e+00	3.2843800000000002e-04
3.7340617308654327e+00	3.1298799999999999e-04
3.7340637818909452e+00	2.9800900000000001e-04
3.7340658329164582e+00	2.8349400000000002e-04
3.7340678839419708e+00	2.6943300000000002e-04
3.7340699349674837e+00	2.5581900000000001e-04
3.7340719859929963e+00	2.4264400000000000e-04
3.7340740370185093e+00	2.2990000000000000e-04
3.7340760880440218e+00	2.1757999999999999e-04
3.7340781390695348e+00	2.0567599999999999e-04
3.7340801900950473e+00	1.9418100000000000e-04
3.7340822411205603e+00	1.8308699999999999e-04
3.7340842921460728e+00	1.7238799999999999e-04
3.7340863431715858e+00	1.6207600000000001e-04
3.7340883941970984e+00	1.5214499999999999e-04
3.7340904452226114e+00	1.4258900000000001e-04
3.7340924962481239e+00	1.3339999999999999e-04
3.7340945472736369e+00	1.2457200000000001e-04
3.7340965982991494e+00	1.1610000000000000e-04
3.7340986493246624e+00	1.0797600000000000e-04
3.7341007003501749e+00	1.0019500000000000e-04
3.7341027513756879e+00	9.2750499999999999e-05
3.7341048024012005e+00	8.5637100000000000e-05
3.7341068534267134e+00	7.8849000000000004e-05
3.7341089044522260e+00	7.2380500000000003e-05
3.7341109554777390e+00	6.6226100000000006e-05
3.7341130065032515e+00	6.0380400000000002e-05
3.7341150575287645e+00	5.4837999999999999e-05
3.7341171085542770e+00	4.9593699999999999e-05
3.7341191595797896e+00	4.4642399999999998e-05
3.7341212106053026e+00	3.9979099999999998e-05
3.7341232616308151e+00	3.5598800000000002e-05
3.7341253126563281e+00	3.1496699999999999e-05
3.7341273636818406e+00	2.7668000000000000e-05
3.7341294147073536e+00	2.4107900000000000e-05
3.7341314657328661e+00	2.0812000000000000e-05
3.7341335167583791e+00	1.7775600000000000e-05
3.7341355677838917e+00	1.4994400000000000e-05
3.7341376188094046e+00	1.2464000000000000e-05
3.7341396698349172e+00	1.0180200000000000e-05
3.7341417208604302e+00	8.1385699999999999e-06
3.7341437718859427e+00	6.3351700000000004e-06
3.7341458229114557e+00	4.7658899999999997e-06
3.7341478739369682e+00	3.4267499999999998e-06
3.7341499249624812e+00	2.3138199999999999e-06
3.7341519759879938e+00	1.4232700000000000e-06
3.7341540270135067e+00	7.5130500000000004e-07
3.7341560780390193e+00	2.9422100000000002e-07
3.7341581290645323e+00	4.8364200000000000e-08
3.7341601800900448e+00	1.0149700000000000e-08
3.7341622311155578e+00	1.7605400000000000e-07
3.7341642821410703e+00	5.4261300000000004e-07
3.7341663331665833e+00	1.1064300000000001e-06
3.7341683841920958e+00	1.8641500000000000e-06
3.7341704352176088e+00	2.8124899999999999e-06
3.7341724862431214e+00	3.9482300000000001e-06
3.7341745372686344e+00	5.2681800000000001e-06
3.7341765882941469e+00	6.7692299999999999e-06
3.7341786393196599e+00	8.4483100000000008e-06
3.7341806903451724e+00	1.0302400000000000e-05
3.7341827413706854e+00	1.2328500000000001e-05
3.7341847923961979e+00	1.4523800000000000e-05
3.7341868434217109e+00	1.6885399999999999e-05
3.7341888944472235e+00	1.9410400000000000e-05
3.7341909454727364e+00	2.2096100000000000e-05
3.7341929964982490e+00	2.4939800000000001e-05
3.7341950475237620e+00	2.7938800000000001e-05
3.7341970985492745e+00	3.1090400000000003e-05
3.7341991495747875e+00	3.4392099999999999e-05
3.7342012006003000e+00	3.7841400000000000e-05
3.7342032516258130e+00	4.1435700000000000e-05
3.7342053026513256e+00	4.5172500000000002e-05
3.7342073536768381e+00	4.9049599999999999e-05
3.7342094047023511e+00	5.3064400000000000e-05
3.7342114557278636e+00	5.7214599999999999e-05
3.7342135067533766e+00	6.1498000000000000e-05
3.7342155577788891e+00	6.5912299999999996e-05
3.7342176088044021e+00	7.0455200000000003e-05
3.7342196598299147e+00	7.5124599999999996e-05
3.7342217108554276e+00	7.9918400000000004e-05
3.7342237618809402e+00	8.4834300000000002e-05
3.7342258129064532e+00	8.9870299999999999e-05
3.7342278639319657e+00	9.5024400000000005e-05
3.7342299149574787e+00	1.0029500000000000e-04
3.7342319659829912e+00	1.0567900000000000e-04
3.7342340170085042e+00	1.1117500000000001e-04
3.7342360680340168e+00	1.1678199999999999e-04
3.7342381190595297e+00	1.2249700000000000e-04
3.7342401700850423e+00	1.2831799999999999e-04
3.7342422211105553e+00	1.3424400000000000e-04
3.7342442721360678e+00	1.4027300000000000e-04
3.7342463231615808e+00	1.4640300000000000e-04
3.7342483741870933e+00	1.5263300000000000e-04
3.7342504252126063e+00	1.5896000000000001e-04
3.7342524762381188e+00	1.6538200000000000e-04
3.7342545272636318e+00	1.7190000000000000e-04
3.7342565782891444e+00	1.7851000000000000e-04
3.7342586293146574e+00	1.8521100000000001e-04
3.7342606803401699e+00	1.9200099999999999e-04
3.7342627313656829e+00	1.9887900000000000e-04
3.7342647823911954e+00	2.0584400000000000e-04
3.7342668334167084e+00	2.1289400000000001e-04
3.7342688844422209e+00	2.2002700000000000e-04
3.7342709354677339e+00	2.2724200000000000e-04
3.7342729864932465e+00	2.3453800000000001e-04
3.7342750375187594e+00	2.4191300000000001e-04
3.7342770885442720e+00	2.4936499999999998e-04
3.7342791395697850e+00	2.5689400000000002e-04
3.7342811905952975e+00	2.6449800000000000e-04
3.7342832416208105e+00	2.7217600000000000e-04
3.7342852926463230e+00	2.7992600000000000e-04
3.7342873436718360e+00	2.8774699999999998e-04
3.7342893946973486e+00	2.9563799999999998e-04
3.7342914457228611e+00	3.0359700000000001e-04
3.7342934967483741e+00	3.1162399999999998e-04
3.7342955477738866e+00	3.1971799999999998e-04
3.7342975987993996e+00	3.2787600000000000e-04
3.7342996498249121e+00	3.3609800000000001e-04
3.7343017008504251e+00	3.4438300000000003e-04
3.7343037518759377e+00	3.5272899999999998e-04
3.7343058029014506e+00	3.6113600000000002e-04
3.7343078539269632e+00	3.6960200000000002e-04
3.7343099049524762e+00	3.7812600000000000e-04
3.7343119559779887e+00	3.8670799999999998e-04
3.7343140070035017e+00	3.9534500000000002e-04
3.7343160580290142e+00	4.0403800000000001e-04
3.7343181090545272e+00	4.1278499999999999e-04
3.7343201600800398e+00	4.2158499999999998e-04
3.7343222111055527e+00	4.3043800000000000e-04
3.7343242621310653e+00	4.3934099999999999e-04
3.7343263131565783e+00	4.4829499999999998e-04
3.7343283641820908e+00	4.5729800000000003e-04
3.7343304152076038e+00	4.6634900000000002e-04
3.7343324662331163e+00	4.7544800000000001e-04
3.7343345172586293e+00	4.8459300000000001e-04
3.7343365682841418e+00	4.9378400000000004e-04
3.7343386193096548e+00	5.0301999999999996e-04
3.7343406703351674e+00	5.1230000000000004e-04
3.7343427213606804e+00	5.2162300000000003e-04
3.7343447723861929e+00	5.3098800000000003e-04
3.7343468234117059e+00	5.4039400000000003e-04
3.7343488744372184e+00	5.4984200000000004e-04
3.7343509254627314e+00	5.5932900000000001e-04
3.7343529764882439e+00	5.6885499999999995e-04
3.7343550275137569e+00	5.7841900000000005e-04
3.7343570785392695e+00	5.8802200000000000e-04
3.7343591295647824e+00	5.9765999999999997e-04
3.7343611805902950e+00	6.0733499999999997e-04
3.7343632316158080e+00	6.1704600000000000e-04
3.7343652826413205e+00	6.2679100000000002e-04
3.7343673336668335e+00	6.3657000000000004e-04
3.7343693846923460e+00	6.4638200000000003e-04
3.7343714357178590e+00	6.5622700000000000e-04
3.7343734867433716e+00	6.6610300000000003e-04
3.7343755377688845e+00	6.7601100000000002e-04
3.7343775887943971e+00	6.8594999999999995e-04
3.7343796398199096e+00	6.9591800000000001e-04
3.7343816908454226e+00	7.0591600000000001e-04
3.7343837418709351e+00	7.1594300000000003e-04
3.7343857928964481e+00	7.2599700000000004e-04
3.7343878439219607e+00	7.3607900000000005e-04
3.7343898949474736e+00	7.4618799999999995e-04
3.7343919459729862e+00	7.5632399999999995e-04
3.7343939969984992e+00	7.6648500000000002e-04
3.7343960480240117e+00	7.7667100000000005e-04
3.7343980990495247e+00	7.8688200000000003e-04
3.7344001500750372e+00	7.9711599999999995e-04
3.7344022011005502e+00	8.0737500000000004e-04
3.7344042521260628e+00	8.1765600000000005e-04
3.7344063031515757e+00	8.2795999999999998e-04
3.7344083541770883e+00	8.3828600000000004e-04
3.7344104052026013e+00	8.4863300000000000e-04
3.7344124562281138e+00	8.5900099999999997e-04
3.7344145072536268e+00	8.6939000000000005e-04
3.7344165582791393e+00	8.7979799999999999e-04
3.7344186093046523e+00	8.9022600000000004e-04
3.7344206603301648e+00	9.0067299999999995e-04
3.7344227113556778e+00	9.1113800000000003e-04
3.7344247623811904e+00	9.2162199999999998e-04
3.7344268134067033e+00	9.3212299999999998e-04
3.7344288644322159e+00	9.4264100000000003e-04
3.7344309154577289e+00	9.5317600000000002e-04
3.7344329664832414e+00	9.6372799999999996e-04
3.7344350175087544e+00	9.7429500000000002e-04
3.7344370685342669e+00	9.8487700000000010e-04
3.7344391195597799e+00	9.9547500000000001e-04
3.7344411705852925e+00	1.0060900000000001e-03
3.7344432216108054e+00	1.0167100000000001e-03
3.7344452726363180e+00	1.0273500000000000e-03
3.7344473236618310e+00	1.0380100000000000e-03
3.7344493746873435e+00	1.0486700000000000e-03
3.7344514257128565e+00	1.0593499999999999e-03
3.7344534767383690e+00	1.0700499999999999e-03
3.7344555277638820e+00	1.0807499999999999e-03
3.7344575787893945e+00	1.0914600000000000e-03
3.7344596298149075e+00	1.1021900000000001e-03
3.7344616808404201e+00	1.1129300000000000e-03
3.7344637318659331e+00	1.1236799999999999e-03
3.7344657828914456e+00	1.1344300000000001e-03
3.7344678339169581e+00	1.1452000000000001e-03
3.7344698849424711e+00	1.1559800000000000e-03
3.7344719359679837e+00	1.1667600000000000e-03
3.7344739869934966e+00	1.1775600000000000e-03
3.7344760380190092e+00	1.1883600000000001e-03
3.7344780890445222e+00	1.1991800000000000e-03
3.7344801400700347e+00	1.2099999999999999e-03
3.7344821910955477e+00	1.2208200000000001e-03
3.7344842421210602e+00	1.2316600000000001e-03
3.7344862931465732e+00	1.2424999999999999e-03
3.7344883441720857e+00	1.2533500000000001e-03
3.7344903951975987e+00	1.2642000000000000e-03
3.7344924462231113e+00	1.2750600000000000e-03
3.7344944972486243e+00	1.2859300000000000e-03
3.7344965482741368e+00	1.2968000000000001e-03
3.7344985992996498e+00	1.3076800000000001e-03
3.7345006503251623e+00	1.3185700000000000e-03
3.7345027013506753e+00	1.3294500000000000e-03
3.7345047523761878e+00	1.3403499999999999e-03
3.7345068034017008e+00	1.3512400000000001e-03
3.7345088544272134e+00	1.3621400000000000e-03
3.7345109054527263e+00	1.3730500000000000e-03
3.7345129564782389e+00	1.3839600000000001e-03
3.7345150075037519e+00	1.3948700000000001e-03
3.7345170585292644e+00	1.4057799999999999e-03
3.7345191095547774e+00	1.4166999999999999e-03
3.7345211605802899e+00	1.4276200000000001e-03
3.7345232116058029e+00	1.4385400000000001e-03
3.7345252626313155e+00	1.4494700000000000e-03
3.7345273136568284e+00	1.4603999999999999e-03
3.7345293646823410e+00	1.4713199999999999e-03
3.7345314157078540e+00	1.4822500000000001e-03
3.7345334667333665e+00	1.4931899999999999e-03
3.7345355177588795e+00	1.5041200000000001e-03
3.7345375687843920e+00	1.5150500000000000e-03
3.7345396198099050e+00	1.5259900000000001e-03
3.7345416708354175e+00	1.5369200000000000e-03
3.7345437218609305e+00	1.5478600000000001e-03
3.7345457728864431e+00	1.5587900000000000e-03
3.7345478239119561e+00	1.5697300000000001e-03
3.7345498749374686e+00	1.5806600000000000e-03
3.7345519259629816e+00	1.5916000000000001e-03
3.7345539769884941e+00	1.6025300000000000e-03
3.7345560280140067e+00	1.6134599999999999e-03
3.7345580790395196e+00	1.6244000000000000e-03
3.7345601300650322e+00	1.6353299999999999e-03
3.7345621810905452e+00	1.6462600000000001e-03
3.7345642321160577e+00	1.6571900000000000e-03
3.7345662831415707e+00	1.6681100000000000e-03
3.7345683341670832e+00	1.6790399999999999e-03
3.7345703851925962e+00	1.6899599999999999e-03
3.7345724362181087e+00	1.7008800000000001e-03
3.7345744872436217e+00	1.7118000000000001e-03
3.7345765382691343e+00	1.7227200000000001e-03
3.7345785892946473e+00	1.7336299999999999e-03
3.7345806403201598e+00	1.7445500000000001e-03
3.7345826913456728e+00	1.7554500000000000e-03
3.7345847423711853e+00	1.7663600000000000e-03
3.7345867933966983e+00	1.7772599999999999e-03
3.7345888444222108e+00	1.7881600000000000e-03
3.7345908954477238e+00	1.7990599999999999e-03
3.7345929464732364e+00	1.8099500000000001e-03
3.7345949974987493e+00	1.8208400000000000e-03
3.7345970485242619e+00	1.8317299999999999e-03
3.7345990995497749e+00	1.8426100000000000e-03
3.7346011505752874e+00	1.8534800000000000e-03
3.7346032016008004e+00	1.8643600000000000e-03
3.7346052526263129e+00	1.8752300000000001e-03
3.7346073036518259e+00	1.8860900000000000e-03
3.7346093546773385e+00	1.8969499999999999e-03
3.7346114057028514e+00	1.9078100000000000e-03
3.7346134567283640e+00	1.9186600000000000e-03
3.7346155077538770e+00	1.9295000000000000e-03
3.7346175587793895e+00	1.9403400000000000e-03
3.7346196098049025e+00	1.9511800000000001e-03
3.7346216608304150e+00	1.9620100000000001e-03
3.7346237118559280e+00	1.9728400000000000e-03
3.7346257628814405e+00	1.9836599999999999e-03
3.7346278139069535e+00	1.9944699999999999e-03
3.7346298649324661e+00	2.0052799999999999e-03
3.7346319159579791e+00	2.0160800000000000e-03
3.7346339669834916e+00	2.0268800000000000e-03
3.7346360180090046e+00	2.0376700000000001e-03
3.7346380690345171e+00	2.0484600000000002e-03
3.7346401200600301e+00	2.0592399999999999e-03
3.7346421710855426e+00	2.0700100000000002e-03
3.7346442221110552e+00	2.0807800000000000e-03
3.7346462731365682e+00	2.0915399999999998e-03
3.7346483241620807e+00	2.1023000000000001e-03
3.7346503751875937e+00	2.1130400000000001e-03
3.7346524262131062e+00	2.1237800000000000e-03
3.7346544772386192e+00	2.1345200000000000e-03
3.7346565282641317e+00	2.1452500000000000e-03
3.7346585792896447e+00	2.1559700000000001e-03
3.7346606303151573e+00	2.1666799999999998e-03
3.7346626813406703e+00	2.1773900000000000e-03
3.7346647323661828e+00	2.1880900000000002e-03
3.7346667833916958e+00	2.1987800000000000e-03
3.7346688344172083e+00	2.2094699999999998e-03
3.7346708854427213e+00	2.2201500000000002e-03
3.7346729364682338e+00	2.2308200000000001e-03
3.7346749874937468e+00	2.2414800000000001e-03
3.7346770385192594e+00	2.2521400000000001e-03
3.7346790895447723e+00	2.2627900000000002e-03
3.7346811405702849e+00	2.2734299999999999e-03
3.7346831915957979e+00	2.2840700000000000e-03
3.7346852426213104e+00	2.2946899999999998e-03
3.7346872936468234e+00	2.3053100000000001e-03
3.7346893446723359e+00	2.3159200000000000e-03
3.7346913956978489e+00	2.3265199999999999e-03
3.7346934467233615e+00	2.3371199999999998e-03
3.7346954977488744e+00	2.3476999999999999e-03
3.7346975487743870e+00	2.3582799999999999e-03
3.7346995997999000e+00	2.3688500000000000e-03
3.7347016508254125e+00	2.3794100000000002e-03
3.7347037018509255e+00	2.3899699999999999e-03
3.7347057528764380e+00	2.4005099999999998e-03
3.7347078039019510e+00	2.4110500000000001e-03
3.7347098549274635e+00	2.4215800000000000e-03
3.7347119059529765e+00	2.4321000000000000e-03
3.7347139569784891e+00	2.4426100000000000e-03
3.7347160080040021e+00	2.4531100000000001e-03
3.7347180590295146e+00	2.4636100000000002e-03
3.7347201100550276e+00	2.4740900000000000e-03
3.7347221610805401e+00	2.4845700000000002e-03
3.7347242121060531e+00	2.4950400000000000e-03
3.7347262631315656e+00	2.5054900000000000e-03
3.7347283141570782e+00	2.5159499999999999e-03
3.7347303651825912e+00	2.5263899999999999e-03
3.7347324162081037e+00	2.5368200000000000e-03
3.7347344672336167e+00	2.5472400000000001e-03
3.7347365182591292e+00	2.5576599999999998e-03
3.7347385692846422e+00	2.5680600000000000e-03
3.7347406203101547e+00	2.5784599999999999e-03
3.7347426713356677e+00	2.5888500000000002e-03
3.7347447223611803e+00	2.5992300000000001e-03
3.7347467733866933e+00	2.6095900000000002e-03
3.7347488244122058e+00	2.6199499999999998e-03
3.7347508754377188e+00	2.6302999999999999e-03
3.7347529264632313e+00	2.6406500000000000e-03
3.7347549774887443e+00	2.6509799999999998e-03
3.7347570285142568e+00	2.6613000000000001e-03
3.7347590795397698e+00	2.6716100000000000e-03
3.7347611305652824e+00	2.6819200000000000e-03
3.7347631815907953e+00	2.6922100000000000e-03
3.7347652326163079e+00	2.7025000000000000e-03
3.7347672836418209e+00	2.7127700000000002e-03
3.7347693346673334e+00	2.7230399999999999e-03
3.7347713856928464e+00	2.7332900000000002e-03
3.7347734367183589e+00	2.7435400000000000e-03
3.7347754877438719e+00	2.7537799999999999e-03
3.7347775387693845e+00	2.7640000000000000e-03
3.7347795897948974e+00	2.7742200000000000e-03
3.7347816408204100e+00	2.7844300000000001e-03
3.7347836918459230e+00	2.7946300000000002e-03
3.7347857428714355e+00	2.8048100000000000e-03
3.7347877938969485e+00	2.8149899999999999e-03
3.7347898449224610e+00	2.8251600000000002e-03
3.7347918959479740e+00	2.8353200000000001e-03
3.7347939469734865e+00	2.8454700000000001e-03
3.7347959979989995e+00	2.8556100000000002e-03
3.7347980490245121e+00	2.8657399999999999e-03
3.7348001000500251e+00	2.8758600000000000e-03
3.7348021510755376e+00	2.8859699999999999e-03
3.7348042021010506e+00	2.8960700000000002e-03
3.7348062531265631e+00	2.9061600000000001e-03
3.7348083041520761e+00	2.9162400000000001e-03
3.7348103551775886e+00	2.9263100000000001e-03
3.7348124062031016e+00	2.9363599999999998e-03
3.7348144572286142e+00	2.9464100000000000e-03
3.7348165082541267e+00	2.9564499999999998e-03
3.7348185592796397e+00	2.9664800000000001e-03
3.7348206103051522e+00	2.9765000000000000e-03
3.7348226613306652e+00	2.9865099999999999e-03
3.7348247123561777e+00	2.9965100000000000e-03
3.7348267633816907e+00	3.0065000000000001e-03
3.7348288144072033e+00	3.0164800000000002e-03
3.7348308654327163e+00	3.0264500000000000e-03
3.7348329164582288e+00	3.0364099999999998e-03
3.7348349674837418e+00	3.0463500000000002e-03
3.7348370185092543e+00	3.0562900000000001e-03
3.7348390695347673e+00	3.0662200000000001e-03
3.7348411205602798e+00	3.0761400000000002e-03
3.7348431715857928e+00	3.0860499999999999e-03
3.7348452226113054e+00	3.0959400000000002e-03
3.7348472736368183e+00	3.1058300000000000e-03
3.7348493246623309e+00	3.1157099999999998e-03
3.7348513756878439e+00	3.1255699999999998e-03
3.7348534267133564e+00	3.1354299999999998e-03
3.7348554777388694e+00	3.1452799999999999e-03
3.7348575287643819e+00	3.1551100000000000e-03
3.7348595797898949e+00	3.1649400000000002e-03
3.7348616308154075e+00	3.1747500000000001e-03
3.7348636818409204e+00	3.1845599999999999e-03
3.7348657328664330e+00	3.1943499999999999e-03
3.7348677838919460e+00	3.2041399999999999e-03
3.7348698349174585e+00	3.2139099999999999e-03
3.7348718859429715e+00	3.2236700000000001e-03
3.7348739369684840e+00	3.2334299999999998e-03
3.7348759879939970e+00	3.2431700000000001e-03
3.7348780390195095e+00	3.2529000000000000e-03
3.7348800900450225e+00	3.2626299999999999e-03
3.7348821410705351e+00	3.2723399999999999e-03
3.7348841920960481e+00	3.2820400000000000e-03
3.7348862431215606e+00	3.2917300000000001e-03
3.7348882941470736e+00	3.3014099999999998e-03
3.7348903451725861e+00	3.3110800000000001e-03
3.7348923961980991e+00	3.3207400000000000e-03
3.7348944472236116e+00	3.3303899999999999e-03
3.7348964982491246e+00	3.3400299999999999e-03
3.7348985492746372e+00	3.3496600000000000e-03
3.7349006003001501e+00	3.3592800000000001e-03
3.7349026513256627e+00	3.3688899999999998e-03
3.7349047023511752e+00	3.3784900000000001e-03
3.7349067533766882e+00	3.3880799999999999e-03
3.7349088044022007e+00	3.3976499999999999e-03
3.7349108554277137e+00	3.4072199999999999e-03
3.7349129064532263e+00	3.4167799999999999e-03
3.7349149574787393e+00	3.4263200000000001e-03
3.7349170085042518e+00	3.4358600000000002e-03
3.7349190595297648e+00	3.4453900000000000e-03
3.7349211105552773e+00	3.4548999999999999e-03
3.7349231615807903e+00	3.4644099999999998e-03
3.7349252126063028e+00	3.4738999999999998e-03
3.7349272636318158e+00	3.4833799999999999e-03
3.7349293146573284e+00	3.4928600000000000e-03
3.7349313656828413e+00	3.5023200000000002e-03
3.7349334167083539e+00	3.5117700000000000e-03
3.7349354677338669e+00	3.5212199999999998e-03
3.7349375187593794e+00	3.5306500000000002e-03
3.7349395697848924e+00	3.5400700000000002e-03
3.7349416208104049e+00	3.5494799999999998e-03
3.7349436718359179e+00	3.5588899999999999e-03
3.7349457228614305e+00	3.5682800000000001e-03
3.7349477738869434e+00	3.5776599999999999e-03
3.7349498249124560e+00	3.5870300000000002e-03
3.7349518759379690e+00	3.5963900000000001e-03
3.7349539269634815e+00	3.6057400000000001e-03
3.7349559779889945e+00	3.6150800000000001e-03
3.7349580290145070e+00	3.6244099999999998e-03
3.7349600800400200e+00	3.6337299999999999e-03
3.7349621310655325e+00	3.6430400000000002e-03
3.7349641820910455e+00	3.6523300000000001e-03
3.7349662331165581e+00	3.6616200000000000e-03
3.7349682841420710e+00	3.6708999999999999e-03
3.7349703351675836e+00	3.6801700000000000e-03
3.7349723861930966e+00	3.6894200000000001e-03
3.7349744372186091e+00	3.6986699999999998e-03
3.7349764882441221e+00	3.7079100000000000e-03
3.7349785392696346e+00	3.7171399999999999e-03
3.7349805902951476e+00	3.7263499999999998e-03
3.7349826413206602e+00	3.7355600000000002e-03
3.7349846923461731e+00	3.7447499999999998e-03
3.7349867433716857e+00	3.7539399999999999e-03
3.7349887943971987e+00	3.7631200000000000e-03
3.7349908454227112e+00	3.7722799999999998e-03
3.7349928964482237e+00	3.7814400000000001e-03
3.7349949474737367e+00	3.7905800000000000e-03
3.7349969984992493e+00	3.7997199999999999e-03
3.7349990495247622e+00	3.8088400000000000e-03
3.7350011005502748e+00	3.8179600000000000e-03
3.7350031515757878e+00	3.8270600000000002e-03
3.7350052026013003e+00	3.8361500000000000e-03
3.7350072536268133e+00	3.8452400000000002e-03
3.7350093046523258e+00	3.8543100000000001e-03
3.7350113556778388e+00	3.8633800000000000e-03
3.7350134067033514e+00	3.8724300000000001e-03
3.7350154577288643e+00	3.8814700000000001e-03
3.7350175087543769e+00	3.8905099999999998e-03
3.7350195597798899e+00	3.8995300000000000e-03
3.7350216108054024e+00	3.9085400000000003e-03
3.7350236618309154e+00	3.9175499999999997e-03
3.7350257128564279e+00	3.9265400000000001e-03
3.7350277638819409e+00	3.9355199999999996e-03
3.7350298149074534e+00	3.9445000000000001e-03
3.7350318659329664e+00	3.9534599999999998e-03
3.7350339169584790e+00	3.9624100000000004e-03
3.7350359679839920e+00	3.9713600000000002e-03
3.7350380190095045e+00	3.9802900000000000e-03
3.7350400700350175e+00	3.9892100000000000e-03
3.7350421210605300e+00	3.9981299999999999e-03
3.7350441720860430e+00	4.0070300000000000e-03
3.7350462231115555e+00	4.0159200000000001e-03
3.7350482741370685e+00	4.0248100000000002e-03
3.7350503251625811e+00	4.0336800000000004e-03
3.7350523761880940e+00	4.0425499999999998e-03
3.7350544272136066e+00	4.0514000000000001e-03
3.7350564782391196e+00	4.0602399999999997e-03
3.7350585292646321e+00	4.0690800000000001e-03
3.7350605802901451e+00	4.0778999999999998e-03
3.7350626313156576e+00	4.0867200000000003e-03
3.7350646823411706e+00	4.0955200000000001e-03
3.7350667333666832e+00	4.1043099999999999e-03
3.7350687843921961e+00	4.1130999999999997e-03
3.7350708354177087e+00	4.1218699999999997e-03
3.7350728864432217e+00	4.1306399999999997e-03
3.7350749374687342e+00	4.1393899999999997e-03
3.7350769884942467e+00	4.1481399999999998e-03
3.7350790395197597e+00	4.1568800000000000e-03
3.7350810905452723e+00	4.1656000000000002e-03
3.7350831415707852e+00	4.1743199999999996e-03
3.7350851925962978e+00	4.1830299999999999e-03
3.7350872436218108e+00	4.1917200000000003e-03
3.7350892946473233e+00	4.2004099999999999e-03
3.7350913456728363e+00	4.2090900000000004e-03
3.7350933966983488e+00	4.2177500000000001e-03
3.7350954477238618e+00	4.2264099999999999e-03
3.7350974987493744e+00	4.2350599999999997e-03
3.7350995497748873e+00	4.2437000000000004e-03
3.7351016008003999e+00	4.2523300000000003e-03
3.7351036518259129e+00	4.2609500000000003e-03
3.7351057028514254e+00	4.2695600000000004e-03
3.7351077538769384e+00	4.2781599999999996e-03
3.7351098049024509e+00	4.2867499999999998e-03
3.7351118559279639e+00	4.2953300000000000e-03
3.7351139069534764e+00	4.3039000000000003e-03
3.7351159579789894e+00	4.3124699999999997e-03
3.7351180090045020e+00	4.3210200000000001e-03
3.7351200600300150e+00	4.3295599999999997e-03
3.7351221110555275e+00	4.3380900000000002e-03
3.7351241620810405e+00	4.3466199999999998e-03
3.7351262131065530e+00	4.3551299999999996e-03
3.7351282641320660e+00	4.3636400000000002e-03
3.7351303151575785e+00	4.3721300000000001e-03
3.7351323661830915e+00	4.3806200000000000e-03
3.7351344172086041e+00	4.3890999999999999e-03
3.7351364682341170e+00	4.3975700000000000e-03
3.7351385192596296e+00	4.4060200000000001e-03
3.7351405702851426e+00	4.4144700000000002e-03
3.7351426213106551e+00	4.4229100000000004e-03
3.7351446723361681e+00	4.4313399999999998e-03
3.7351467233616806e+00	4.4397600000000001e-03
3.7351487743871936e+00	4.4481700000000004e-03
3.7351508254127062e+00	4.4565799999999999e-03
3.7351528764382191e+00	4.4649700000000004e-03
3.7351549274637317e+00	4.4733500000000001e-03
3.7351569784892447e+00	4.4817299999999997e-03
3.7351590295147572e+00	4.4900900000000004e-03
3.7351610805402702e+00	4.4984500000000002e-03
3.7351631315657827e+00	4.5067900000000001e-03
3.7351651825912953e+00	4.5151300000000000e-03
3.7351672336168082e+00	4.5234600000000000e-03
3.7351692846423208e+00	4.5317800000000000e-03
3.7351713356678338e+00	4.5400900000000001e-03
3.7351733866933463e+00	4.5483900000000002e-03
3.7351754377188593e+00	4.5566799999999996e-03
3.7351774887443718e+00	4.5649599999999999e-03
3.7351795397698848e+00	4.5732300000000002e-03
3.7351815907953974e+00	4.5814999999999996e-03
3.7351836418209103e+00	4.5897500000000001e-03
3.7351856928464229e+00	4.5979999999999997e-03
3.7351877438719359e+00	4.6062300000000002e-03
3.7351897948974484e+00	4.6144599999999999e-03
3.7351918459229614e+00	4.6226799999999997e-03
3.7351938969484739e+00	4.6308900000000004e-03
3.7351959479739869e+00	4.6390900000000002e-03
3.7351979989994994e+00	4.6472800000000002e-03
3.7352000500250124e+00	4.6554600000000002e-03
3.7352021010505250e+00	4.6636400000000001e-03
3.7352041520760380e+00	4.6718000000000003e-03
3.7352062031015505e+00	4.6799600000000004e-03
3.7352082541270635e+00	4.6880999999999997e-03
3.7352103051525760e+00	4.6962400000000000e-03
3.7352123561780890e+00	4.7043700000000003e-03
3.7352144072036015e+00	4.7124899999999997e-03
3.7352164582291145e+00	4.7206000000000001e-03
3.7352185092546271e+00	4.7287099999999997e-03
3.7352205602801400e+00	4.7368000000000002e-03
3.7352226113056526e+00	4.7448799999999999e-03
3.7352246623311656e+00	4.7529599999999997e-03
3.7352267133566781e+00	4.7610300000000003e-03
3.7352287643821911e+00	4.7690900000000001e-03
3.7352308154077036e+00	4.7771300000000001e-03
3.7352328664332166e+00	4.7851800000000000e-03
3.7352349174587292e+00	4.7932100000000000e-03
3.7352369684842421e+00	4.8012300000000001e-03
3.7352390195097547e+00	4.8092500000000002e-03
3.7352410705352677e+00	4.8172500000000004e-03
3.7352431215607802e+00	4.8252499999999997e-03
3.7352451725862932e+00	4.8332399999999999e-03
3.7352472236118057e+00	4.8412200000000002e-03
3.7352492746373187e+00	4.8491899999999998e-03
3.7352513256628312e+00	4.8571500000000002e-03
3.7352533766883438e+00	4.8651099999999997e-03
3.7352554277138568e+00	4.8730500000000003e-03
3.7352574787393693e+00	4.8809900000000000e-03
3.7352595297648823e+00	4.8889199999999997e-03
3.7352615807903948e+00	4.8968400000000004e-03
3.7352636318159078e+00	4.9047500000000003e-03
3.7352656828414204e+00	4.9126500000000002e-03
3.7352677338669333e+00	4.9205400000000002e-03
3.7352697848924459e+00	4.9284300000000001e-03
3.7352718359179589e+00	4.9363100000000002e-03
3.7352738869434714e+00	4.9441800000000003e-03
3.7352759379689844e+00	4.9520399999999996e-03
3.7352779889944969e+00	4.9598899999999998e-03
3.7352800400200099e+00	4.9677300000000001e-03
3.7352820910455224e+00	4.9755700000000003e-03
3.7352841420710354e+00	4.9833899999999999e-03
3.7352861930965480e+00	4.9912100000000003e-03
3.7352882441220610e+00	4.9990199999999999e-03
3.7352902951475735e+00	5.0068200000000004e-03
3.7352923461730865e+00	5.0146200000000000e-03
3.7352943971985990e+00	5.0223999999999998e-03
3.7352964482241120e+00	5.0301800000000004e-03
3.7352984992496245e+00	5.0379500000000002e-03
3.7353005502751375e+00	5.0457100000000001e-03
3.7353026013006501e+00	5.0534600000000001e-03
3.7353046523261630e+00	5.0612000000000001e-03
3.7353067033516756e+00	5.0689400000000001e-03
3.7353087543771886e+00	5.0766600000000002e-03
3.7353108054027011e+00	5.0843800000000003e-03
3.7353128564282141e+00	5.0920899999999996e-03
3.7353149074537266e+00	5.0997899999999999e-03
3.7353169584792396e+00	5.1074900000000001e-03
3.7353190095047522e+00	5.1151800000000004e-03
3.7353210605302651e+00	5.1228500000000000e-03
3.7353231115557777e+00	5.1305200000000004e-03
3.7353251625812907e+00	5.1381899999999999e-03
3.7353272136068032e+00	5.1458399999999996e-03
3.7353292646323162e+00	5.1534800000000002e-03
3.7353313156578287e+00	5.1611199999999999e-03
3.7353333666833417e+00	5.1687499999999997e-03
3.7353354177088542e+00	5.1763699999999996e-03
3.7353374687343672e+00	5.1839900000000003e-03
3.7353395197598798e+00	5.1915900000000003e-03
3.7353415707853923e+00	5.1991900000000002e-03
3.7353436218109053e+00	5.2067800000000003e-03
3.7353456728364178e+00	5.2143600000000003e-03
3.7353477238619308e+00	5.2219299999999996e-03
3.7353497748874434e+00	5.2294999999999998e-03
3.7353518259129563e+00	5.2370600000000000e-03
3.7353538769384689e+00	5.2446100000000002e-03
3.7353559279639819e+00	5.2521499999999997e-03
3.7353579789894944e+00	5.2596800000000001e-03
3.7353600300150074e+00	5.2672099999999996e-03
3.7353620810405199e+00	5.2747300000000000e-03
3.7353641320660329e+00	5.2822399999999997e-03
3.7353661830915454e+00	5.2897400000000002e-03
3.7353682341170584e+00	5.2972399999999999e-03
3.7353702851425710e+00	5.3047199999999997e-03
3.7353723361680840e+00	5.3122000000000004e-03
3.7353743871935965e+00	5.3196700000000003e-03
3.7353764382191095e+00	5.3271400000000002e-03
3.7353784892446220e+00	5.3345900000000002e-03
3.7353805402701350e+00	5.3420400000000002e-03
3.7353825912956475e+00	5.3494800000000002e-03
3.7353846423211605e+00	5.3569100000000003e-03
3.7353866933466731e+00	5.3643400000000004e-03
3.7353887443721860e+00	5.3717599999999997e-03
3.7353907953976986e+00	5.3791700000000000e-03
3.7353928464232116e+00	5.3865700000000002e-03
3.7353948974487241e+00	5.3939599999999997e-03
3.7353969484742371e+00	5.4013500000000001e-03
3.7353989994997496e+00	5.4087299999999996e-03
3.7354010505252626e+00	5.4161000000000001e-03
3.7354031015507752e+00	5.4234699999999997e-03
3.7354051525762881e+00	5.4308200000000003e-03
3.7354072036018007e+00	5.4381700000000000e-03
3.7354092546273137e+00	5.4455099999999998e-03
3.7354113056528262e+00	5.4528500000000004e-03
3.7354133566783392e+00	5.4601700000000003e-03
3.7354154077038517e+00	5.4674900000000002e-03
3.7354174587293647e+00	5.4748000000000002e-03
3.7354195097548772e+00	5.4821100000000001e-03
3.7354215607803902e+00	5.4894100000000001e-03
3.7354236118059028e+00	5.4967000000000002e-03
3.7354256628314157e+00	5.5039800000000003e-03
3.7354277138569283e+00	5.5112499999999997e-03
3.7354297648824408e+00	5.5185199999999998e-03
3.7354318159079538e+00	5.5257800000000001e-03
3.7354338669334664e+00	5.5330300000000004e-03
3.7354359179589793e+00	5.5402799999999999e-03
3.7354379689844919e+00	5.5475100000000003e-03
3.7354400200100049e+00	5.5547399999999999e-03
3.7354420710355174e+00	5.5619700000000003e-03
3.7354441220610304e+00	5.5691800000000000e-03
3.7354461730865429e+00	5.5763899999999996e-03
3.7354482241120559e+00	5.5835900000000003e-03
3.7354502751375684e+00	5.5907900000000000e-03
3.7354523261630814e+00	5.5979699999999999e-03
3.7354543771885940e+00	5.6051499999999997e-03
3.7354564282141069e+00	5.6123199999999996e-03
3.7354584792396195e+00	5.6194900000000004e-03
3.7354605302651325e+00	5.6266500000000004e-03
3.7354625812906450e+00	5.6337999999999996e-03
3.7354646323161580e+00	5.6409399999999997e-03
3.7354666833416705e+00	5.6480799999999998e-03
3.7354687343671835e+00	5.6552099999999999e-03
3.7354707853926961e+00	5.6623300000000001e-03
3.7354728364182090e+00	5.6694400000000004e-03
3.7354748874437216e+00	5.6765499999999998e-03
3.7354769384692346e+00	5.6836500000000002e-03
3.7354789894947471e+00	5.6907399999999997e-03
3.7354810405202601e+00	5.6978300000000001e-03
3.7354830915457726e+00	5.7049099999999997e-03
3.7354851425712856e+00	5.7119800000000002e-03
3.7354871935967981e+00	5.7190499999999998e-03
3.7354892446223111e+00	5.7261100000000004e-03
3.7354912956478237e+00	5.7331600000000002e-03
3.7354933466733367e+00	5.7402000000000000e-03
3.7354953976988492e+00	5.7472399999999998e-03
3.7354974487243622e+00	5.7542699999999997e-03
3.7354994997498747e+00	5.7612899999999996e-03
3.7355015507753877e+00	5.7683099999999996e-03
3.7355036018009002e+00	5.7753199999999996e-03
3.7355056528264132e+00	5.7823199999999996e-03
3.7355077038519258e+00	5.7893199999999997e-03
3.7355097548774387e+00	5.7963099999999998e-03
3.7355118059029513e+00	5.8032900000000000e-03
3.7355138569284638e+00	5.8102700000000002e-03
3.7355159079539768e+00	5.8172299999999996e-03
3.7355179589794894e+00	5.8241999999999999e-03
3.7355200100050023e+00	5.8311500000000002e-03
3.7355220610305149e+00	5.8380999999999997e-03
3.7355241120560279e+00	5.8450400000000001e-03
3.7355261630815404e+00	5.8519799999999997e-03
3.7355282141070534e+00	5.8589000000000002e-03
3.7355302651325659e+00	5.8658199999999999e-03
3.7355323161580789e+00	5.8727400000000004e-03
3.7355343671835914e+00	5.8796500000000002e-03
3.7355364182091044e+00	5.8865499999999999e-03
3.7355384692346170e+00	5.8934399999999998e-03
3.7355405202601299e+00	5.9003299999999996e-03
3.7355425712856425e+00	5.9072100000000004e-03
3.7355446223111555e+00	5.9140800000000004e-03
3.7355466733366680e+00	5.9209500000000003e-03
3.7355487243621810e+00	5.9278100000000004e-03
3.7355507753876935e+00	5.9346700000000004e-03
3.7355528264132065e+00	5.9415099999999997e-03
3.7355548774387191e+00	5.9483499999999998e-03
3.7355569284642320e+00	5.9551900000000000e-03
3.7355589794897446e+00	5.9620200000000002e-03
3.7355610305152576e+00	5.9688400000000004e-03
3.7355630815407701e+00	5.9756499999999999e-03
3.7355651325662831e+00	5.9824600000000002e-03
3.7355671835917956e+00	5.9892599999999997e-03
3.7355692346173086e+00	5.9960600000000001e-03
3.7355712856428211e+00	6.0028499999999997e-03
3.7355733366683341e+00	6.0096300000000002e-03
3.7355753876938467e+00	6.0163999999999999e-03
3.7355774387193597e+00	6.0231700000000004e-03
3.7355794897448722e+00	6.0299400000000001e-03
3.7355815407703852e+00	6.0366899999999999e-03
3.7355835917958977e+00	6.0434399999999997e-03
3.7355856428214107e+00	6.0501900000000004e-03
3.7355876938469232e+00	6.0569200000000004e-03
3.7355897448724362e+00	6.0636500000000003e-03
3.7355917958979488e+00	6.0703800000000002e-03
3.7355938469234617e+00	6.0771000000000002e-03
3.7355958979489743e+00	6.0838100000000003e-03
3.7355979489744873e+00	6.0905100000000004e-03
3.7355999999999998e+00	6.0972099999999996e-03
