3.520159999999999956e-01
3.519789999999999863e-01
3.518660000000000121e-01
3.516779999999999906e-01
3.514160000000000061e-01
3.510789999999999744e-01
3.506679999999999797e-01
3.501830000000000220e-01
3.496250000000000191e-01
3.489949999999999997e-01
3.482919999999999905e-01
3.475179999999999936e-01
3.466739999999999822e-01
3.457600000000000118e-01
3.447770000000000001e-01
3.437270000000000048e-01
3.426100000000000256e-01
3.414280000000000093e-01
3.401819999999999844e-01
3.388720000000000065e-01
3.375009999999999954e-01
3.360710000000000086e-01
3.345810000000000173e-01
3.330339999999999967e-01
3.314320000000000044e-01
3.297749999999999848e-01
3.280669999999999975e-01
3.263079999999999870e-01
3.245000000000000107e-01
3.226459999999999884e-01
3.207459999999999756e-01
3.188039999999999763e-01
3.168210000000000193e-01
3.147989999999999955e-01
3.127389999999999892e-01
3.106459999999999777e-01
3.085189999999999877e-01
3.063629999999999964e-01
3.041780000000000039e-01
3.019669999999999854e-01
2.997330000000000272e-01
2.974780000000000202e-01
2.952040000000000219e-01
2.929140000000000077e-01
2.906099999999999794e-01
2.882950000000000235e-01
2.859709999999999752e-01
2.836409999999999765e-01
2.813069999999999737e-01
2.789730000000000265e-01
2.766410000000000258e-01
2.743140000000000023e-01
2.719940000000000135e-01
2.696859999999999813e-01
2.673909999999999898e-01
2.651129999999999876e-01
2.628559999999999786e-01
2.606220000000000203e-01
2.584150000000000058e-01
2.562389999999999946e-01
2.540979999999999905e-01
2.519950000000000245e-01
2.499349999999999905e-01
2.479220000000000035e-01
2.459610000000000130e-01
2.440569999999999962e-01
2.422140000000000126e-01
2.404399999999999871e-01
2.387410000000000088e-01
2.371219999999999994e-01
2.355919999999999959e-01
2.341580000000000050e-01
2.328290000000000082e-01
2.316169999999999896e-01
2.305300000000000127e-01
2.295830000000000093e-01
2.287879999999999914e-01
2.281630000000000047e-01
2.277240000000000097e-01
2.274930000000000008e-01
2.274930000000000008e-01
2.277530000000000110e-01
2.283060000000000089e-01
2.291890000000000038e-01
2.304479999999999862e-01
2.321370000000000100e-01
2.343230000000000035e-01
2.370849999999999902e-01
2.405210000000000126e-01
2.447509999999999963e-01
2.499270000000000103e-01
2.562389999999999946e-01
2.639290000000000247e-01
2.733099999999999974e-01
2.847839999999999816e-01
2.988750000000000018e-01
3.162610000000000143e-01
3.377970000000000139e-01
3.644899999999999807e-01
3.972939999999999805e-01
4.363279999999999936e-01
4.784809999999999897e-01
5.112989999999999480e-01
5.029869999999999619e-01
4.075219999999999954e-01
2.120199999999999863e-01
1.608950000000000102e-01
1.514540000000000053e-01
1.426310000000000078e-01
1.354210000000000136e-01
1.295540000000000025e-01
1.247290000000000065e-01
1.207150000000000029e-01
1.173389999999999989e-01
1.144720000000000043e-01
1.120189999999999936e-01
1.099060000000000037e-01
1.080750000000000044e-01
1.064810000000000062e-01
1.050859999999999989e-01
1.038629999999999970e-01
1.027860000000000024e-01
1.018359999999999960e-01
1.009970000000000034e-01
1.002529999999999949e-01
9.959339999999999860e-02
9.900839999999999641e-02
9.848890000000000422e-02
9.802769999999999539e-02
9.761830000000000507e-02
9.725509999999999711e-02
9.693330000000000002e-02
9.664860000000000118e-02
9.639730000000000520e-02
9.617589999999999473e-02
9.598170000000000313e-02
9.581199999999999439e-02
9.566449999999999954e-02
9.553709999999999980e-02
9.542799999999999894e-02
9.533550000000000357e-02
9.525809999999999833e-02
9.519460000000000421e-02
9.514369999999999772e-02
9.510430000000000272e-02
9.507549999999999335e-02
9.505629999999999635e-02
9.504600000000000548e-02
9.504369999999999485e-02
9.504890000000000561e-02
9.506100000000000660e-02
9.507939999999999447e-02
9.510349999999999360e-02
9.513299999999999534e-02
9.516739999999999922e-02
9.520629999999999371e-02
9.524929999999999508e-02
9.529630000000000045e-02
9.534679999999999545e-02
9.540049999999999919e-02
9.545739999999999781e-02
9.551700000000000468e-02
9.557920000000000305e-02
9.564390000000000391e-02
9.571079999999999866e-02
9.577979999999999827e-02
9.585069999999999701e-02
9.592340000000000588e-02
9.599779999999999425e-02
9.607369999999999799e-02
9.615110000000000323e-02
9.622980000000000422e-02
9.630980000000000096e-02
9.639100000000000446e-02
9.647329999999999794e-02
9.655660000000000631e-02
9.664090000000000180e-02
9.672609999999999542e-02
9.681209999999999816e-02
9.689899999999999902e-02
9.698669999999999514e-02
9.707509999999999750e-02
9.716410000000000324e-02
9.725390000000000423e-02
9.734420000000000572e-02
9.743519999999999959e-02
9.752669999999999395e-02
9.761880000000000557e-02
9.771150000000000668e-02
9.780460000000000542e-02
9.789820000000000466e-02
9.799230000000000440e-02
9.808690000000000464e-02
9.818200000000000538e-02
9.827740000000000087e-02
9.837339999999999973e-02
9.846969999999999335e-02
9.856650000000000134e-02
9.866369999999999307e-02
9.876129999999999631e-02
9.885929999999999718e-02
9.895769999999999567e-02
9.905650000000000566e-02
9.915569999999999939e-02
9.925530000000000463e-02
9.935529999999999362e-02
9.945579999999999699e-02
9.955659999999999510e-02
9.965780000000000471e-02
9.975939999999999808e-02
9.986140000000000294e-02
9.996380000000000543e-02
1.000670000000000032e-01
1.001699999999999952e-01
1.002740000000000020e-01
1.003779999999999950e-01
1.004820000000000019e-01
1.005869999999999959e-01
1.006920000000000037e-01
1.007979999999999987e-01
1.009039999999999937e-01
1.010110000000000036e-01
1.011179999999999995e-01
1.012259999999999965e-01
1.013339999999999935e-01
1.014420000000000044e-01
1.015510000000000024e-01
1.016600000000000004e-01
1.017699999999999994e-01
1.018809999999999993e-01
1.019919999999999993e-01
1.021029999999999993e-01
1.022150000000000003e-01
1.023270000000000013e-01
1.024400000000000033e-01
1.025530000000000053e-01
1.026669999999999944e-01
1.027809999999999974e-01
1.028960000000000014e-01
1.030110000000000053e-01
1.031269999999999964e-01
1.032440000000000024e-01
1.033609999999999945e-01
1.034780000000000005e-01
1.035959999999999936e-01
1.037150000000000016e-01
1.038339999999999957e-01
1.039540000000000047e-01
1.040739999999999998e-01
1.041949999999999960e-01
1.043160000000000059e-01
1.044380000000000031e-01
1.045610000000000012e-01
1.046839999999999993e-01
1.048079999999999984e-01
1.049319999999999975e-01
1.050569999999999976e-01
1.051819999999999977e-01
1.053089999999999998e-01
1.054350000000000009e-01
1.055630000000000041e-01
1.056909999999999933e-01
1.058189999999999964e-01
1.059480000000000005e-01
1.060780000000000056e-01
1.062089999999999979e-01
1.063400000000000040e-01
1.064719999999999972e-01
1.066040000000000043e-01
1.067369999999999985e-01
1.068709999999999938e-01
1.070050000000000029e-01
1.071399999999999991e-01
1.072759999999999964e-01
1.074119999999999936e-01
1.075490000000000057e-01
1.076860000000000039e-01
1.078250000000000042e-01
1.079640000000000044e-01
1.081030000000000046e-01
1.082430000000000059e-01
1.083839999999999942e-01
1.085259999999999975e-01
1.086680000000000007e-01
1.088110000000000049e-01
1.089549999999999963e-01
1.090990000000000015e-01
1.092439999999999939e-01
1.093900000000000011e-01
1.095369999999999955e-01
1.096840000000000037e-01
1.098309999999999981e-01
1.099799999999999944e-01
1.101290000000000047e-01
1.102790000000000020e-01
1.104300000000000004e-01
1.105809999999999987e-01
1.107329999999999981e-01
1.108859999999999985e-01
1.110399999999999998e-01
1.111940000000000012e-01
1.113490000000000035e-01
1.115040000000000059e-01
1.116609999999999964e-01
1.118180000000000007e-01
1.119760000000000061e-01
1.121339999999999976e-01
1.122940000000000049e-01
1.124539999999999984e-01
1.126150000000000068e-01
1.127760000000000012e-01
1.129379999999999967e-01
1.131009999999999932e-01
1.132650000000000046e-01
1.134300000000000030e-01
1.135950000000000015e-01
1.137610000000000010e-01
1.139270000000000005e-01
1.140950000000000020e-01
1.142630000000000035e-01
1.144320000000000059e-01
1.146019999999999955e-01
1.147719999999999990e-01
1.149440000000000045e-01
1.151159999999999961e-01
1.152880000000000016e-01
1.154619999999999952e-01
1.156360000000000027e-01
1.158109999999999973e-01
1.159870000000000068e-01
1.161640000000000034e-01
1.163410000000000000e-01
1.165189999999999976e-01
1.166979999999999962e-01
1.168779999999999958e-01
1.170579999999999954e-01
1.172389999999999960e-01
1.174209999999999976e-01
1.176040000000000002e-01
1.177880000000000038e-01
1.179719999999999935e-01
1.181569999999999981e-01
1.183430000000000037e-01
1.185299999999999965e-01
1.187170000000000031e-01
1.189049999999999968e-01
1.190940000000000054e-01
1.192840000000000011e-01
1.194749999999999979e-01
1.196659999999999946e-01
1.198589999999999933e-01
1.200520000000000059e-01
1.202450000000000047e-01
1.204400000000000054e-01
1.206350000000000061e-01
1.208319999999999950e-01
1.210289999999999977e-01
1.212270000000000014e-01
1.214250000000000052e-01
1.216249999999999970e-01
1.218250000000000027e-01
1.220259999999999956e-01
1.222280000000000033e-01
1.224309999999999982e-01
1.226340000000000069e-01
1.228390000000000037e-01
1.230440000000000006e-01
1.232499999999999984e-01
1.234559999999999963e-01
1.236639999999999961e-01
1.238729999999999970e-01
1.240819999999999979e-01
1.242919999999999997e-01
1.245030000000000026e-01
1.247150000000000064e-01
1.249269999999999964e-01
1.251410000000000022e-01
1.253549999999999942e-01
1.255699999999999872e-01
1.257860000000000089e-01
1.260030000000000039e-01
1.262199999999999989e-01
1.264389999999999958e-01
1.266579999999999928e-01
1.268779999999999908e-01
1.270989999999999898e-01
1.273209999999999897e-01
1.275439999999999907e-01
1.277679999999999927e-01
1.279919999999999947e-01
1.282169999999999976e-01
1.284440000000000026e-01
1.286710000000000076e-01
1.288980000000000126e-01
1.291269999999999918e-01
1.293569999999999998e-01
1.295870000000000077e-01
1.298189999999999900e-01
1.300509999999999999e-01
1.302840000000000109e-01
1.305179999999999951e-01
1.307530000000000081e-01
1.309889999999999943e-01
1.312250000000000083e-01
1.314629999999999965e-01
1.317010000000000125e-01
1.319400000000000017e-01
1.321809999999999929e-01
1.324220000000000119e-01
1.326640000000000041e-01
1.329069999999999974e-01
1.331499999999999906e-01
1.333950000000000136e-01
1.336410000000000098e-01
1.338870000000000060e-01
1.341340000000000032e-01
1.343830000000000024e-01
1.346320000000000017e-01
1.348820000000000019e-01
1.351330000000000031e-01
1.353850000000000053e-01
1.356380000000000086e-01
1.358920000000000128e-01
1.361469999999999902e-01
1.364019999999999955e-01
1.366590000000000027e-01
1.369160000000000099e-01
1.371749999999999914e-01
1.374340000000000006e-01
1.376950000000000118e-01
1.379559999999999953e-01
1.382180000000000075e-01
1.384809999999999930e-01
1.387460000000000082e-01
1.390109999999999957e-01
1.392770000000000119e-01
1.395440000000000014e-01
1.398119999999999918e-01
1.400810000000000111e-01
1.403510000000000035e-01
1.406219999999999970e-01
1.408939999999999915e-01
1.411660000000000137e-01
1.414400000000000102e-01
1.417150000000000076e-01
1.419910000000000061e-01
1.422680000000000056e-01
1.425460000000000060e-01
1.428240000000000065e-01
1.431040000000000090e-01
1.433850000000000124e-01
1.436669999999999892e-01
1.439499999999999946e-01
1.442330000000000001e-01
1.445180000000000076e-01
1.448039999999999883e-01
1.450909999999999977e-01
1.453790000000000082e-01
1.456679999999999919e-01
1.459580000000000044e-01
1.462489999999999901e-01
1.465410000000000046e-01
1.468339999999999923e-01
1.471280000000000088e-01
1.474229999999999985e-01
1.477189999999999892e-01
1.480170000000000097e-01
1.483150000000000024e-01
1.486139999999999961e-01
1.489149999999999918e-01
1.492159999999999875e-01
1.495190000000000130e-01
1.498230000000000117e-01
1.501270000000000104e-01
1.504330000000000112e-01
1.507400000000000129e-01
1.510479999999999878e-01
1.513569999999999915e-01
1.516679999999999973e-01
1.519790000000000030e-01
1.522910000000000097e-01
1.526049999999999907e-01
1.529200000000000004e-01
1.532350000000000101e-01
1.535519999999999941e-01
1.538700000000000068e-01
1.541899999999999937e-01
1.545100000000000084e-01
1.548309999999999964e-01
1.551539999999999864e-01
1.554780000000000051e-01
1.558029999999999970e-01
1.561289999999999900e-01
1.564560000000000117e-01
1.567840000000000067e-01
1.571140000000000037e-01
1.574450000000000016e-01
1.577759999999999996e-01
1.581100000000000005e-01
1.584440000000000015e-01
1.587790000000000035e-01
1.591160000000000074e-01
1.594540000000000124e-01
1.597929999999999906e-01
1.601329999999999976e-01
1.604750000000000065e-01
1.608179999999999887e-01
1.611619999999999997e-01
1.615070000000000117e-01
1.618529999999999969e-01
1.622010000000000118e-01
1.625500000000000000e-01
1.628999999999999893e-01
1.632520000000000082e-01
1.636039999999999994e-01
1.639579999999999926e-01
1.643139999999999878e-01
1.646700000000000108e-01
1.650280000000000080e-01
1.653870000000000062e-01
1.657480000000000064e-01
1.661090000000000066e-01
1.664720000000000089e-01
1.668370000000000131e-01
1.672019999999999895e-01
1.675689999999999957e-01
1.679380000000000039e-01
1.683070000000000122e-01
1.686779999999999946e-01
1.690510000000000068e-01
1.694249999999999923e-01
1.698000000000000065e-01
1.701759999999999939e-01
1.705540000000000112e-01
1.709330000000000016e-01
1.713129999999999931e-01
1.716949999999999865e-01
1.720790000000000097e-01
1.724630000000000052e-01
1.728500000000000036e-01
1.732370000000000021e-01
1.736260000000000026e-01
1.740170000000000050e-01
1.744080000000000075e-01
1.748020000000000129e-01
1.751959999999999906e-01
1.755919999999999981e-01
1.759900000000000075e-01
1.763889999999999902e-01
1.767900000000000027e-01
1.771919999999999884e-01
1.775950000000000029e-01
1.779999999999999916e-01
1.784070000000000100e-01
1.788150000000000017e-01
1.792239999999999944e-01
1.796349999999999891e-01
1.800480000000000136e-01
1.804620000000000113e-01
1.808780000000000110e-01
1.812950000000000117e-01
1.817139999999999866e-01
1.821339999999999903e-01
1.825559999999999961e-01
1.829790000000000028e-01
1.834040000000000115e-01
1.838309999999999944e-01
1.842590000000000061e-01
1.846889999999999921e-01
1.851200000000000068e-01
1.855529999999999957e-01
1.859879999999999867e-01
1.864240000000000064e-01
1.868620000000000003e-01
1.873019999999999963e-01
1.877429999999999932e-01
1.881859999999999922e-01
1.886309999999999931e-01
1.890769999999999951e-01
1.895249999999999990e-01
1.899750000000000050e-01
1.904260000000000119e-01
1.908789999999999931e-01
1.913340000000000041e-01
1.917899999999999883e-01
1.922490000000000032e-01
1.927089999999999914e-01
1.931710000000000094e-01
1.936340000000000006e-01
1.940999999999999948e-01
1.945669999999999900e-01
1.950359999999999872e-01
1.955060000000000131e-01
1.959789999999999865e-01
1.964529999999999887e-01
1.969289999999999929e-01
1.974069999999999991e-01
1.978870000000000073e-01
1.983689999999999898e-01
1.988520000000000010e-01
1.993379999999999874e-01
1.998250000000000026e-01
2.003139999999999921e-01
2.008050000000000113e-01
2.012980000000000047e-01
2.017930000000000001e-01
2.022899999999999976e-01
2.027879999999999960e-01
2.032889999999999975e-01
2.037920000000000009e-01
2.042960000000000054e-01
2.048030000000000128e-01
2.053109999999999935e-01
2.058220000000000049e-01
2.063339999999999896e-01
2.068490000000000051e-01
2.073649999999999938e-01
2.078840000000000132e-01
2.084040000000000059e-01
2.089270000000000016e-01
2.094519999999999993e-01
2.099779999999999980e-01
2.105069999999999997e-01
2.110380000000000034e-01
2.115710000000000091e-01
2.121059999999999890e-01
2.126429999999999987e-01
2.131820000000000104e-01
2.137239999999999973e-01
2.142670000000000130e-01
2.148130000000000039e-01
2.153609999999999969e-01
2.159109999999999918e-01
2.164629999999999888e-01
2.170169999999999877e-01
2.175739999999999896e-01
2.181329999999999936e-01
2.186939999999999995e-01
2.192570000000000074e-01
2.198219999999999896e-01
2.203900000000000026e-01
2.209599999999999898e-01
2.215320000000000067e-01
2.221069999999999989e-01
2.226829999999999921e-01
2.232619999999999882e-01
2.238439999999999874e-01
2.244269999999999876e-01
2.250129999999999908e-01
2.256019999999999970e-01
2.261920000000000042e-01
2.267849999999999866e-01
2.273799999999999988e-01
2.279779999999999862e-01
2.285780000000000034e-01
2.291799999999999948e-01
2.297849999999999893e-01
2.303920000000000134e-01
2.310020000000000129e-01
2.316139999999999866e-01
2.322279999999999900e-01
2.328449999999999964e-01
2.334650000000000059e-01
2.340859999999999885e-01
2.347100000000000020e-01
2.353369999999999906e-01
2.359660000000000091e-01
2.365980000000000028e-01
2.372319999999999984e-01
2.378679999999999961e-01
2.385069999999999968e-01
2.391490000000000005e-01
2.397930000000000061e-01
2.404390000000000138e-01
2.410879999999999967e-01
2.417400000000000104e-01
2.423939999999999984e-01
2.430509999999999893e-01
2.437100000000000100e-01
2.443720000000000059e-01
2.450360000000000038e-01
2.457030000000000047e-01
2.463720000000000077e-01
2.470440000000000136e-01
2.477179999999999938e-01
2.483950000000000047e-01
2.490749999999999909e-01
2.497570000000000068e-01
2.504410000000000247e-01
2.511289999999999911e-01
2.518179999999999863e-01
2.525109999999999855e-01
2.532059999999999866e-01
2.539029999999999898e-01
2.546030000000000237e-01
2.553059999999999774e-01
2.560109999999999886e-01
2.567180000000000017e-01
2.574279999999999902e-01
2.581410000000000093e-01
2.588559999999999750e-01
2.595740000000000269e-01
2.602940000000000254e-01
2.610169999999999990e-01
2.617419999999999747e-01
2.624690000000000079e-01
2.631990000000000163e-01
2.639319999999999999e-01
2.646669999999999856e-01
2.654039999999999733e-01
2.661439999999999917e-01
2.668860000000000121e-01
2.676299999999999790e-01
2.683769999999999767e-01
2.691259999999999764e-01
2.698780000000000068e-01
2.706310000000000104e-01
2.713869999999999894e-01
2.721450000000000258e-01
2.729059999999999819e-01
2.736680000000000224e-01
2.744329999999999825e-01
2.751990000000000269e-01
2.759679999999999911e-01
2.767390000000000128e-01
2.775110000000000077e-01
2.782859999999999778e-01
2.790619999999999767e-01
2.798399999999999777e-01
2.806199999999999806e-01
2.814019999999999855e-01
2.821850000000000191e-01
2.829699999999999993e-01
2.837560000000000082e-01
2.845440000000000191e-01
2.853330000000000033e-01
2.861230000000000162e-01
2.869149999999999756e-01
2.877080000000000193e-01
2.885019999999999807e-01
2.892970000000000264e-01
2.900920000000000165e-01
2.908890000000000087e-01
2.916860000000000008e-01
2.924840000000000217e-01
2.932819999999999871e-01
2.940800000000000081e-01
2.948790000000000022e-01
2.956779999999999964e-01
2.964769999999999905e-01
2.972750000000000115e-01
2.980729999999999769e-01
2.988709999999999978e-01
2.996679999999999899e-01
3.004640000000000088e-01
3.012589999999999990e-01
3.020519999999999872e-01
3.028449999999999753e-01
3.036360000000000170e-01
3.044239999999999724e-01
3.052110000000000101e-01
3.059959999999999902e-01
3.067779999999999951e-01
3.075570000000000248e-01
3.083330000000000237e-01
3.091050000000000186e-01
3.098739999999999828e-01
3.106400000000000272e-01
3.114000000000000101e-01
3.121559999999999890e-01
3.129080000000000195e-01
3.136530000000000151e-01
3.143929999999999780e-01
3.151269999999999905e-01
3.158549999999999969e-01
3.165749999999999953e-01
3.172880000000000145e-01
3.179930000000000256e-01
3.186890000000000001e-01
3.193770000000000220e-01
3.200549999999999784e-01
3.207229999999999803e-01
3.213799999999999990e-01
3.220259999999999789e-01
3.226600000000000024e-01
3.232809999999999850e-01
3.238889999999999825e-01
3.244830000000000214e-01
3.250609999999999888e-01
3.256240000000000245e-01
3.261709999999999887e-01
3.266999999999999904e-01
3.272109999999999741e-01
3.277019999999999933e-01
3.281729999999999925e-01
3.286220000000000252e-01
3.290489999999999804e-01
3.294520000000000226e-01
3.298300000000000121e-01
3.301819999999999755e-01
3.305060000000000220e-01
3.308010000000000117e-01
3.310660000000000269e-01
3.312999999999999834e-01
3.315000000000000169e-01
3.316640000000000144e-01
3.317919999999999758e-01
3.318820000000000103e-01
3.319309999999999761e-01
3.319380000000000108e-01
3.319010000000000016e-01
3.318169999999999731e-01
3.316850000000000076e-01
3.315020000000000189e-01
3.312669999999999781e-01
3.309750000000000192e-01
3.306259999999999755e-01
3.302160000000000095e-01
3.297430000000000083e-01
3.292039999999999966e-01
3.285959999999999992e-01
3.279170000000000140e-01
3.271620000000000084e-01
3.263300000000000090e-01
3.254170000000000118e-01
3.244190000000000129e-01
3.233329999999999815e-01
3.221559999999999979e-01
3.208849999999999758e-01
3.195149999999999935e-01
3.180430000000000201e-01
3.164660000000000251e-01
3.147809999999999775e-01
3.129819999999999824e-01
3.110669999999999824e-01
3.090330000000000021e-01
3.068750000000000089e-01
3.045910000000000006e-01
3.021769999999999734e-01
2.996300000000000074e-01
2.969470000000000165e-01
2.941259999999999986e-01
2.911639999999999784e-01
2.880590000000000095e-01
2.848100000000000076e-01
2.814150000000000262e-01
2.778740000000000099e-01
2.741859999999999853e-01
2.703530000000000100e-01
2.663760000000000017e-01
2.622559999999999891e-01
2.579969999999999763e-01
2.536039999999999961e-01
2.490799999999999959e-01
2.444320000000000104e-01
2.396679999999999922e-01
2.347970000000000057e-01
2.298290000000000055e-01
2.247740000000000016e-01
2.196480000000000099e-01
2.144629999999999870e-01
2.092370000000000063e-01
2.039870000000000017e-01
1.987329999999999930e-01
1.934960000000000013e-01
1.882989999999999942e-01
1.831659999999999955e-01
1.781230000000000036e-01
1.731959999999999888e-01
1.684150000000000091e-01
1.638090000000000102e-01
1.594079999999999941e-01
1.552439999999999931e-01
1.513500000000000123e-01
1.477590000000000015e-01
1.445059999999999956e-01
1.416250000000000009e-01
1.391539999999999999e-01
1.371310000000000029e-01
1.355979999999999963e-01
1.345989999999999964e-01
1.341880000000000017e-01
1.344299999999999939e-01
1.354120000000000046e-01
1.372599999999999931e-01
1.401910000000000101e-01
1.446570000000000078e-01
1.521919999999999940e-01
1.812209999999999932e-01
1.939440000000000053e-01
2.025589999999999891e-01
2.094709999999999905e-01
2.153950000000000031e-01
2.206609999999999960e-01
2.254529999999999867e-01
2.298870000000000080e-01
2.340389999999999970e-01
2.379670000000000119e-01
2.417100000000000082e-01
2.452999999999999903e-01
2.487610000000000099e-01
2.521140000000000048e-01
2.553739999999999899e-01
2.585549999999999793e-01
2.616680000000000117e-01
2.647220000000000129e-01
2.677269999999999928e-01
2.706879999999999842e-01
2.736120000000000219e-01
2.765050000000000008e-01
2.793720000000000092e-01
2.822169999999999956e-01
2.850429999999999908e-01
2.878560000000000008e-01
2.906569999999999987e-01
2.934510000000000174e-01
2.962400000000000033e-01
2.990260000000000140e-01
3.018120000000000247e-01
3.045999999999999819e-01
3.073940000000000006e-01
3.101940000000000253e-01
3.130020000000000024e-01
3.158210000000000184e-01
3.186530000000000196e-01
3.214989999999999792e-01
3.243610000000000104e-01
3.272419999999999773e-01
3.301410000000000178e-01
3.330620000000000247e-01
3.360060000000000269e-01
3.389739999999999975e-01
3.419690000000000230e-01
3.449909999999999921e-01
3.480429999999999913e-01
3.511259999999999937e-01
3.542420000000000013e-01
3.573930000000000162e-01
3.605809999999999849e-01
3.638060000000000183e-01
3.670720000000000094e-01
3.703790000000000138e-01
3.737309999999999799e-01
3.771280000000000188e-01
3.805729999999999946e-01
3.840680000000000205e-01
3.876160000000000161e-01
3.912180000000000102e-01
3.948769999999999780e-01
3.985960000000000059e-01
4.023760000000000114e-01
4.062209999999999988e-01
4.101339999999999986e-01
4.141170000000000129e-01
4.181739999999999902e-01
4.223080000000000167e-01
4.265220000000000122e-01
4.308199999999999807e-01
4.352059999999999818e-01
4.396840000000000193e-01
4.442579999999999862e-01
4.489339999999999997e-01
4.537149999999999794e-01
4.586069999999999869e-01
4.636159999999999726e-01
4.687479999999999980e-01
4.740079999999999849e-01
4.794050000000000256e-01
4.849450000000000149e-01
4.906369999999999898e-01
4.964890000000000136e-01
5.025110000000000410e-01
5.087129999999999708e-01
5.151059999999999528e-01
5.217019999999999991e-01
5.285149999999999570e-01
5.355600000000000360e-01
5.428539999999999477e-01
5.504130000000000411e-01
5.582599999999999785e-01
5.664160000000000306e-01
5.749079999999999746e-01
5.837639999999999496e-01
5.930170000000000163e-01
6.027059999999999640e-01
6.128740000000000299e-01
6.235739999999999617e-01
6.348650000000000126e-01
6.468199999999999505e-01
6.595259999999999456e-01
6.730899999999999661e-01
6.876470000000000082e-01
7.033669999999999645e-01
7.204749999999999766e-01
7.392790000000000195e-01
7.602139999999999453e-01
7.839420000000000277e-01
8.115599999999999481e-01
8.451699999999999768e-01
8.900820000000000398e-01
