6.146850000000000369e-01
6.146920000000000162e-01
6.147150000000000114e-01
6.147529999999999939e-01
6.148059999999999636e-01
6.148740000000000316e-01
6.149580000000000046e-01
6.150560000000000471e-01
6.151699999999999946e-01
6.152990000000000403e-01
6.154429999999999623e-01
6.156019999999999825e-01
6.157759999999999900e-01
6.159660000000000135e-01
6.161710000000000242e-01
6.163910000000000222e-01
6.166260000000000074e-01
6.168770000000000087e-01
6.171429999999999971e-01
6.174239999999999728e-01
6.177209999999999646e-01
6.180330000000000545e-01
6.183600000000000207e-01
6.187019999999999742e-01
6.190600000000000547e-01
6.194340000000000401e-01
6.198230000000000128e-01
6.202269999999999728e-01
6.206469999999999487e-01
6.210820000000000229e-01
6.215330000000000021e-01
6.219989999999999686e-01
6.224809999999999510e-01
6.229789999999999495e-01
6.234920000000000462e-01
6.240210000000000479e-01
6.245659999999999545e-01
6.251259999999999595e-01
6.257019999999999804e-01
6.262940000000000174e-01
6.269019999999999593e-01
6.275260000000000282e-01
6.281649999999999734e-01
6.288209999999999633e-01
6.294920000000000515e-01
6.301799999999999624e-01
6.308829999999999716e-01
6.316030000000000255e-01
6.323389999999999844e-01
6.330900000000000416e-01
6.338580000000000325e-01
6.346420000000000394e-01
6.354429999999999801e-01
6.362600000000000477e-01
6.370930000000000204e-01
6.379420000000000091e-01
6.388080000000000425e-01
6.396899999999999809e-01
6.405889999999999640e-01
6.415039999999999631e-01
6.424360000000000070e-01
6.433849999999999847e-01
6.443499999999999783e-01
6.453309999999999880e-01
6.463299999999999601e-01
6.473449999999999482e-01
6.483769999999999811e-01
6.494259999999999478e-01
6.504910000000000414e-01
6.515739999999999865e-01
6.526729999999999476e-01
6.537889999999999535e-01
6.549220000000000041e-01
6.560730000000000173e-01
6.572400000000000464e-01
6.584240000000000093e-01
6.596250000000000169e-01
6.608439999999999870e-01
6.620789999999999731e-01
6.633320000000000327e-01
6.646020000000000261e-01
6.658889999999999532e-01
6.671930000000000360e-01
6.685140000000000526e-01
6.698530000000000317e-01
6.712089999999999446e-01
6.725809999999999844e-01
6.739720000000000155e-01
6.753789999999999516e-01
6.768030000000000435e-01
6.782449999999999868e-01
6.797039999999999749e-01
6.811800000000000077e-01
6.826729999999999743e-01
6.841829999999999856e-01
6.857109999999999594e-01
6.872549999999999493e-01
6.888170000000000126e-01
6.903949999999999809e-01
6.919899999999999940e-01
6.936020000000000518e-01
6.952310000000000434e-01
6.968769999999999687e-01
6.985390000000000210e-01
7.002180000000000071e-01
7.019130000000000091e-01
7.036240000000000272e-01
7.053519999999999790e-01
7.070959999999999468e-01
7.088560000000000416e-01
7.106320000000000414e-01
7.124230000000000285e-01
7.142309999999999492e-01
7.160530000000000506e-01
7.178909999999999458e-01
7.197440000000000504e-01
7.216120000000000312e-01
7.234939999999999705e-01
7.253910000000000080e-01
7.273020000000000040e-01
7.292279999999999873e-01
7.311659999999999826e-01
7.331189999999999651e-01
7.350839999999999597e-01
7.370619999999999949e-01
7.390529999999999600e-01
7.410560000000000480e-01
7.430700000000000083e-01
7.450959999999999805e-01
7.471330000000000471e-01
7.491809999999999858e-01
7.512389999999999901e-01
7.533060000000000311e-01
7.553830000000000267e-01
7.574680000000000302e-01
7.595610000000000417e-01
7.616619999999999502e-01
7.637709999999999777e-01
7.658850000000000380e-01
7.680050000000000487e-01
7.701299999999999812e-01
7.722599999999999465e-01
7.743940000000000268e-01
7.765300000000000535e-01
7.786680000000000268e-01
7.808079999999999465e-01
7.829479999999999773e-01
7.850869999999999793e-01
7.872249999999999526e-01
7.893609999999999793e-01
7.914930000000000021e-01
7.936210000000000209e-01
7.957429999999999781e-01
7.978589999999999849e-01
7.999659999999999549e-01
8.020650000000000279e-01
8.041530000000000067e-01
8.062289999999999734e-01
8.082920000000000105e-01
8.103409999999999780e-01
8.123740000000000405e-01
8.143890000000000295e-01
8.163850000000000273e-01
8.183599999999999763e-01
8.203129999999999589e-01
8.222420000000000284e-01
8.241450000000000164e-01
8.260189999999999477e-01
8.278640000000000443e-01
8.296780000000000266e-01
8.314570000000000016e-01
8.332009999999999694e-01
8.349060000000000370e-01
8.365709999999999535e-01
8.381929999999999659e-01
8.397710000000000452e-01
8.413009999999999655e-01
8.427810000000000024e-01
8.442079999999999584e-01
8.455799999999999983e-01
8.468949999999999534e-01
8.481490000000000418e-01
8.493389999999999551e-01
8.504639999999999977e-01
8.515190000000000259e-01
8.525009999999999533e-01
8.534089999999999732e-01
8.542380000000000528e-01
8.549860000000000237e-01
8.556479999999999642e-01
8.562229999999999563e-01
8.567059999999999675e-01
8.570950000000000513e-01
8.573849999999999527e-01
8.575730000000000297e-01
8.576570000000000027e-01
8.576319999999999499e-01
8.574939999999999785e-01
8.572410000000000307e-01
8.568689999999999918e-01
8.563730000000000508e-01
8.557510000000000394e-01
8.549989999999999535e-01
8.541140000000000398e-01
8.530910000000000437e-01
8.519269999999999898e-01
8.506200000000000427e-01
8.491640000000000299e-01
8.475580000000000336e-01
8.457970000000000210e-01
8.438790000000000457e-01
8.417999999999999927e-01
8.395559999999999690e-01
8.371469999999999745e-01
8.345669999999999478e-01
8.318149999999999711e-01
8.288870000000000404e-01
8.257830000000000448e-01
8.224979999999999514e-01
8.190309999999999535e-01
8.153799999999999937e-01
8.115440000000000431e-01
8.075200000000000156e-01
8.033069999999999933e-01
7.989049999999999763e-01
7.943109999999999893e-01
7.895259999999999501e-01
7.845499999999999696e-01
7.793809999999999905e-01
7.740200000000000413e-01
7.684670000000000112e-01
7.627239999999999576e-01
7.567899999999999627e-01
7.506680000000000019e-01
7.443589999999999929e-01
7.378639999999999644e-01
7.311860000000000026e-01
7.243270000000000541e-01
7.172899999999999832e-01
7.100779999999999870e-01
7.026940000000000408e-01
6.951420000000000377e-01
6.874259999999999815e-01
6.795510000000000161e-01
6.715200000000000058e-01
6.633390000000000120e-01
6.550120000000000386e-01
6.465459999999999541e-01
6.379449999999999843e-01
6.292149999999999688e-01
6.203629999999999978e-01
6.113939999999999930e-01
6.023159999999999625e-01
5.931340000000000501e-01
5.838560000000000416e-01
5.744890000000000274e-01
5.650399999999999867e-01
5.555149999999999810e-01
5.459220000000000184e-01
5.362700000000000244e-01
5.265640000000000320e-01
5.168129999999999669e-01
5.070230000000000015e-01
4.972039999999999793e-01
4.873620000000000174e-01
4.775039999999999840e-01
4.676390000000000269e-01
4.577729999999999855e-01
4.479150000000000076e-01
4.380700000000000149e-01
4.282480000000000175e-01
4.184530000000000194e-01
4.086949999999999750e-01
3.989789999999999726e-01
3.893119999999999914e-01
3.796999999999999820e-01
3.701510000000000078e-01
3.606710000000000194e-01
3.512649999999999939e-01
3.419409999999999950e-01
3.327030000000000265e-01
3.235569999999999835e-01
3.145100000000000118e-01
3.055669999999999775e-01
2.967330000000000245e-01
2.880139999999999922e-01
2.794159999999999977e-01
2.709440000000000182e-01
2.626040000000000041e-01
2.544009999999999883e-01
2.463430000000000064e-01
2.384360000000000090e-01
2.306870000000000032e-01
2.231049999999999978e-01
2.156990000000000018e-01
2.084799999999999986e-01
2.014620000000000022e-01
1.946599999999999997e-01
1.880969999999999864e-01
1.817979999999999874e-01
1.758000000000000118e-01
1.701519999999999977e-01
1.649229999999999863e-01
1.602149999999999963e-01
1.561839999999999895e-01
1.530809999999999949e-01
1.513410000000000033e-01
1.517870000000000053e-01
1.561859999999999915e-01
1.691840000000000011e-01
2.082950000000000079e-01
4.426979999999999804e-01
4.021919999999999662e-02
2.062239999999999907e-02
1.449289999999999953e-02
1.166389999999999962e-02
1.016300000000000016e-02
9.328170000000000212e-03
8.872790000000000191e-03
8.652319999999999803e-03
8.585970000000000060e-03
8.625120000000000009e-03
8.738829999999999515e-03
8.906489999999999546e-03
9.113899999999999432e-03
9.350989999999999996e-03
9.610449999999999549e-03
9.886850000000000846e-03
1.017610000000000042e-02
1.047509999999999934e-02
1.078140000000000001e-02
1.109300000000000043e-02
1.140859999999999964e-02
1.172690000000000017e-02
1.204700000000000042e-02
1.236809999999999993e-02
1.268960000000000053e-02
1.301090000000000059e-02
1.333170000000000015e-02
1.365159999999999985e-02
1.397039999999999914e-02
1.428789999999999921e-02
1.460380000000000011e-02
1.491800000000000070e-02
1.523049999999999925e-02
1.554110000000000040e-02
1.584980000000000069e-02
1.615640000000000132e-02
1.646109999999999934e-02
1.676360000000000003e-02
1.706409999999999871e-02
1.736249999999999946e-02
1.765879999999999880e-02
1.795309999999999961e-02
1.824519999999999961e-02
1.853530000000000108e-02
1.882330000000000114e-02
1.910939999999999861e-02
1.939340000000000161e-02
1.967539999999999914e-02
1.995550000000000102e-02
2.023360000000000089e-02
2.050990000000000105e-02
2.078419999999999920e-02
2.105680000000000052e-02
2.132749999999999924e-02
2.159640000000000171e-02
2.186360000000000040e-02
2.212909999999999877e-02
2.239280000000000090e-02
2.265489999999999865e-02
2.291539999999999896e-02
2.317429999999999837e-02
2.343160000000000034e-02
2.368730000000000141e-02
2.394160000000000038e-02
2.419429999999999845e-02
2.444570000000000076e-02
2.469560000000000158e-02
2.494410000000000030e-02
2.519120000000000040e-02
2.543700000000000128e-02
2.568140000000000006e-02
2.592459999999999903e-02
2.616649999999999879e-02
2.640719999999999873e-02
2.664669999999999886e-02
2.688499999999999918e-02
2.712209999999999968e-02
2.735809999999999978e-02
2.759299999999999947e-02
2.782679999999999876e-02
2.805950000000000111e-02
2.829119999999999899e-02
2.852179999999999993e-02
2.875149999999999928e-02
2.898020000000000110e-02
2.920789999999999845e-02
2.943470000000000114e-02
2.966049999999999937e-02
2.988549999999999887e-02
3.010960000000000025e-02
3.033280000000000004e-02
3.055520000000000111e-02
3.077679999999999999e-02
3.099760000000000015e-02
3.121760000000000160e-02
3.143680000000000085e-02
3.165520000000000139e-02
3.187299999999999855e-02
3.209000000000000047e-02
3.230630000000000307e-02
3.252200000000000230e-02
3.273700000000000221e-02
3.295130000000000281e-02
3.316500000000000004e-02
3.337810000000000082e-02
3.359050000000000230e-02
3.380240000000000328e-02
3.401370000000000088e-02
3.422449999999999798e-02
3.443469999999999864e-02
3.464430000000000287e-02
3.485350000000000253e-02
3.506209999999999882e-02
3.527029999999999749e-02
3.547800000000000259e-02
3.568520000000000025e-02
3.589189999999999742e-02
3.609829999999999983e-02
3.630409999999999887e-02
3.650960000000000316e-02
3.671470000000000289e-02
3.691939999999999805e-02
3.712370000000000253e-02
3.732760000000000244e-02
3.753120000000000067e-02
3.773440000000000127e-02
3.793730000000000019e-02
3.813989999999999742e-02
3.834209999999999702e-02
3.854409999999999781e-02
3.874570000000000097e-02
3.894709999999999839e-02
3.914820000000000105e-02
3.934909999999999797e-02
3.954970000000000013e-02
3.975000000000000061e-02
3.995019999999999821e-02
4.015010000000000107e-02
4.034979999999999817e-02
4.054930000000000340e-02
4.074860000000000287e-02
4.094769999999999660e-02
4.114659999999999845e-02
4.134539999999999743e-02
4.154399999999999760e-02
4.174250000000000183e-02
4.194080000000000030e-02
4.213900000000000284e-02
4.233710000000000251e-02
4.253500000000000336e-02
4.273289999999999728e-02
4.293070000000000219e-02
4.312830000000000136e-02
4.332590000000000052e-02
4.352349999999999969e-02
4.372090000000000004e-02
4.391830000000000039e-02
4.411570000000000075e-02
4.431299999999999822e-02
4.451030000000000264e-02
4.470749999999999724e-02
4.490480000000000166e-02
4.510200000000000320e-02
4.529919999999999780e-02
4.549639999999999934e-02
4.569369999999999682e-02
4.589089999999999836e-02
4.608820000000000278e-02
4.628550000000000025e-02
4.648290000000000061e-02
4.668030000000000096e-02
4.687779999999999725e-02
4.707530000000000048e-02
4.727289999999999964e-02
4.747049999999999881e-02
4.766829999999999679e-02
4.786610000000000170e-02
4.806409999999999849e-02
4.826210000000000222e-02
4.846029999999999782e-02
4.865850000000000036e-02
4.885690000000000172e-02
4.905539999999999901e-02
4.925410000000000205e-02
4.945290000000000102e-02
4.965180000000000288e-02
4.985089999999999660e-02
5.005010000000000014e-02
5.024959999999999843e-02
5.044919999999999960e-02
5.064889999999999670e-02
5.084890000000000243e-02
5.104910000000000003e-02
5.124940000000000051e-02
5.145000000000000268e-02
5.165070000000000078e-02
5.185170000000000057e-02
5.205289999999999917e-02
5.225439999999999946e-02
5.245609999999999856e-02
5.265800000000000342e-02
5.286010000000000014e-02
5.306260000000000143e-02
5.326519999999999866e-02
5.346820000000000045e-02
5.367140000000000105e-02
5.387490000000000334e-02
5.407859999999999751e-02
5.428270000000000317e-02
5.448709999999999665e-02
5.469170000000000281e-02
5.489669999999999966e-02
5.510190000000000227e-02
5.530750000000000249e-02
5.551339999999999747e-02
5.571969999999999701e-02
5.592629999999999824e-02
5.613320000000000115e-02
5.634050000000000169e-02
5.654809999999999698e-02
5.675609999999999683e-02
5.696439999999999837e-02
5.717309999999999753e-02
5.738220000000000126e-02
5.759170000000000261e-02
5.780149999999999871e-02
5.801180000000000225e-02
5.822240000000000054e-02
5.843349999999999933e-02
5.864500000000000268e-02
5.885680000000000078e-02
5.906909999999999938e-02
5.928189999999999849e-02
5.949499999999999927e-02
5.970860000000000056e-02
5.992270000000000235e-02
6.013720000000000176e-02
6.035209999999999880e-02
6.056750000000000328e-02
6.078340000000000132e-02
6.099979999999999986e-02
6.121660000000000296e-02
6.143389999999999962e-02
6.165169999999999678e-02
6.187009999999999732e-02
6.208890000000000242e-02
6.230820000000000108e-02
6.252800000000000025e-02
6.274839999999999585e-02
6.296920000000000295e-02
6.319070000000000242e-02
6.341259999999999952e-02
6.363510000000000000e-02
6.385810000000000097e-02
6.408170000000000532e-02
6.430589999999999917e-02
6.453059999999999352e-02
6.475590000000000512e-02
6.498180000000000622e-02
6.520829999999999682e-02
6.543530000000000180e-02
6.566299999999999915e-02
6.589119999999999699e-02
6.612010000000000109e-02
6.634959999999999469e-02
6.657970000000000554e-02
6.681040000000000589e-02
6.704169999999999574e-02
6.727370000000000572e-02
6.750639999999999419e-02
6.773969999999999991e-02
6.797369999999999801e-02
6.820829999999999949e-02
6.844359999999999333e-02
6.867959999999999343e-02
6.891619999999999691e-02
6.915359999999999563e-02
6.939159999999999773e-02
6.963039999999999508e-02
6.986979999999999580e-02
7.011000000000000565e-02
7.035089999999999399e-02
7.059250000000000247e-02
7.083490000000000619e-02
7.107800000000000229e-02
7.132180000000000464e-02
7.156640000000000224e-02
7.181179999999999508e-02
7.205799999999999705e-02
7.230490000000000528e-02
7.255259999999999487e-02
7.280109999999999359e-02
7.305040000000000144e-02
7.330050000000000454e-02
7.355140000000000289e-02
7.380309999999999648e-02
7.405559999999999921e-02
7.430900000000000005e-02
7.456319999999999615e-02
7.481830000000000425e-02
7.507419999999999372e-02
7.533099999999999519e-02
7.558860000000000579e-02
7.584710000000000063e-02
7.610649999999999360e-02
7.636679999999999857e-02
7.662800000000000167e-02
7.689010000000000289e-02
7.715310000000000223e-02
7.741699999999999970e-02
7.768189999999999817e-02
7.794769999999999477e-02
7.821440000000000337e-02
7.848209999999999908e-02
7.875070000000000681e-02
7.902030000000000165e-02
7.929089999999999749e-02
7.956249999999999434e-02
7.983500000000000318e-02
8.010860000000000203e-02
8.038320000000000187e-02
8.065869999999999984e-02
8.093530000000000169e-02
8.121299999999999353e-02
8.149170000000000025e-02
8.177139999999999409e-02
8.205220000000000569e-02
8.233400000000000440e-02
8.261689999999999312e-02
8.290100000000000247e-02
8.318609999999999893e-02
8.347229999999999928e-02
8.375960000000000349e-02
8.404799999999999771e-02
8.433759999999999868e-02
8.462830000000000352e-02
8.492009999999999836e-02
8.521309999999999996e-02
8.550729999999999442e-02
8.580260000000000664e-02
8.609920000000000073e-02
8.639689999999999870e-02
8.669580000000000342e-02
8.699600000000000388e-02
8.729729999999999435e-02
8.759989999999999444e-02
8.790380000000000416e-02
8.820890000000000675e-02
8.851520000000000221e-02
8.882289999999999630e-02
8.913179999999999714e-02
8.944199999999999373e-02
8.975349999999999995e-02
9.006640000000000479e-02
9.038050000000000250e-02
9.069599999999999884e-02
9.101289999999999381e-02
9.133109999999999840e-02
9.165059999999999873e-02
9.197160000000000057e-02
9.229400000000000104e-02
9.261769999999999725e-02
9.294289999999999496e-02
9.326950000000000518e-02
9.359750000000000014e-02
9.392699999999999660e-02
9.425799999999999457e-02
9.459040000000000503e-02
9.492430000000000312e-02
9.525970000000000271e-02
9.559660000000000379e-02
9.593509999999999538e-02
9.627499999999999947e-02
9.661659999999999693e-02
9.695969999999999589e-02
9.730429999999999635e-02
9.765060000000000406e-02
9.799839999999999940e-02
9.834790000000000199e-02
9.869899999999999507e-02
9.905170000000000641e-02
9.940609999999999724e-02
9.976219999999999533e-02
1.001200000000000007e-01
1.004789999999999989e-01
1.008410000000000001e-01
1.012030000000000013e-01
1.015680000000000055e-01
1.019339999999999968e-01
1.023030000000000050e-01
1.026719999999999994e-01
1.030439999999999967e-01
1.034179999999999960e-01
1.037929999999999964e-01
1.041699999999999987e-01
1.045490000000000030e-01
1.049299999999999955e-01
1.053130000000000038e-01
1.056980000000000003e-01
1.060849999999999987e-01
1.064729999999999982e-01
1.068640000000000007e-01
1.072560000000000041e-01
1.076509999999999967e-01
1.080480000000000051e-01
1.084460000000000007e-01
1.088469999999999993e-01
1.092489999999999989e-01
1.096540000000000015e-01
1.100610000000000060e-01
1.104699999999999988e-01
1.108809999999999935e-01
1.112950000000000050e-01
1.117100000000000037e-01
1.117100000000000037e-01
1.117100000000000037e-01
1.117100000000000037e-01
1.117100000000000037e-01
1.117100000000000037e-01
1.117100000000000037e-01
1.117100000000000037e-01
1.117100000000000037e-01
1.117100000000000037e-01
1.117100000000000037e-01
1.117100000000000037e-01
1.117100000000000037e-01
1.117100000000000037e-01
1.117100000000000037e-01
1.117100000000000037e-01
1.117100000000000037e-01
1.117100000000000037e-01
1.117100000000000037e-01
1.117100000000000037e-01
1.117100000000000037e-01
1.117100000000000037e-01
1.117100000000000037e-01
1.117100000000000037e-01
1.117100000000000037e-01
1.117100000000000037e-01
1.117100000000000037e-01
1.117100000000000037e-01
1.117100000000000037e-01
1.117100000000000037e-01
1.117100000000000037e-01
1.117100000000000037e-01
1.117100000000000037e-01
1.117100000000000037e-01
1.117100000000000037e-01
1.117100000000000037e-01
1.117100000000000037e-01
1.117100000000000037e-01
1.117100000000000037e-01
1.117100000000000037e-01
1.117100000000000037e-01
1.117100000000000037e-01
1.117100000000000037e-01
1.117100000000000037e-01
1.117100000000000037e-01
1.117100000000000037e-01
1.117100000000000037e-01
1.117100000000000037e-01
1.117100000000000037e-01
1.117100000000000037e-01
1.117100000000000037e-01
1.117100000000000037e-01
1.117100000000000037e-01
1.117100000000000037e-01
1.117100000000000037e-01
1.117100000000000037e-01
1.117100000000000037e-01
1.117100000000000037e-01
1.117100000000000037e-01
1.117100000000000037e-01
1.117100000000000037e-01
1.117100000000000037e-01
1.117100000000000037e-01
1.117100000000000037e-01
1.117100000000000037e-01
1.117100000000000037e-01
1.117100000000000037e-01
1.117100000000000037e-01
1.117100000000000037e-01
1.117100000000000037e-01
1.117100000000000037e-01
1.117100000000000037e-01
1.117100000000000037e-01
1.117100000000000037e-01
1.117100000000000037e-01
1.117100000000000037e-01
1.117100000000000037e-01
1.117100000000000037e-01
1.117100000000000037e-01
1.117100000000000037e-01
1.117100000000000037e-01
1.117100000000000037e-01
1.117100000000000037e-01
1.117100000000000037e-01
1.117100000000000037e-01
1.117100000000000037e-01
1.117100000000000037e-01
1.117100000000000037e-01
1.117100000000000037e-01
1.117100000000000037e-01
1.117100000000000037e-01
1.117100000000000037e-01
1.117100000000000037e-01
1.117100000000000037e-01
1.117100000000000037e-01
1.117100000000000037e-01
1.117100000000000037e-01
1.117100000000000037e-01
1.117100000000000037e-01
1.117100000000000037e-01
1.117100000000000037e-01
1.117100000000000037e-01
1.117100000000000037e-01
1.117100000000000037e-01
1.117100000000000037e-01
1.117100000000000037e-01
1.117100000000000037e-01
1.117100000000000037e-01
1.117100000000000037e-01
1.117100000000000037e-01
1.117100000000000037e-01
1.117100000000000037e-01
1.117100000000000037e-01
1.117100000000000037e-01
1.117100000000000037e-01
1.117100000000000037e-01
1.117100000000000037e-01
1.117100000000000037e-01
1.117100000000000037e-01
1.117100000000000037e-01
1.117100000000000037e-01
1.117100000000000037e-01
1.117100000000000037e-01
1.117100000000000037e-01
1.117100000000000037e-01
1.117100000000000037e-01
1.117100000000000037e-01
1.117100000000000037e-01
1.117100000000000037e-01
1.117100000000000037e-01
1.117100000000000037e-01
1.117100000000000037e-01
1.117100000000000037e-01
1.117100000000000037e-01
1.117100000000000037e-01
1.117100000000000037e-01
1.117100000000000037e-01
1.117100000000000037e-01
1.117100000000000037e-01
1.117100000000000037e-01
1.117100000000000037e-01
1.117100000000000037e-01
1.117100000000000037e-01
1.117100000000000037e-01
1.117100000000000037e-01
1.117100000000000037e-01
1.117100000000000037e-01
1.117100000000000037e-01
1.117100000000000037e-01
1.117100000000000037e-01
1.117100000000000037e-01
1.117100000000000037e-01
1.117100000000000037e-01
1.117100000000000037e-01
1.117100000000000037e-01
1.117100000000000037e-01
1.117100000000000037e-01
1.117100000000000037e-01
1.117100000000000037e-01
1.117100000000000037e-01
1.117100000000000037e-01
1.117100000000000037e-01
1.117100000000000037e-01
1.117100000000000037e-01
1.117100000000000037e-01
1.117100000000000037e-01
1.117100000000000037e-01
1.117100000000000037e-01
1.117100000000000037e-01
1.117100000000000037e-01
1.117100000000000037e-01
1.117100000000000037e-01
1.117100000000000037e-01
1.117100000000000037e-01
1.117100000000000037e-01
1.117100000000000037e-01
1.117100000000000037e-01
1.117100000000000037e-01
1.117100000000000037e-01
1.117100000000000037e-01
1.117100000000000037e-01
1.117100000000000037e-01
1.117100000000000037e-01
1.117100000000000037e-01
1.117100000000000037e-01
1.117100000000000037e-01
1.117100000000000037e-01
1.117100000000000037e-01
1.117100000000000037e-01
1.117100000000000037e-01
1.117100000000000037e-01
1.117100000000000037e-01
1.117100000000000037e-01
1.117100000000000037e-01
1.117100000000000037e-01
1.117100000000000037e-01
1.117100000000000037e-01
1.117100000000000037e-01
1.117100000000000037e-01
1.117100000000000037e-01
1.117100000000000037e-01
1.117100000000000037e-01
1.117100000000000037e-01
1.117100000000000037e-01
1.117100000000000037e-01
1.117100000000000037e-01
1.117100000000000037e-01
1.117100000000000037e-01
1.117100000000000037e-01
1.117100000000000037e-01
1.117100000000000037e-01
1.117100000000000037e-01
1.117100000000000037e-01
1.117100000000000037e-01
1.117100000000000037e-01
1.117100000000000037e-01
1.117100000000000037e-01
1.117100000000000037e-01
1.117100000000000037e-01
1.117100000000000037e-01
1.117100000000000037e-01
1.117100000000000037e-01
1.117100000000000037e-01
1.117100000000000037e-01
1.117100000000000037e-01
1.117100000000000037e-01
1.117100000000000037e-01
1.117100000000000037e-01
1.117100000000000037e-01
1.117100000000000037e-01
1.117100000000000037e-01
1.117100000000000037e-01
1.117100000000000037e-01
1.117100000000000037e-01
1.117100000000000037e-01
1.117100000000000037e-01
1.117100000000000037e-01
1.117100000000000037e-01
1.117100000000000037e-01
1.117100000000000037e-01
1.117100000000000037e-01
1.117100000000000037e-01
1.117100000000000037e-01
1.117100000000000037e-01
1.117100000000000037e-01
1.117100000000000037e-01
1.117100000000000037e-01
1.117100000000000037e-01
1.117100000000000037e-01
1.117100000000000037e-01
1.117100000000000037e-01
1.117100000000000037e-01
1.117100000000000037e-01
1.117100000000000037e-01
1.117100000000000037e-01
1.117100000000000037e-01
1.117100000000000037e-01
1.117100000000000037e-01
1.117100000000000037e-01
1.117100000000000037e-01
1.117100000000000037e-01
1.117100000000000037e-01
1.117100000000000037e-01
1.117100000000000037e-01
1.117100000000000037e-01
1.117100000000000037e-01
1.117100000000000037e-01
1.117100000000000037e-01
1.117100000000000037e-01
1.117100000000000037e-01
1.117100000000000037e-01
1.117100000000000037e-01
1.117100000000000037e-01
1.117100000000000037e-01
1.117100000000000037e-01
