1.858450000000000102e-01
1.858460000000000112e-01
1.858470000000000122e-01
1.858499999999999874e-01
1.858529999999999904e-01
1.858569999999999944e-01
1.858630000000000004e-01
1.858690000000000064e-01
1.858760000000000134e-01
1.858839999999999937e-01
1.858940000000000037e-01
1.859040000000000137e-01
1.859149999999999969e-01
1.859270000000000089e-01
1.859399999999999942e-01
1.859540000000000082e-01
1.859689999999999954e-01
1.859850000000000114e-01
1.860020000000000007e-01
1.860199999999999909e-01
1.860380000000000089e-01
1.860580000000000012e-01
1.860789999999999944e-01
1.861009999999999887e-01
1.861240000000000117e-01
1.861470000000000069e-01
1.861720000000000041e-01
1.861980000000000024e-01
1.862240000000000006e-01
1.862520000000000009e-01
1.862800000000000011e-01
1.863100000000000034e-01
1.863400000000000056e-01
1.863720000000000099e-01
1.864039999999999864e-01
1.864379999999999926e-01
1.864719999999999989e-01
1.865080000000000071e-01
1.865439999999999876e-01
1.865809999999999969e-01
1.866200000000000081e-01
1.866589999999999916e-01
1.866990000000000038e-01
1.867409999999999903e-01
1.867830000000000046e-01
1.868259999999999921e-01
1.868700000000000083e-01
1.869159999999999988e-01
1.869619999999999893e-01
1.870090000000000086e-01
1.870570000000000010e-01
1.871069999999999955e-01
1.871569999999999900e-01
1.872080000000000133e-01
1.872600000000000098e-01
1.873140000000000083e-01
1.873680000000000068e-01
1.874230000000000063e-01
1.874790000000000068e-01
1.875360000000000082e-01
1.875950000000000117e-01
1.876539999999999875e-01
1.877139999999999920e-01
1.877749999999999975e-01
1.878380000000000050e-01
1.879010000000000125e-01
1.879649999999999932e-01
1.880310000000000037e-01
1.880969999999999864e-01
1.881639999999999979e-01
1.882330000000000114e-01
1.883019999999999972e-01
1.883720000000000117e-01
1.884440000000000004e-01
1.885159999999999891e-01
1.885900000000000076e-01
1.886639999999999984e-01
1.887399999999999911e-01
1.888170000000000126e-01
1.888940000000000063e-01
1.889730000000000021e-01
1.890529999999999988e-01
1.891329999999999956e-01
1.892149999999999943e-01
1.892979999999999940e-01
1.893819999999999948e-01
1.894669999999999965e-01
1.895529999999999993e-01
1.896400000000000030e-01
1.897280000000000078e-01
1.898179999999999867e-01
1.899079999999999935e-01
1.899990000000000012e-01
1.900920000000000110e-01
1.901849999999999929e-01
1.902800000000000047e-01
1.903749999999999887e-01
1.904720000000000024e-01
1.905699999999999894e-01
1.906690000000000051e-01
1.907689999999999941e-01
1.908700000000000119e-01
1.909720000000000029e-01
1.910749999999999948e-01
1.911789999999999878e-01
1.912850000000000106e-01
1.913910000000000056e-01
1.914990000000000026e-01
1.916069999999999995e-01
1.917169999999999985e-01
1.918279999999999985e-01
1.919399999999999995e-01
1.920540000000000025e-01
1.921680000000000055e-01
1.922830000000000095e-01
1.923999999999999877e-01
1.925179999999999947e-01
1.926360000000000017e-01
1.927560000000000107e-01
1.928769999999999929e-01
1.930000000000000049e-01
1.931229999999999891e-01
1.932480000000000031e-01
1.933729999999999893e-01
1.935000000000000053e-01
1.936279999999999946e-01
1.937570000000000126e-01
1.938880000000000048e-01
1.940189999999999970e-01
1.941519999999999913e-01
1.942859999999999865e-01
1.944210000000000105e-01
1.945570000000000077e-01
1.946940000000000059e-01
1.948330000000000062e-01
1.949730000000000074e-01
1.951140000000000096e-01
1.952560000000000129e-01
1.953989999999999894e-01
1.955439999999999956e-01
1.956900000000000028e-01
1.958370000000000111e-01
1.959849999999999925e-01
1.961340000000000028e-01
1.962849999999999873e-01
1.964370000000000005e-01
1.965899999999999870e-01
1.967450000000000032e-01
1.969009999999999927e-01
1.970570000000000099e-01
1.972160000000000024e-01
1.973749999999999949e-01
1.975359999999999894e-01
1.976980000000000126e-01
1.978610000000000091e-01
1.980260000000000076e-01
1.981920000000000071e-01
1.983590000000000075e-01
1.985270000000000090e-01
1.986970000000000125e-01
1.988679999999999892e-01
1.990399999999999947e-01
1.992140000000000022e-01
1.993890000000000107e-01
1.995649999999999924e-01
1.997430000000000039e-01
1.999219999999999886e-01
2.001020000000000021e-01
2.002829999999999888e-01
2.004660000000000053e-01
2.006509999999999960e-01
2.008359999999999868e-01
2.010230000000000072e-01
2.012120000000000020e-01
2.014019999999999977e-01
2.015929999999999944e-01
2.017849999999999921e-01
2.019789999999999919e-01
2.021749999999999936e-01
2.023709999999999953e-01
2.025700000000000001e-01
2.027690000000000048e-01
2.029700000000000115e-01
2.031729999999999925e-01
2.033770000000000022e-01
2.035820000000000130e-01
2.037889999999999979e-01
2.039970000000000117e-01
2.042059999999999986e-01
2.044179999999999886e-01
2.046300000000000063e-01
2.048439999999999983e-01
2.050599999999999923e-01
2.052769999999999873e-01
2.054950000000000110e-01
2.057150000000000090e-01
2.059370000000000089e-01
2.061600000000000099e-01
2.063850000000000129e-01
2.066109999999999891e-01
2.068379999999999941e-01
2.070680000000000021e-01
2.072980000000000100e-01
2.075309999999999933e-01
2.077650000000000052e-01
2.079999999999999905e-01
2.082370000000000054e-01
2.084759999999999946e-01
2.087160000000000126e-01
2.089580000000000048e-01
2.092009999999999981e-01
2.094469999999999943e-01
2.096929999999999905e-01
2.099419999999999897e-01
2.101919999999999900e-01
2.104429999999999912e-01
2.106969999999999954e-01
2.109520000000000006e-01
2.112080000000000068e-01
2.114669999999999883e-01
2.117269999999999985e-01
2.119880000000000098e-01
2.122519999999999962e-01
2.125170000000000115e-01
2.127840000000000009e-01
2.130529999999999924e-01
2.133230000000000126e-01
2.135950000000000071e-01
2.138690000000000035e-01
2.141450000000000020e-01
2.144220000000000015e-01
2.147020000000000040e-01
2.149830000000000074e-01
2.152660000000000129e-01
2.155499999999999916e-01
2.158370000000000011e-01
2.161250000000000115e-01
2.164149999999999963e-01
2.167080000000000117e-01
2.170020000000000004e-01
2.172969999999999902e-01
2.175950000000000106e-01
2.178950000000000053e-01
2.181960000000000011e-01
2.184999999999999998e-01
2.188049999999999995e-01
2.191130000000000022e-01
2.194220000000000059e-01
2.197330000000000116e-01
2.200469999999999926e-01
2.203620000000000023e-01
2.206789999999999863e-01
2.209990000000000010e-01
2.213199999999999890e-01
2.216430000000000067e-01
2.219689999999999996e-01
2.222959999999999936e-01
2.226259999999999906e-01
2.229569999999999885e-01
2.232909999999999895e-01
2.236269999999999925e-01
2.239649999999999974e-01
2.243050000000000044e-01
2.246470000000000133e-01
2.249919999999999976e-01
2.253380000000000105e-01
2.256869999999999987e-01
2.260379999999999889e-01
2.263910000000000089e-01
2.267470000000000041e-01
2.271050000000000013e-01
2.274650000000000005e-01
2.278270000000000017e-01
2.281910000000000049e-01
2.285580000000000112e-01
2.289269999999999916e-01
2.292990000000000028e-01
2.296719999999999873e-01
2.300490000000000035e-01
2.304269999999999929e-01
2.308080000000000132e-01
2.311910000000000076e-01
2.315770000000000051e-01
2.319650000000000045e-01
2.323560000000000070e-01
2.327490000000000114e-01
2.331449999999999911e-01
2.335430000000000006e-01
2.339430000000000121e-01
2.343459999999999988e-01
2.347519999999999885e-01
2.351600000000000079e-01
2.355710000000000026e-01
2.359850000000000003e-01
2.364010000000000000e-01
2.368190000000000017e-01
2.372410000000000074e-01
2.376649999999999874e-01
2.380919999999999981e-01
2.385210000000000108e-01
2.389529999999999987e-01
2.393879999999999897e-01
2.398260000000000114e-01
2.402660000000000073e-01
2.407090000000000063e-01
2.411560000000000092e-01
2.416040000000000132e-01
2.420559999999999934e-01
2.425110000000000043e-01
2.429689999999999905e-01
2.434290000000000065e-01
2.438929999999999987e-01
2.443589999999999929e-01
2.448289999999999911e-01
2.453009999999999913e-01
2.457769999999999955e-01
2.462550000000000017e-01
2.467370000000000119e-01
2.472209999999999963e-01
2.477090000000000125e-01
2.482000000000000040e-01
2.486949999999999994e-01
2.491919999999999968e-01
2.496929999999999983e-01
2.501959999999999740e-01
2.507039999999999824e-01
2.512139999999999929e-01
2.517280000000000073e-01
2.522449999999999970e-01
2.527650000000000174e-01
2.532889999999999864e-01
2.538159999999999861e-01
2.543469999999999898e-01
2.548810000000000242e-01
2.554190000000000071e-01
2.559600000000000208e-01
2.565049999999999830e-01
2.570529999999999760e-01
2.576049999999999729e-01
2.581609999999999738e-01
2.587200000000000055e-01
2.592829999999999857e-01
2.598500000000000254e-01
2.604210000000000136e-01
2.609949999999999770e-01
2.615730000000000000e-01
2.621550000000000269e-01
2.627410000000000023e-01
2.633309999999999818e-01
2.639239999999999919e-01
2.645219999999999794e-01
2.651240000000000263e-01
2.657289999999999930e-01
2.663389999999999924e-01
2.669529999999999959e-01
2.675710000000000033e-01
2.681939999999999880e-01
2.688200000000000034e-01
2.694509999999999961e-01
2.700859999999999927e-01
2.707249999999999934e-01
2.713690000000000269e-01
2.720170000000000088e-01
2.726700000000000235e-01
2.733269999999999866e-01
2.739889999999999826e-01
2.746549999999999825e-01
2.753260000000000152e-01
2.760009999999999963e-01
2.766810000000000103e-01
2.773660000000000014e-01
2.780560000000000254e-01
2.787499999999999978e-01
2.794490000000000030e-01
2.801540000000000141e-01
2.808629999999999738e-01
2.815770000000000217e-01
2.822959999999999914e-01
2.830199999999999938e-01
2.837489999999999735e-01
2.844840000000000146e-01
2.852230000000000043e-01
2.859680000000000000e-01
2.867190000000000016e-01
2.874740000000000073e-01
2.882350000000000190e-01
2.890019999999999811e-01
2.897739999999999760e-01
2.905510000000000037e-01
2.913350000000000106e-01
2.921239999999999948e-01
2.929180000000000117e-01
2.937190000000000079e-01
2.945249999999999813e-01
2.953370000000000162e-01
2.961550000000000016e-01
2.969789999999999930e-01
2.978089999999999904e-01
2.986449999999999938e-01
2.994879999999999765e-01
3.003370000000000206e-01
3.011920000000000153e-01
3.020530000000000159e-01
3.029209999999999958e-01
3.037949999999999817e-01
3.046760000000000024e-01
3.055640000000000023e-01
3.064580000000000082e-01
3.073589999999999933e-01
3.082670000000000132e-01
3.091820000000000124e-01
3.101039999999999908e-01
3.110319999999999752e-01
3.119680000000000231e-01
3.129109999999999947e-01
3.138619999999999743e-01
3.148199999999999887e-01
3.157849999999999824e-01
3.167579999999999840e-01
3.177380000000000204e-01
3.187260000000000093e-01
3.197220000000000062e-01
3.207249999999999823e-01
3.217369999999999952e-01
3.227559999999999873e-01
3.237840000000000162e-01
3.248199999999999976e-01
3.258639999999999870e-01
3.269159999999999844e-01
3.279770000000000185e-01
3.290460000000000051e-01
3.301239999999999730e-01
3.312109999999999776e-01
3.323070000000000190e-01
3.334110000000000129e-01
3.345250000000000168e-01
3.356469999999999732e-01
3.367789999999999950e-01
3.379210000000000269e-01
3.390710000000000113e-01
3.402319999999999789e-01
3.414019999999999833e-01
3.425810000000000244e-01
3.437709999999999932e-01
3.449710000000000276e-01
3.461799999999999877e-01
3.474010000000000153e-01
3.486310000000000242e-01
3.498720000000000163e-01
3.511230000000000184e-01
3.523859999999999770e-01
3.536590000000000011e-01
3.549430000000000085e-01
3.562379999999999991e-01
3.575450000000000017e-01
3.588629999999999876e-01
3.601920000000000122e-01
3.615340000000000220e-01
3.628870000000000151e-01
3.642520000000000202e-01
3.656289999999999818e-01
3.670180000000000109e-01
3.684200000000000252e-01
3.698350000000000248e-01
3.712619999999999809e-01
3.727019999999999778e-01
3.741550000000000153e-01
3.756220000000000114e-01
3.771010000000000195e-01
3.785950000000000149e-01
3.801019999999999954e-01
3.816229999999999900e-01
3.831590000000000273e-01
3.847079999999999944e-01
3.862720000000000042e-01
3.878510000000000013e-01
3.894440000000000124e-01
3.910529999999999839e-01
3.926769999999999983e-01
3.943169999999999731e-01
3.959719999999999906e-01
3.976430000000000242e-01
3.993300000000000183e-01
4.010329999999999728e-01
4.027530000000000276e-01
4.044900000000000162e-01
4.062439999999999940e-01
4.080150000000000166e-01
4.098029999999999728e-01
4.116099999999999759e-01
4.134340000000000237e-01
4.152759999999999785e-01
4.171369999999999800e-01
4.190169999999999728e-01
4.209149999999999836e-01
4.228330000000000144e-01
4.247699999999999809e-01
4.267279999999999962e-01
4.287050000000000027e-01
4.307030000000000025e-01
4.327210000000000223e-01
4.347599999999999798e-01
4.368210000000000148e-01
4.389029999999999876e-01
4.410069999999999824e-01
4.431339999999999724e-01
4.452820000000000111e-01
4.474540000000000184e-01
4.496490000000000209e-01
4.518679999999999919e-01
4.541100000000000136e-01
4.563769999999999771e-01
4.586680000000000201e-01
4.609849999999999781e-01
4.633260000000000156e-01
4.656939999999999968e-01
4.680869999999999753e-01
4.705079999999999818e-01
4.729550000000000143e-01
4.754289999999999905e-01
4.779309999999999947e-01
4.804620000000000002e-01
4.830209999999999781e-01
4.856079999999999841e-01
4.882259999999999933e-01
4.908730000000000038e-01
4.935510000000000175e-01
4.962599999999999789e-01
4.989999999999999991e-01
5.017709999999999670e-01
5.045760000000000245e-01
5.074119999999999742e-01
5.102830000000000421e-01
5.131860000000000310e-01
5.161249999999999449e-01
5.190979999999999484e-01
5.221059999999999590e-01
5.251510000000000344e-01
5.282310000000000061e-01
5.313489999999999602e-01
5.345050000000000079e-01
5.376980000000000093e-01
5.409300000000000219e-01
5.442019999999999635e-01
5.475130000000000274e-01
5.508650000000000491e-01
5.542580000000000284e-01
5.576919999999999655e-01
5.611690000000000289e-01
5.646889999999999965e-01
5.682519999999999794e-01
5.718590000000000062e-01
5.755099999999999660e-01
5.792079999999999451e-01
5.829509999999999970e-01
5.867400000000000393e-01
5.905770000000000186e-01
5.944610000000000172e-01
5.983939999999999815e-01
6.023749999999999938e-01
6.064070000000000293e-01
6.104880000000000306e-01
6.146200000000000552e-01
6.188029999999999919e-01
6.230379999999999807e-01
6.273250000000000215e-01
6.316640000000000033e-01
6.360569999999999835e-01
6.405039999999999623e-01
6.450040000000000218e-01
6.495589999999999975e-01
6.541690000000000005e-01
6.588340000000000307e-01
6.635529999999999484e-01
6.683289999999999509e-01
6.731589999999999518e-01
6.780450000000000088e-01
6.829870000000000108e-01
6.879840000000000400e-01
6.930349999999999566e-01
6.981420000000000403e-01
7.033019999999999827e-01
7.085169999999999524e-01
7.137839999999999741e-01
7.191030000000000477e-01
7.244720000000000049e-01
7.298919999999999852e-01
7.353589999999999849e-01
7.408730000000000038e-01
7.464309999999999556e-01
7.520310000000000050e-01
7.576699999999999546e-01
7.633469999999999978e-01
7.690559999999999619e-01
7.747960000000000402e-01
7.805609999999999493e-01
7.863470000000000182e-01
7.921489999999999920e-01
7.979610000000000314e-01
8.037779999999999925e-01
8.095909999999999496e-01
8.153949999999999809e-01
8.211789999999999923e-01
8.269339999999999469e-01
8.326510000000000300e-01
8.383190000000000364e-01
8.439240000000000075e-01
8.494519999999999849e-01
8.548909999999999565e-01
8.602210000000000134e-01
8.654269999999999463e-01
8.704880000000000395e-01
8.753840000000000510e-01
8.800900000000000389e-01
8.845809999999999507e-01
8.888310000000000377e-01
8.928089999999999637e-01
8.964820000000000011e-01
8.998169999999999780e-01
9.027730000000000476e-01
9.053109999999999769e-01
9.073860000000000259e-01
9.089509999999999534e-01
9.099530000000000118e-01
9.103379999999999805e-01
9.100470000000000503e-01
9.090169999999999639e-01
9.071810000000000151e-01
9.044680000000000497e-01
9.008019999999999916e-01
8.961029999999999829e-01
8.902889999999999970e-01
8.832699999999999996e-01
8.749559999999999560e-01
8.652499999999999636e-01
8.540539999999999798e-01
8.412650000000000405e-01
8.267780000000000129e-01
8.104850000000000110e-01
7.922749999999999515e-01
7.720329999999999693e-01
7.496380000000000265e-01
7.249670000000000281e-01
6.978809999999999736e-01
6.682270000000000154e-01
6.358219999999999983e-01
6.004289999999999905e-01
5.617250000000000298e-01
5.192240000000000189e-01
4.722149999999999959e-01
4.215829999999999855e-01
3.180899999999999839e-01
2.978370000000000184e-01
2.946079999999999810e-01
2.950599999999999890e-01
2.965829999999999855e-01
2.984010000000000273e-01
3.002369999999999761e-01
3.019890000000000074e-01
3.036200000000000010e-01
3.051220000000000043e-01
3.064990000000000214e-01
3.077579999999999760e-01
3.089109999999999912e-01
3.099669999999999925e-01
3.109359999999999902e-01
3.118259999999999921e-01
3.126459999999999795e-01
3.134029999999999871e-01
3.141039999999999943e-01
3.147539999999999782e-01
3.153580000000000272e-01
3.159199999999999786e-01
3.164460000000000051e-01
3.169370000000000243e-01
3.173980000000000135e-01
3.178320000000000034e-01
3.182400000000000229e-01
3.186249999999999916e-01
3.189899999999999958e-01
3.193360000000000087e-01
3.196649999999999769e-01
3.199779999999999847e-01
3.202769999999999784e-01
3.205640000000000156e-01
3.208380000000000121e-01
3.211019999999999985e-01
3.213559999999999750e-01
3.216010000000000257e-01
3.218380000000000130e-01
3.220669999999999922e-01
3.222900000000000209e-01
3.225080000000000169e-01
3.227189999999999781e-01
3.229259999999999908e-01
3.231280000000000263e-01
3.233269999999999755e-01
3.235219999999999763e-01
3.237140000000000017e-01
3.239029999999999965e-01
3.240899999999999892e-01
3.242740000000000067e-01
3.244569999999999954e-01
3.246390000000000109e-01
3.248190000000000244e-01
3.249980000000000091e-01
3.251760000000000206e-01
3.253539999999999766e-01
3.255310000000000148e-01
3.257090000000000263e-01
3.258860000000000090e-01
3.260629999999999917e-01
3.262410000000000032e-01
3.264190000000000147e-01
3.265970000000000262e-01
3.267769999999999841e-01
3.269569999999999976e-01
3.271379999999999844e-01
3.273199999999999998e-01
3.275040000000000173e-01
3.276879999999999793e-01
3.278739999999999988e-01
3.280620000000000203e-01
3.282510000000000150e-01
3.284409999999999830e-01
3.286330000000000084e-01
3.288269999999999804e-01
3.290230000000000099e-01
3.292209999999999859e-01
3.294199999999999906e-01
3.296220000000000261e-01
3.298249999999999793e-01
3.300310000000000188e-01
3.302390000000000048e-01
3.304489999999999927e-01
3.306620000000000115e-01
3.308760000000000034e-01
3.310930000000000262e-01
3.313130000000000241e-01
3.315350000000000241e-01
3.317590000000000261e-01
3.319860000000000033e-01
3.322149999999999825e-01
3.324469999999999925e-01
3.326819999999999777e-01
3.329190000000000205e-01
3.331589999999999829e-01
3.334019999999999762e-01
3.336470000000000269e-01
3.338960000000000261e-01
3.341470000000000273e-01
3.344010000000000038e-01
3.346580000000000110e-01
3.349179999999999935e-01
3.351799999999999780e-01
3.354460000000000219e-01
3.357149999999999856e-01
3.359869999999999801e-01
3.362609999999999766e-01
3.365389999999999771e-01
3.368200000000000083e-01
3.371049999999999880e-01
3.373920000000000252e-01
3.376830000000000109e-01
3.379759999999999986e-01
3.382729999999999904e-01
3.385739999999999861e-01
3.388769999999999838e-01
3.391839999999999855e-01
3.394949999999999912e-01
3.398079999999999989e-01
3.401259999999999839e-01
3.404460000000000264e-01
3.407700000000000173e-01
3.410980000000000123e-01
3.414289999999999825e-01
3.417629999999999835e-01
3.421009999999999884e-01
3.424429999999999974e-01
3.427890000000000104e-01
3.431379999999999986e-01
3.434900000000000175e-01
3.438470000000000137e-01
3.442069999999999852e-01
3.445710000000000162e-01
3.449389999999999956e-01
3.453100000000000058e-01
3.456859999999999933e-01
3.460650000000000115e-01
3.464479999999999782e-01
3.468359999999999776e-01
3.472270000000000079e-01
3.476219999999999866e-01
3.480210000000000248e-01
3.484249999999999847e-01
3.488319999999999754e-01
3.492439999999999989e-01
3.496589999999999976e-01
3.500789999999999735e-01
3.505039999999999822e-01
3.509320000000000217e-01
3.513649999999999829e-01
3.518020000000000036e-01
3.522440000000000015e-01
3.526900000000000035e-01
3.531400000000000095e-01
3.535949999999999926e-01
3.540550000000000086e-01
3.545189999999999730e-01
3.549880000000000257e-01
3.554610000000000269e-01
3.559399999999999786e-01
3.564229999999999898e-01
3.569100000000000050e-01
3.574030000000000262e-01
3.579010000000000247e-01
3.584030000000000271e-01
3.589100000000000068e-01
3.594229999999999925e-01
3.599399999999999822e-01
3.604629999999999779e-01
3.609910000000000063e-01
3.615240000000000120e-01
3.620619999999999949e-01
3.626059999999999839e-01
3.631550000000000056e-01
3.637099999999999778e-01
3.642699999999999827e-01
3.648359999999999936e-01
3.654069999999999818e-01
3.659839999999999760e-01
3.665660000000000029e-01
3.671550000000000091e-01
3.677489999999999926e-01
3.683489999999999820e-01
3.689560000000000062e-01
3.695680000000000076e-01
3.701860000000000150e-01
3.708110000000000017e-01
3.714419999999999944e-01
3.720789999999999931e-01
3.727219999999999978e-01
3.733730000000000104e-01
3.740290000000000004e-01
3.746920000000000250e-01
3.753619999999999735e-01
3.760390000000000121e-01
3.767229999999999746e-01
3.774129999999999985e-01
3.781109999999999749e-01
3.788159999999999861e-01
3.795279999999999765e-01
3.802470000000000017e-01
3.809739999999999793e-01
3.817079999999999917e-01
3.824500000000000122e-01
3.831990000000000118e-01
3.839569999999999927e-01
3.847220000000000084e-01
3.854949999999999766e-01
3.862760000000000082e-01
3.870660000000000212e-01
3.878639999999999866e-01
3.886700000000000155e-01
3.894850000000000256e-01
3.903079999999999883e-01
3.911410000000000164e-01
3.919819999999999971e-01
3.928320000000000145e-01
3.936919999999999864e-01
3.945609999999999951e-01
3.954389999999999850e-01
3.963269999999999849e-01
3.972249999999999948e-01
3.981319999999999859e-01
3.990500000000000158e-01
3.999780000000000002e-01
4.009159999999999946e-01
4.018650000000000277e-01
4.028240000000000154e-01
4.037939999999999863e-01
4.047749999999999959e-01
4.057680000000000176e-01
4.067720000000000224e-01
4.077870000000000106e-01
4.088140000000000107e-01
4.098530000000000229e-01
4.109050000000000202e-01
4.119680000000000009e-01
4.130449999999999955e-01
4.141340000000000021e-01
4.152359999999999940e-01
4.163510000000000266e-01
4.174800000000000177e-01
4.186230000000000229e-01
4.197799999999999865e-01
4.209499999999999909e-01
4.221360000000000112e-01
4.233359999999999901e-01
4.245510000000000117e-01
4.257819999999999938e-01
4.270280000000000187e-01
4.282909999999999773e-01
4.295689999999999786e-01
4.308640000000000247e-01
4.321760000000000046e-01
4.335060000000000024e-01
4.348520000000000163e-01
4.362170000000000214e-01
4.376010000000000177e-01
4.390029999999999766e-01
4.404239999999999822e-01
4.418650000000000078e-01
4.433259999999999978e-01
4.448070000000000079e-01
4.463090000000000113e-01
4.478320000000000078e-01
4.493779999999999997e-01
4.509449999999999847e-01
4.525359999999999938e-01
4.541499999999999981e-01
4.557869999999999977e-01
4.574500000000000233e-01
4.591370000000000173e-01
4.608510000000000106e-01
4.625900000000000012e-01
4.643570000000000197e-01
4.661520000000000108e-01
4.679749999999999743e-01
4.698269999999999946e-01
4.717089999999999894e-01
4.736230000000000162e-01
4.755670000000000175e-01
4.775449999999999973e-01
4.795550000000000090e-01
4.816010000000000013e-01
4.836810000000000276e-01
4.857980000000000076e-01
4.879530000000000256e-01
4.901460000000000261e-01
4.923790000000000111e-01
4.946530000000000094e-01
4.969689999999999941e-01
4.993290000000000228e-01
5.017340000000000133e-01
5.041860000000000230e-01
5.066850000000000520e-01
5.092349999999999932e-01
5.118359999999999577e-01
5.144900000000000029e-01
5.171999999999999931e-01
5.199669999999999570e-01
5.227929999999999522e-01
5.256809999999999539e-01
5.286330000000000195e-01
5.316509999999999847e-01
5.347389999999999644e-01
5.378979999999999873e-01
5.411329999999999751e-01
5.444449999999999568e-01
5.478399999999999936e-01
5.513190000000000035e-01
5.548880000000000479e-01
5.585489999999999622e-01
5.623089999999999478e-01
5.661709999999999798e-01
5.701399999999999801e-01
5.742230000000000389e-01
5.784249999999999670e-01
5.827520000000000477e-01
5.872119999999999562e-01
5.918120000000000047e-01
5.965599999999999792e-01
6.014659999999999451e-01
6.065399999999999681e-01
6.117920000000000025e-01
6.172349999999999781e-01
6.228810000000000180e-01
6.287469999999999448e-01
6.348479999999999679e-01
6.412029999999999674e-01
6.478340000000000209e-01
6.547640000000000127e-01
6.620200000000000529e-01
6.696349999999999802e-01
6.776440000000000241e-01
6.860910000000000064e-01
6.950250000000000039e-01
7.045069999999999943e-01
7.146109999999999962e-01
7.254270000000000440e-01
7.370670000000000277e-01
7.496770000000000378e-01
7.634490000000000443e-01
7.786459999999999493e-01
7.956440000000000179e-01
8.150159999999999627e-01
8.377229999999999954e-01
8.656190000000000273e-01
9.034389999999999921e-01
