9.133140000000000312e-04
9.233709999999999791e-04
9.335889999999999684e-04
9.439729999999999692e-04
9.545330000000000308e-04
9.652750000000000306e-04
9.762080000000000020e-04
9.873410000000000866e-04
9.986850000000000241e-04
1.010250000000000080e-03
1.022040000000000101e-03
1.034079999999999938e-03
1.046379999999999966e-03
1.058949999999999909e-03
1.071810000000000080e-03
1.084969999999999988e-03
1.098449999999999947e-03
1.112270000000000056e-03
1.126459999999999918e-03
1.141040000000000066e-03
1.156020000000000008e-03
1.171450000000000095e-03
1.187359999999999935e-03
1.203770000000000057e-03
1.220729999999999949e-03
1.238280000000000023e-03
1.256460000000000042e-03
1.275330000000000083e-03
1.294950000000000007e-03
1.315390000000000049e-03
1.336710000000000068e-03
1.359009999999999906e-03
1.382379999999999894e-03
1.406920000000000089e-03
1.432770000000000094e-03
1.460060000000000004e-03
1.488970000000000050e-03
1.519680000000000033e-03
1.552420000000000102e-03
1.587459999999999956e-03
1.625099999999999982e-03
1.665730000000000032e-03
1.709779999999999937e-03
1.757810000000000058e-03
1.810490000000000103e-03
1.868620000000000090e-03
1.933260000000000013e-03
2.005690000000000077e-03
2.087610000000000160e-03
2.181199999999999892e-03
2.289390000000000088e-03
2.416140000000000215e-03
2.566970000000000016e-03
2.749810000000000101e-03
2.976359999999999943e-03
3.264679999999999839e-03
3.644039999999999866e-03
4.164799999999999752e-03
4.920850000000000050e-03
6.106699999999999628e-03
8.190100000000000505e-03
1.258259999999999934e-02
2.560099999999999876e-02
1.146110000000000045e-01
1.178570000000000034e-01
1.067500000000000046e-02
2.261879999999999967e-03
5.561000000000000188e-04
1.052960000000000029e-04
3.129209999999999894e-06
1.709030000000000136e-05
7.206019999999999830e-05
1.403010000000000108e-04
2.108120000000000003e-04
2.791650000000000013e-04
3.436910000000000269e-04
4.039269999999999970e-04
4.599369999999999977e-04
5.120030000000000241e-04
5.604860000000000137e-04
6.057560000000000461e-04
6.481640000000000101e-04
6.880319999999999882e-04
7.256470000000000541e-04
7.612660000000000260e-04
7.951120000000000540e-04
8.273840000000000187e-04
8.582559999999999495e-04
8.878809999999999784e-04
9.163949999999999700e-04
9.439179999999999706e-04
9.705579999999999459e-04
9.964080000000000593e-04
1.021549999999999975e-03
1.046070000000000073e-03
1.070039999999999967e-03
1.093500000000000071e-03
1.116529999999999910e-03
1.139169999999999896e-03
1.161469999999999950e-03
1.183479999999999992e-03
1.205230000000000060e-03
1.226759999999999916e-03
1.248119999999999915e-03
1.269329999999999938e-03
1.290420000000000022e-03
1.311419999999999990e-03
1.332370000000000039e-03
1.353290000000000048e-03
1.374210000000000058e-03
1.395149999999999949e-03
1.416139999999999977e-03
1.437209999999999963e-03
1.458370000000000066e-03
1.479660000000000046e-03
1.501100000000000004e-03
1.522710000000000036e-03
1.544529999999999905e-03
1.566569999999999985e-03
1.588860000000000099e-03
1.611430000000000067e-03
1.634309999999999929e-03
1.657520000000000000e-03
1.681109999999999983e-03
1.705099999999999975e-03
1.729520000000000016e-03
1.754410000000000084e-03
1.779809999999999942e-03
1.805750000000000063e-03
1.832290000000000091e-03
1.859470000000000003e-03
1.887329999999999997e-03
1.915929999999999933e-03
1.945330000000000106e-03
1.975579999999999784e-03
2.006759999999999794e-03
2.038939999999999936e-03
2.072200000000000170e-03
2.106620000000000020e-03
2.142300000000000194e-03
2.179340000000000097e-03
2.217869999999999824e-03
2.258000000000000024e-03
2.299879999999999806e-03
2.343679999999999895e-03
2.389549999999999834e-03
2.437710000000000050e-03
2.488380000000000106e-03
2.541799999999999875e-03
2.598259999999999806e-03
2.658080000000000165e-03
2.721630000000000056e-03
2.789330000000000021e-03
2.861680000000000126e-03
2.939230000000000141e-03
3.022640000000000049e-03
3.112680000000000047e-03
3.210259999999999937e-03
3.316449999999999867e-03
3.432539999999999984e-03
3.560069999999999815e-03
3.700929999999999845e-03
3.857409999999999919e-03
4.032370000000000398e-03
4.229379999999999598e-03
4.452959999999999731e-03
4.708930000000000060e-03
5.004879999999999746e-03
5.350899999999999580e-03
5.760610000000000210e-03
6.252930000000000293e-03
6.854680000000000148e-03
7.605169999999999639e-03
8.564030000000000253e-03
9.825640000000000068e-03
1.154739999999999933e-02
1.400919999999999943e-02
1.775149999999999992e-02
2.393810000000000035e-02
3.547600000000000059e-02
6.133279999999999982e-02
1.381850000000000023e-01
3.698350000000000248e-01
1.848430000000000073e-01
5.074100000000000138e-02
1.893370000000000122e-02
8.535549999999999388e-03
4.252820000000000038e-03
2.223870000000000187e-03
1.177029999999999917e-03
6.099690000000000277e-04
2.970970000000000186e-04
1.270730000000000080e-04
4.086849999999999674e-05
5.395409999999999898e-06
1.269189999999999998e-06
1.672690000000000074e-05
4.442689999999999980e-05
7.968340000000000351e-05
1.194550000000000006e-04
1.617409999999999952e-04
2.052180000000000128e-04
2.490050000000000054e-04
2.925210000000000136e-04
3.353839999999999859e-04
3.773499999999999836e-04
4.182699999999999916e-04
4.580580000000000112e-04
4.966750000000000245e-04
5.341109999999999825e-04
5.703789999999999815e-04
6.055019999999999500e-04
6.395170000000000368e-04
6.724640000000000045e-04
7.043849999999999721e-04
7.353270000000000292e-04
7.653340000000000013e-04
7.944519999999999620e-04
8.227240000000000464e-04
8.501929999999999557e-04
8.768979999999999787e-04
9.028800000000000020e-04
9.281740000000000346e-04
9.528159999999999928e-04
9.768389999999999625e-04
1.000269999999999935e-03
1.023150000000000014e-03
1.045499999999999988e-03
1.067339999999999955e-03
1.088699999999999954e-03
1.109610000000000023e-03
1.130080000000000104e-03
1.150140000000000017e-03
1.169810000000000077e-03
1.189100000000000009e-03
1.208029999999999911e-03
1.226630000000000038e-03
1.244890000000000016e-03
1.262840000000000100e-03
1.280499999999999954e-03
1.297870000000000013e-03
1.314969999999999941e-03
1.331809999999999895e-03
1.348400000000000033e-03
1.364750000000000078e-03
1.380869999999999971e-03
1.396770000000000086e-03
1.412459999999999931e-03
1.427950000000000096e-03
1.443239999999999931e-03
1.458340000000000027e-03
1.473270000000000048e-03
1.488020000000000054e-03
1.502609999999999927e-03
1.517040000000000098e-03
1.531309999999999919e-03
1.545439999999999921e-03
1.559419999999999947e-03
1.573270000000000094e-03
1.586979999999999988e-03
1.600569999999999944e-03
1.614030000000000022e-03
1.627369999999999945e-03
1.640600000000000088e-03
1.653720000000000016e-03
1.666729999999999948e-03
1.679630000000000099e-03
1.692439999999999917e-03
1.705149999999999895e-03
1.717760000000000033e-03
1.730289999999999996e-03
1.742730000000000060e-03
1.755080000000000008e-03
1.767349999999999997e-03
1.779540000000000028e-03
1.791650000000000100e-03
1.803689999999999937e-03
1.815659999999999974e-03
1.827559999999999992e-03
1.839389999999999992e-03
1.851149999999999974e-03
1.862850000000000096e-03
1.874489999999999924e-03
1.886059999999999950e-03
1.897580000000000057e-03
1.909050000000000026e-03
1.920449999999999978e-03
1.931809999999999951e-03
1.943110000000000063e-03
1.954360000000000038e-03
1.965559999999999877e-03
1.976719999999999953e-03
1.987829999999999892e-03
1.998890000000000128e-03
2.009910000000000169e-03
2.020890000000000013e-03
2.031830000000000094e-03
2.042729999999999980e-03
2.053580000000000162e-03
2.064400000000000089e-03
