6.322160000000000063e-04
6.392620000000000333e-04
6.463579999999999803e-04
6.535020000000000325e-04
6.606960000000000046e-04
6.679410000000000208e-04
6.752359999999999569e-04
6.825829999999999528e-04
6.899820000000000085e-04
6.974330000000000156e-04
7.049380000000000056e-04
7.124959999999999627e-04
7.201090000000000269e-04
7.277779999999999970e-04
7.355029999999999814e-04
7.432839999999999803e-04
7.511230000000000250e-04
7.590210000000000229e-04
7.669779999999999740e-04
7.749950000000000025e-04
7.830730000000000156e-04
7.912130000000000291e-04
7.994159999999999504e-04
8.076830000000000120e-04
8.160150000000000129e-04
8.244139999999999845e-04
8.328800000000000352e-04
8.414139999999999640e-04
8.500180000000000192e-04
8.586929999999999997e-04
8.674410000000000454e-04
8.762620000000000478e-04
8.851580000000000385e-04
8.941319999999999563e-04
9.031830000000000023e-04
9.123140000000000069e-04
9.215280000000000173e-04
9.308240000000000177e-04
9.402059999999999628e-04
9.496739999999999609e-04
9.592329999999999824e-04
9.688820000000000114e-04
9.786249999999998943e-04
9.884629999999999719e-04
9.983999999999999819e-04
1.008439999999999987e-03
1.018580000000000050e-03
1.028829999999999892e-03
1.039180000000000008e-03
1.049650000000000062e-03
1.060229999999999896e-03
1.070930000000000102e-03
1.081759999999999970e-03
1.092709999999999992e-03
1.103789999999999893e-03
1.115000000000000106e-03
1.126349999999999921e-03
1.137839999999999989e-03
1.149480000000000033e-03
1.161279999999999995e-03
1.173229999999999933e-03
1.185340000000000005e-03
1.197619999999999935e-03
1.210080000000000097e-03
1.222720000000000057e-03
1.235549999999999973e-03
1.248570000000000062e-03
1.261799999999999988e-03
1.275249999999999908e-03
1.288910000000000099e-03
1.302809999999999949e-03
1.316950000000000108e-03
1.331340000000000084e-03
1.345990000000000034e-03
1.360920000000000055e-03
1.376140000000000089e-03
1.391670000000000016e-03
1.407519999999999995e-03
1.423699999999999966e-03
1.440230000000000026e-03
1.457139999999999998e-03
1.474449999999999979e-03
1.492169999999999911e-03
1.510330000000000049e-03
1.528959999999999998e-03
1.548080000000000072e-03
1.567730000000000035e-03
1.587939999999999924e-03
1.608749999999999937e-03
1.630200000000000052e-03
1.652330000000000031e-03
1.675190000000000012e-03
1.698840000000000072e-03
1.723340000000000071e-03
1.748750000000000087e-03
1.775150000000000079e-03
1.802620000000000004e-03
1.831249999999999978e-03
1.861140000000000060e-03
1.892419999999999910e-03
1.925199999999999958e-03
1.959649999999999847e-03
1.995929999999999926e-03
2.034230000000000153e-03
2.074770000000000086e-03
2.117819999999999859e-03
2.163659999999999976e-03
2.212650000000000033e-03
2.265189999999999825e-03
2.321759999999999970e-03
2.382930000000000118e-03
2.449390000000000074e-03
2.521960000000000174e-03
2.601650000000000056e-03
2.689710000000000104e-03
2.787669999999999905e-03
2.897480000000000021e-03
3.021639999999999916e-03
3.163379999999999925e-03
3.326949999999999959e-03
3.518090000000000193e-03
3.744690000000000171e-03
4.017920000000000345e-03
4.354000000000000231e-03
4.777479999999999748e-03
5.327059999999999781e-03
6.067170000000000202e-03
7.112689999999999638e-03
8.687290000000000290e-03
1.128209999999999977e-02
1.617889999999999953e-02
2.775810000000000083e-02
7.023669999999999913e-02
3.604180000000000161e-01
6.324789999999999579e-02
1.141580000000000025e-02
3.211690000000000118e-03
1.006729999999999951e-03
2.837010000000000269e-04
4.821110000000000331e-05
1.694440000000000117e-08
2.969159999999999877e-05
9.224650000000000525e-05
1.676910000000000043e-04
2.467290000000000021e-04
3.249750000000000251e-04
4.004090000000000080e-04
4.721929999999999834e-04
5.400850000000000442e-04
6.041409999999999879e-04
6.645620000000000520e-04
7.216139999999999794e-04
7.755779999999999662e-04
8.267370000000000231e-04
8.753539999999999542e-04
9.216769999999999781e-04
9.659290000000000280e-04
1.008320000000000050e-03
1.049019999999999900e-03
1.088210000000000045e-03
1.126040000000000027e-03
1.162639999999999941e-03
1.198129999999999942e-03
1.232620000000000026e-03
1.266219999999999976e-03
1.299019999999999906e-03
1.331090000000000051e-03
1.362520000000000094e-03
1.393369999999999895e-03
1.423720000000000064e-03
1.453609999999999928e-03
1.483109999999999941e-03
1.512279999999999961e-03
1.541150000000000029e-03
1.569770000000000063e-03
1.598199999999999925e-03
1.626459999999999928e-03
1.654599999999999994e-03
1.682670000000000042e-03
1.710689999999999954e-03
1.738699999999999924e-03
1.766739999999999934e-03
1.794840000000000020e-03
1.823050000000000104e-03
1.851379999999999909e-03
1.879880000000000006e-03
1.908589999999999939e-03
1.937530000000000025e-03
1.966750000000000182e-03
1.996280000000000016e-03
2.026159999999999940e-03
2.056430000000000150e-03
2.087120000000000034e-03
2.118290000000000103e-03
2.149980000000000120e-03
2.182219999999999906e-03
2.215079999999999914e-03
2.248609999999999845e-03
2.282849999999999897e-03
2.317870000000000087e-03
2.353739999999999999e-03
2.390520000000000145e-03
2.428280000000000109e-03
2.467109999999999789e-03
2.507080000000000072e-03
2.548299999999999871e-03
2.590869999999999892e-03
2.634880000000000035e-03
2.680479999999999842e-03
2.727779999999999962e-03
2.776949999999999818e-03
2.828129999999999880e-03
2.881509999999999887e-03
2.937289999999999953e-03
2.995700000000000012e-03
3.056970000000000000e-03
3.121409999999999810e-03
3.189309999999999888e-03
3.261050000000000147e-03
3.337020000000000004e-03
3.417700000000000078e-03
3.503609999999999884e-03
3.595370000000000076e-03
3.693689999999999907e-03
3.799390000000000146e-03
3.913449999999999741e-03
4.036989999999999849e-03
4.171369999999999766e-03
4.318210000000000277e-03
4.479419999999999583e-03
4.657370000000000086e-03
4.854930000000000356e-03
5.075650000000000127e-03
5.323969999999999918e-03
5.605520000000000121e-03
5.927510000000000417e-03
6.299309999999999805e-03
6.733349999999999926e-03
7.246400000000000063e-03
7.861570000000000016e-03
8.611560000000000742e-03
9.543990000000000459e-03
1.073059999999999986e-02
1.228409999999999919e-02
1.439020000000000056e-02
1.737489999999999868e-02
2.185600000000000043e-02
2.912800000000000111e-02
4.229510000000000214e-02
7.029489999999999350e-02
1.452420000000000100e-01
3.506230000000000180e-01
2.477340000000000098e-01
7.426030000000000131e-02
2.772180000000000130e-02
1.247389999999999957e-02
6.235710000000000211e-03
3.291749999999999971e-03
1.771889999999999923e-03
9.436730000000000161e-04
4.805860000000000232e-04
2.223980000000000076e-04
8.451769999999999888e-05
1.966000000000000150e-05
1.669630000000000108e-07
9.260989999999999232e-06
3.646209999999999772e-05
7.506839999999999433e-05
1.207139999999999965e-04
1.705140000000000009e-04
2.225460000000000068e-04
2.755179999999999869e-04
3.285660000000000251e-04
3.811120000000000198e-04
4.327760000000000049e-04
4.833160000000000190e-04
5.325829999999999930e-04
5.804939999999999753e-04
6.270120000000000337e-04
6.721340000000000127e-04
7.158750000000000399e-04
7.582669999999999688e-04
7.993510000000000112e-04
8.391740000000000397e-04
8.777869999999999900e-04
9.152410000000000146e-04
9.515889999999999722e-04
9.868819999999999069e-04
1.021170000000000064e-03
1.054500000000000099e-03
1.086930000000000058e-03
1.118489999999999979e-03
1.149230000000000000e-03
1.179190000000000099e-03
1.208410000000000040e-03
1.236920000000000077e-03
1.264769999999999913e-03
1.291969999999999924e-03
1.318570000000000028e-03
1.344590000000000108e-03
