3.7340000000000000e+00	2.3090900000000002e-03
3.7340040040040039e+00	2.3124500000000002e-03
3.7340080080080078e+00	2.3158200000000001e-03
3.7340120120120122e+00	2.3192099999999999e-03
3.7340160160160161e+00	2.3226100000000001e-03
3.7340200200200200e+00	2.3260199999999998e-03
3.7340240240240239e+00	2.3294399999999999e-03
3.7340280280280278e+00	2.3328699999999999e-03
3.7340320320320322e+00	2.3363199999999998e-03
3.7340360360360361e+00	2.3397800000000001e-03
3.7340400400400400e+00	2.3432499999999998e-03
3.7340440440440439e+00	2.3467399999999999e-03
3.7340480480480482e+00	2.3502400000000000e-03
3.7340520520520522e+00	2.3537499999999999e-03
3.7340560560560561e+00	2.3572699999999999e-03
3.7340600600600600e+00	2.3608100000000001e-03
3.7340640640640639e+00	2.3643599999999998e-03
3.7340680680680682e+00	2.3679199999999999e-03
3.7340720720720721e+00	2.3714999999999999e-03
3.7340760760760761e+00	2.3750899999999998e-03
3.7340800800800800e+00	2.3787000000000001e-03
3.7340840840840839e+00	2.3823099999999999e-03
3.7340880880880882e+00	2.3859500000000000e-03
3.7340920920920921e+00	2.3895900000000000e-03
3.7340960960960961e+00	2.3932500000000000e-03
3.7341001001001000e+00	2.3969299999999998e-03
3.7341041041041039e+00	2.4006100000000001e-03
3.7341081081081082e+00	2.4043200000000002e-03
3.7341121121121121e+00	2.4080299999999998e-03
3.7341161161161160e+00	2.4117700000000001e-03
3.7341201201201200e+00	2.4155100000000001e-03
3.7341241241241243e+00	2.4192699999999998e-03
3.7341281281281282e+00	2.4230499999999999e-03
3.7341321321321321e+00	2.4268400000000000e-03
3.7341361361361360e+00	2.4306499999999999e-03
3.7341401401401400e+00	2.4344700000000002e-03
3.7341441441441443e+00	2.4383100000000000e-03
3.7341481481481482e+00	2.4421600000000001e-03
3.7341521521521521e+00	2.4460300000000001e-03
3.7341561561561560e+00	2.4499100000000000e-03
3.7341601601601599e+00	2.4538099999999998e-03
3.7341641641641643e+00	2.4577300000000000e-03
3.7341681681681682e+00	2.4616600000000001e-03
3.7341721721721721e+00	2.4656100000000000e-03
3.7341761761761760e+00	2.4695699999999999e-03
3.7341801801801804e+00	2.4735500000000001e-03
3.7341841841841843e+00	2.4775499999999998e-03
3.7341881881881882e+00	2.4815700000000002e-03
3.7341921921921921e+00	2.4856000000000001e-03
3.7341961961961960e+00	2.4896499999999999e-03
3.7342002002002004e+00	2.4937100000000001e-03
3.7342042042042043e+00	2.4978000000000001e-03
3.7342082082082082e+00	2.5019000000000000e-03
3.7342122122122121e+00	2.5060199999999999e-03
3.7342162162162160e+00	2.5101500000000001e-03
3.7342202202202204e+00	2.5143100000000001e-03
3.7342242242242243e+00	2.5184800000000000e-03
3.7342282282282282e+00	2.5226699999999999e-03
3.7342322322322321e+00	2.5268800000000000e-03
3.7342362362362360e+00	2.5311100000000000e-03
3.7342402402402404e+00	2.5353500000000000e-03
3.7342442442442443e+00	2.5396199999999998e-03
3.7342482482482482e+00	2.5439000000000000e-03
3.7342522522522521e+00	2.5482100000000000e-03
3.7342562562562565e+00	2.5525299999999999e-03
3.7342602602602604e+00	2.5568700000000001e-03
3.7342642642642643e+00	2.5612299999999998e-03
3.7342682682682682e+00	2.5656199999999998e-03
3.7342722722722721e+00	2.5700200000000001e-03
3.7342762762762765e+00	2.5744399999999999e-03
3.7342802802802804e+00	2.5788800000000000e-03
3.7342842842842843e+00	2.5833499999999999e-03
3.7342882882882882e+00	2.5878300000000002e-03
3.7342922922922921e+00	2.5923399999999998e-03
3.7342962962962964e+00	2.5968599999999999e-03
3.7343003003003004e+00	2.6014100000000002e-03
3.7343043043043043e+00	2.6059799999999999e-03
3.7343083083083082e+00	2.6105700000000000e-03
3.7343123123123121e+00	2.6151799999999999e-03
3.7343163163163164e+00	2.6198200000000001e-03
3.7343203203203204e+00	2.6244699999999998e-03
3.7343243243243243e+00	2.6291499999999998e-03
3.7343283283283282e+00	2.6338600000000000e-03
3.7343323323323325e+00	2.6385800000000002e-03
3.7343363363363364e+00	2.6433300000000002e-03
3.7343403403403403e+00	2.6481000000000000e-03
3.7343443443443443e+00	2.6529000000000001e-03
3.7343483483483482e+00	2.6577200000000001e-03
3.7343523523523525e+00	2.6625600000000000e-03
3.7343563563563564e+00	2.6674300000000001e-03
3.7343603603603603e+00	2.6723200000000002e-03
3.7343643643643643e+00	2.6772400000000000e-03
3.7343683683683682e+00	2.6821800000000002e-03
3.7343723723723725e+00	2.6871400000000002e-03
3.7343763763763764e+00	2.6921400000000000e-03
3.7343803803803803e+00	2.6971500000000002e-03
3.7343843843843842e+00	2.7022000000000001e-03
3.7343883883883882e+00	2.7072699999999999e-03
3.7343923923923925e+00	2.7123600000000000e-03
3.7343963963963964e+00	2.7174899999999999e-03
3.7344004004004003e+00	2.7226400000000001e-03
3.7344044044044042e+00	2.7278200000000002e-03
3.7344084084084086e+00	2.7330200000000001e-03
3.7344124124124125e+00	2.7382499999999998e-03
3.7344164164164164e+00	2.7435099999999998e-03
3.7344204204204203e+00	2.7488000000000000e-03
3.7344244244244242e+00	2.7541200000000001e-03
3.7344284284284286e+00	2.7594700000000000e-03
3.7344324324324325e+00	2.7648400000000002e-03
3.7344364364364364e+00	2.7702500000000001e-03
3.7344404404404403e+00	2.7756800000000000e-03
3.7344444444444442e+00	2.7811500000000000e-03
3.7344484484484486e+00	2.7866400000000000e-03
3.7344524524524525e+00	2.7921700000000001e-03
3.7344564564564564e+00	2.7977300000000000e-03
3.7344604604604603e+00	2.8033200000000002e-03
3.7344644644644647e+00	2.8089399999999998e-03
3.7344684684684686e+00	2.8145900000000001e-03
3.7344724724724725e+00	2.8202700000000002e-03
3.7344764764764764e+00	2.8259900000000000e-03
3.7344804804804803e+00	2.8317400000000001e-03
3.7344844844844847e+00	2.8375300000000000e-03
3.7344884884884886e+00	2.8433400000000002e-03
3.7344924924924925e+00	2.8492000000000001e-03
3.7344964964964964e+00	2.8550799999999999e-03
3.7345005005005003e+00	2.8610100000000002e-03
3.7345045045045047e+00	2.8669600000000000e-03
3.7345085085085086e+00	2.8729599999999999e-03
3.7345125125125125e+00	2.8789800000000002e-03
3.7345165165165164e+00	2.8850500000000001e-03
3.7345205205205203e+00	2.8911499999999999e-03
3.7345245245245247e+00	2.8972899999999998e-03
3.7345285285285286e+00	2.9034700000000000e-03
3.7345325325325325e+00	2.9096899999999999e-03
3.7345365365365364e+00	2.9159400000000001e-03
3.7345405405405407e+00	2.9222300000000001e-03
3.7345445445445447e+00	2.9285700000000001e-03
3.7345485485485486e+00	2.9349400000000000e-03
3.7345525525525525e+00	2.9413500000000001e-03
3.7345565565565564e+00	2.9478099999999999e-03
3.7345605605605607e+00	2.9543099999999999e-03
3.7345645645645646e+00	2.9608400000000002e-03
3.7345685685685686e+00	2.9674200000000001e-03
3.7345725725725725e+00	2.9740499999999998e-03
3.7345765765765764e+00	2.9807100000000001e-03
3.7345805805805807e+00	2.9874300000000001e-03
3.7345845845845846e+00	2.9941799999999999e-03
3.7345885885885886e+00	3.0009799999999999e-03
3.7345925925925925e+00	3.0078300000000000e-03
3.7345965965965964e+00	3.0147199999999998e-03
3.7346006006006007e+00	3.0216599999999998e-03
3.7346046046046046e+00	3.0286499999999999e-03
3.7346086086086085e+00	3.0356799999999998e-03
3.7346126126126125e+00	3.0427599999999998e-03
3.7346166166166168e+00	3.0498999999999999e-03
3.7346206206206207e+00	3.0570800000000002e-03
3.7346246246246246e+00	3.0643100000000002e-03
3.7346286286286285e+00	3.0715899999999999e-03
3.7346326326326325e+00	3.0789300000000001e-03
3.7346366366366368e+00	3.0863200000000000e-03
3.7346406406406407e+00	3.0937600000000001e-03
3.7346446446446446e+00	3.1012499999999998e-03
3.7346486486486485e+00	3.1088000000000001e-03
3.7346526526526524e+00	3.1164100000000000e-03
3.7346566566566568e+00	3.1240700000000001e-03
3.7346606606606607e+00	3.1317900000000002e-03
3.7346646646646646e+00	3.1395600000000000e-03
3.7346686686686685e+00	3.1473999999999999e-03
3.7346726726726724e+00	3.1552899999999998e-03
3.7346766766766768e+00	3.1632399999999999e-03
3.7346806806806807e+00	3.1712500000000000e-03
3.7346846846846846e+00	3.1793300000000002e-03
3.7346886886886885e+00	3.1874700000000000e-03
3.7346926926926929e+00	3.1956699999999998e-03
3.7346966966966968e+00	3.2039299999999998e-03
3.7347007007007007e+00	3.2122600000000002e-03
3.7347047047047046e+00	3.2206600000000002e-03
3.7347087087087085e+00	3.2291300000000002e-03
3.7347127127127129e+00	3.2376599999999998e-03
3.7347167167167168e+00	3.2462599999999999e-03
3.7347207207207207e+00	3.2549300000000001e-03
3.7347247247247246e+00	3.2636700000000002e-03
3.7347287287287285e+00	3.2724899999999999e-03
3.7347327327327329e+00	3.2813800000000000e-03
3.7347367367367368e+00	3.2903400000000001e-03
3.7347407407407407e+00	3.2993800000000002e-03
3.7347447447447446e+00	3.3084899999999999e-03
3.7347487487487485e+00	3.3176899999999999e-03
3.7347527527527529e+00	3.3269599999999999e-03
3.7347567567567568e+00	3.3363099999999999e-03
3.7347607607607607e+00	3.3457500000000002e-03
3.7347647647647646e+00	3.3552700000000000e-03
3.7347687687687690e+00	3.3648699999999998e-03
3.7347727727727729e+00	3.3745600000000000e-03
3.7347767767767768e+00	3.3843300000000001e-03
3.7347807807807807e+00	3.3941900000000001e-03
3.7347847847847846e+00	3.4041499999999999e-03
3.7347887887887889e+00	3.4141900000000001e-03
3.7347927927927929e+00	3.4243300000000002e-03
3.7347967967967968e+00	3.4345600000000001e-03
3.7348008008008007e+00	3.4448899999999999e-03
3.7348048048048046e+00	3.4553200000000000e-03
3.7348088088088089e+00	3.4658400000000000e-03
3.7348128128128129e+00	3.4764700000000002e-03
3.7348168168168168e+00	3.4872000000000002e-03
3.7348208208208207e+00	3.4980400000000000e-03
3.7348248248248250e+00	3.5089800000000001e-03
3.7348288288288289e+00	3.5200299999999999e-03
3.7348328328328328e+00	3.5311900000000000e-03
3.7348368368368368e+00	3.5424599999999999e-03
3.7348408408408407e+00	3.5538499999999999e-03
3.7348448448448450e+00	3.5653600000000001e-03
3.7348488488488489e+00	3.5769800000000000e-03
3.7348528528528528e+00	3.5887200000000001e-03
3.7348568568568568e+00	3.6005899999999999e-03
3.7348608608608607e+00	3.6125900000000002e-03
3.7348648648648650e+00	3.6247100000000002e-03
3.7348688688688689e+00	3.6369599999999998e-03
3.7348728728728728e+00	3.6493400000000000e-03
3.7348768768768768e+00	3.6618699999999998e-03
3.7348808808808807e+00	3.6745300000000001e-03
3.7348848848848850e+00	3.6873299999999999e-03
3.7348888888888889e+00	3.7002699999999999e-03
3.7348928928928928e+00	3.7133600000000002e-03
3.7348968968968967e+00	3.7266000000000001e-03
3.7349009009009011e+00	3.7399999999999998e-03
3.7349049049049050e+00	3.7535500000000000e-03
3.7349089089089089e+00	3.7672600000000001e-03
3.7349129129129128e+00	3.7811300000000002e-03
3.7349169169169167e+00	3.7951700000000001e-03
3.7349209209209211e+00	3.8093799999999998e-03
3.7349249249249250e+00	3.8237599999999998e-03
3.7349289289289289e+00	3.8383300000000000e-03
3.7349329329329328e+00	3.8530700000000001e-03
3.7349369369369367e+00	3.8679900000000000e-03
3.7349409409409411e+00	3.8831099999999999e-03
3.7349449449449450e+00	3.8984200000000001e-03
3.7349489489489489e+00	3.9139300000000004e-03
3.7349529529529528e+00	3.9296399999999999e-03
3.7349569569569567e+00	3.9455599999999999e-03
3.7349609609609611e+00	3.9616900000000004e-03
3.7349649649649650e+00	3.9780400000000004e-03
3.7349689689689689e+00	3.9946199999999999e-03
3.7349729729729728e+00	4.0114199999999999e-03
3.7349769769769772e+00	4.0284500000000003e-03
3.7349809809809811e+00	4.0457300000000000e-03
3.7349849849849850e+00	4.0632500000000000e-03
3.7349889889889889e+00	4.0810200000000003e-03
3.7349929929929928e+00	4.0990499999999999e-03
3.7349969969969972e+00	4.1173399999999997e-03
3.7350010010010011e+00	4.1359099999999996e-03
3.7350050050050050e+00	4.1547600000000004e-03
3.7350090090090089e+00	4.1738900000000004e-03
3.7350130130130128e+00	4.1933200000000004e-03
3.7350170170170172e+00	4.2130500000000003e-03
3.7350210210210211e+00	4.2330900000000001e-03
3.7350250250250250e+00	4.2534499999999998e-03
3.7350290290290289e+00	4.2741300000000001e-03
3.7350330330330328e+00	4.2951600000000001e-03
3.7350370370370372e+00	4.3165299999999998e-03
3.7350410410410411e+00	4.3382600000000000e-03
3.7350450450450450e+00	4.3603599999999998e-03
3.7350490490490489e+00	4.3828399999999998e-03
3.7350530530530532e+00	4.4057000000000002e-03
3.7350570570570572e+00	4.4289700000000000e-03
3.7350610610610611e+00	4.4526599999999998e-03
3.7350650650650650e+00	4.4767699999999997e-03
3.7350690690690689e+00	4.5013199999999996e-03
3.7350730730730732e+00	4.5263300000000003e-03
3.7350770770770771e+00	4.5518099999999999e-03
3.7350810810810811e+00	4.5777700000000001e-03
3.7350850850850850e+00	4.6042399999999999e-03
3.7350890890890889e+00	4.6312200000000001e-03
3.7350930930930932e+00	4.6587399999999998e-03
3.7350970970970971e+00	4.6868099999999996e-03
3.7351011011011011e+00	4.7154600000000003e-03
3.7351051051051050e+00	4.7447000000000001e-03
3.7351091091091093e+00	4.7745599999999997e-03
3.7351131131131132e+00	4.8050499999999999e-03
3.7351171171171171e+00	4.8362099999999996e-03
3.7351211211211210e+00	4.8680499999999996e-03
3.7351251251251250e+00	4.9005999999999997e-03
3.7351291291291293e+00	4.9338999999999997e-03
3.7351331331331332e+00	4.9679600000000004e-03
3.7351371371371371e+00	5.0028199999999998e-03
3.7351411411411410e+00	5.0385100000000004e-03
3.7351451451451450e+00	5.0750700000000001e-03
3.7351491491491493e+00	5.1125299999999997e-03
3.7351531531531532e+00	5.1509299999999997e-03
3.7351571571571571e+00	5.1903000000000001e-03
3.7351611611611610e+00	5.2306999999999996e-03
3.7351651651651649e+00	5.2721599999999997e-03
3.7351691691691693e+00	5.3147400000000001e-03
3.7351731731731732e+00	5.3584799999999997e-03
3.7351771771771771e+00	5.4034399999999998e-03
3.7351811811811810e+00	5.4496800000000001e-03
3.7351851851851854e+00	5.4972500000000004e-03
3.7351891891891893e+00	5.5462200000000001e-03
3.7351931931931932e+00	5.5966699999999998e-03
3.7351971971971971e+00	5.6486599999999998e-03
3.7352012012012010e+00	5.7022699999999997e-03
3.7352052052052054e+00	5.7575899999999999e-03
3.7352092092092093e+00	5.8147099999999998e-03
3.7352132132132132e+00	5.8737299999999997e-03
3.7352172172172171e+00	5.9347599999999999e-03
3.7352212212212210e+00	5.9978899999999996e-03
3.7352252252252254e+00	6.0632600000000000e-03
3.7352292292292293e+00	6.1310000000000002e-03
3.7352332332332332e+00	6.2012500000000002e-03
3.7352372372372371e+00	6.2741600000000000e-03
3.7352412412412410e+00	6.3498900000000004e-03
3.7352452452452454e+00	6.4286400000000002e-03
3.7352492492492493e+00	6.5105800000000002e-03
3.7352532532532532e+00	6.5959399999999998e-03
3.7352572572572571e+00	6.6849400000000003e-03
3.7352612612612615e+00	6.7778400000000003e-03
3.7352652652652654e+00	6.8749299999999996e-03
3.7352692692692693e+00	6.9764900000000001e-03
3.7352732732732732e+00	7.0828699999999998e-03
3.7352772772772771e+00	7.1944299999999999e-03
3.7352812812812815e+00	7.3115899999999998e-03
3.7352852852852854e+00	7.4347900000000001e-03
3.7352892892892893e+00	7.5645399999999998e-03
3.7352932932932932e+00	7.7013799999999999e-03
3.7352972972972971e+00	7.8459500000000008e-03
3.7353013013013014e+00	7.9989299999999996e-03
3.7353053053053054e+00	8.1611099999999992e-03
3.7353093093093093e+00	8.3333599999999997e-03
3.7353133133133132e+00	8.5166800000000004e-03
3.7353173173173171e+00	8.7121899999999999e-03
3.7353213213213214e+00	8.9211700000000008e-03
3.7353253253253254e+00	9.1450999999999998e-03
3.7353293293293293e+00	9.3856400000000006e-03
3.7353333333333332e+00	9.6447400000000006e-03
3.7353373373373375e+00	9.9246500000000001e-03
3.7353413413413414e+00	1.0227999999999999e-02
3.7353453453453453e+00	1.0557800000000001e-02
3.7353493493493493e+00	1.0917700000000001e-02
3.7353533533533532e+00	1.1311999999999999e-02
3.7353573573573575e+00	1.1745800000000001e-02
3.7353613613613614e+00	1.2225300000000000e-02
3.7353653653653653e+00	1.2757900000000001e-02
3.7353693693693693e+00	1.3352800000000000e-02
3.7353733733733732e+00	1.4021199999999999e-02
3.7353773773773775e+00	1.4777300000000000e-02
3.7353813813813814e+00	1.5638800000000001e-02
3.7353853853853853e+00	1.6628700000000000e-02
3.7353893893893892e+00	1.7776400000000001e-02
3.7353933933933936e+00	1.9120999999999999e-02
3.7353973973973975e+00	2.0714900000000001e-02
3.7354014014014014e+00	2.2629900000000001e-02
3.7354054054054053e+00	2.4966599999999999e-02
3.7354094094094092e+00	2.7869700000000001e-02
3.7354134134134136e+00	3.1553800000000000e-02
3.7354174174174175e+00	3.6348400000000003e-02
3.7354214214214214e+00	4.2780800000000001e-02
3.7354254254254253e+00	5.1735999999999997e-02
3.7354294294294292e+00	6.4785899999999993e-02
3.7354334334334336e+00	8.4904400000000005e-02
3.7354374374374375e+00	1.1809200000000000e-01
3.7354414414414414e+00	1.7680499999999999e-01
3.7354454454454453e+00	2.8200300000000000e-01
3.7354494494494492e+00	4.1362500000000002e-01
3.7354534534534536e+00	3.7639899999999998e-01
3.7354574574574575e+00	2.0819099999999999e-01
3.7354614614614614e+00	1.0391700000000000e-01
3.7354654654654653e+00	5.4883599999999998e-02
3.7354694694694697e+00	3.1037700000000001e-02
3.7354734734734736e+00	1.8497699999999999e-02
3.7354774774774775e+00	1.1426100000000000e-02
3.7354814814814814e+00	7.2143299999999997e-03
3.7354854854854853e+00	4.6013800000000004e-03
3.7354894894894897e+00	2.9324300000000002e-03
3.7354934934934936e+00	1.8460600000000001e-03
3.7354974974974975e+00	1.1324300000000000e-03
3.7355015015015014e+00	6.6435799999999998e-04
3.7355055055055053e+00	3.6198799999999999e-04
3.7355095095095097e+00	1.7361399999999999e-04
3.7355135135135136e+00	6.4887299999999998e-05
3.7355175175175175e+00	1.2479100000000001e-05
3.7355215215215214e+00	2.4305699999999998e-07
3.7355255255255253e+00	1.6820000000000002e-05
3.7355295295295297e+00	5.4106400000000001e-05
3.7355335335335336e+00	1.0625300000000000e-04
3.7355375375375375e+00	1.6899300000000001e-04
3.7355415415415414e+00	2.3919300000000001e-04
3.7355455455455457e+00	3.1453100000000000e-04
3.7355495495495497e+00	3.9328300000000002e-04
3.7355535535535536e+00	4.7415899999999998e-04
3.7355575575575575e+00	5.5619999999999997e-04
3.7355615615615614e+00	6.3868699999999998e-04
3.7355655655655657e+00	7.2108600000000001e-04
3.7355695695695696e+00	8.0300200000000003e-04
3.7355735735735736e+00	8.8414600000000004e-04
3.7355775775775775e+00	9.6431000000000002e-04
3.7355815815815814e+00	1.0433500000000000e-03
3.7355855855855857e+00	1.1211600000000000e-03
3.7355895895895896e+00	1.1976900000000000e-03
3.7355935935935936e+00	1.2729000000000000e-03
3.7355975975975975e+00	1.3467799999999999e-03
3.7356016016016014e+00	1.4193200000000000e-03
3.7356056056056057e+00	1.4905599999999999e-03
3.7356096096096096e+00	1.5605100000000000e-03
3.7356136136136135e+00	1.6292100000000001e-03
3.7356176176176175e+00	1.6967000000000000e-03
3.7356216216216218e+00	1.7630100000000000e-03
3.7356256256256257e+00	1.8281899999999999e-03
3.7356296296296296e+00	1.8922900000000000e-03
3.7356336336336335e+00	1.9553499999999998e-03
3.7356376376376375e+00	2.0174199999999998e-03
3.7356416416416418e+00	2.0785399999999998e-03
3.7356456456456457e+00	2.1387699999999999e-03
3.7356496496496496e+00	2.1981399999999999e-03
3.7356536536536535e+00	2.2566999999999999e-03
3.7356576576576574e+00	2.3145000000000002e-03
3.7356616616616618e+00	2.3715799999999999e-03
3.7356656656656657e+00	2.4279700000000002e-03
3.7356696696696696e+00	2.4837200000000000e-03
3.7356736736736735e+00	2.5388699999999999e-03
3.7356776776776774e+00	2.5934600000000001e-03
3.7356816816816818e+00	2.6475200000000000e-03
3.7356856856856857e+00	2.7011000000000001e-03
3.7356896896896896e+00	2.7542100000000000e-03
3.7356936936936935e+00	2.8069000000000002e-03
3.7356976976976979e+00	2.8592100000000001e-03
3.7357017017017018e+00	2.9111599999999999e-03
3.7357057057057057e+00	2.9627799999999999e-03
3.7357097097097096e+00	3.0141000000000000e-03
3.7357137137137135e+00	3.0651599999999999e-03
3.7357177177177179e+00	3.1159899999999999e-03
3.7357217217217218e+00	3.1665999999999999e-03
3.7357257257257257e+00	3.2170300000000001e-03
3.7357297297297296e+00	3.2672999999999999e-03
3.7357337337337335e+00	3.3174500000000000e-03
3.7357377377377379e+00	3.3674899999999999e-03
3.7357417417417418e+00	3.4174499999999998e-03
3.7357457457457457e+00	3.4673500000000001e-03
3.7357497497497496e+00	3.5172300000000001e-03
3.7357537537537540e+00	3.5671000000000001e-03
3.7357577577577579e+00	3.6169900000000000e-03
3.7357617617617618e+00	3.6669200000000002e-03
3.7357657657657657e+00	3.7169099999999999e-03
3.7357697697697696e+00	3.7669800000000001e-03
3.7357737737737740e+00	3.8171699999999999e-03
3.7357777777777779e+00	3.8674800000000000e-03
3.7357817817817818e+00	3.9179499999999999e-03
3.7357857857857857e+00	3.9685900000000001e-03
3.7357897897897896e+00	4.0194300000000001e-03
3.7357937937937939e+00	4.0704900000000004e-03
3.7357977977977979e+00	4.1217900000000002e-03
3.7358018018018018e+00	4.1733500000000001e-03
3.7358058058058057e+00	4.2251900000000002e-03
3.7358098098098096e+00	4.2773400000000001e-03
3.7358138138138139e+00	4.3298199999999998e-03
3.7358178178178179e+00	4.3826500000000001e-03
3.7358218218218218e+00	4.4358499999999999e-03
3.7358258258258257e+00	4.4894499999999999e-03
3.7358298298298300e+00	4.5434700000000000e-03
3.7358338338338339e+00	4.5979300000000001e-03
3.7358378378378378e+00	4.6528500000000000e-03
3.7358418418418418e+00	4.7082599999999997e-03
3.7358458458458457e+00	4.7641799999999998e-03
3.7358498498498500e+00	4.8206400000000002e-03
3.7358538538538539e+00	4.8776599999999998e-03
3.7358578578578578e+00	4.9352700000000003e-03
3.7358618618618618e+00	4.9934899999999997e-03
3.7358658658658657e+00	5.0523499999999997e-03
3.7358698698698700e+00	5.1118700000000001e-03
3.7358738738738739e+00	5.1720899999999998e-03
3.7358778778778778e+00	5.2330199999999997e-03
3.7358818818818817e+00	5.2947100000000002e-03
3.7358858858858857e+00	5.3571699999999996e-03
3.7358898898898900e+00	5.4204400000000003e-03
3.7358938938938939e+00	5.4845500000000004e-03
3.7358978978978978e+00	5.5495199999999996e-03
3.7359019019019017e+00	5.6154000000000004e-03
3.7359059059059061e+00	5.6822200000000000e-03
3.7359099099099100e+00	5.7499999999999999e-03
3.7359139139139139e+00	5.8187899999999999e-03
3.7359179179179178e+00	5.8886199999999998e-03
3.7359219219219217e+00	5.9595300000000002e-03
3.7359259259259261e+00	6.0315500000000001e-03
3.7359299299299300e+00	6.1047400000000000e-03
3.7359339339339339e+00	6.1791199999999998e-03
3.7359379379379378e+00	6.2547400000000000e-03
3.7359419419419417e+00	6.3316400000000004e-03
3.7359459459459461e+00	6.4098799999999997e-03
3.7359499499499500e+00	6.4894899999999997e-03
3.7359539539539539e+00	6.5705299999999998e-03
3.7359579579579578e+00	6.6530399999999998e-03
3.7359619619619617e+00	6.7370800000000003e-03
3.7359659659659661e+00	6.8227100000000001e-03
3.7359699699699700e+00	6.9099799999999996e-03
3.7359739739739739e+00	6.9989400000000004e-03
3.7359779779779778e+00	7.0896600000000002e-03
3.7359819819819822e+00	7.1822099999999996e-03
3.7359859859859861e+00	7.2766400000000000e-03
3.7359899899899900e+00	7.3730300000000000e-03
3.7359939939939939e+00	7.4714500000000001e-03
3.7359979979979978e+00	7.5719799999999999e-03
3.7360020020020022e+00	7.6746799999999997e-03
3.7360060060060061e+00	7.7796499999999999e-03
3.7360100100100100e+00	7.8869600000000002e-03
3.7360140140140139e+00	7.9967000000000007e-03
3.7360180180180178e+00	8.1089800000000000e-03
3.7360220220220222e+00	8.2238699999999994e-03
3.7360260260260261e+00	8.3414900000000000e-03
3.7360300300300300e+00	8.4619399999999994e-03
3.7360340340340339e+00	8.5853300000000004e-03
3.7360380380380382e+00	8.7117700000000006e-03
3.7360420420420422e+00	8.8413899999999993e-03
3.7360460460460461e+00	8.9743099999999992e-03
3.7360500500500500e+00	9.1106699999999995e-03
3.7360540540540539e+00	9.2506099999999994e-03
3.7360580580580582e+00	9.3942699999999997e-03
3.7360620620620622e+00	9.5417999999999996e-03
3.7360660660660661e+00	9.6933799999999997e-03
3.7360700700700700e+00	9.8491700000000008e-03
3.7360740740740739e+00	1.0009300000000000e-02
3.7360780780780782e+00	1.0174100000000000e-02
3.7360820820820821e+00	1.0343600000000000e-02
3.7360860860860861e+00	1.0518200000000000e-02
3.7360900900900900e+00	1.0697900000000000e-02
3.7360940940940939e+00	1.0883100000000000e-02
3.7360980980980982e+00	1.1074000000000001e-02
3.7361021021021021e+00	1.1270900000000000e-02
3.7361061061061061e+00	1.1474000000000000e-02
3.7361101101101100e+00	1.1683600000000001e-02
3.7361141141141143e+00	1.1900000000000001e-02
3.7361181181181182e+00	1.2123699999999999e-02
3.7361221221221221e+00	1.2354900000000000e-02
3.7361261261261260e+00	1.2593900000000000e-02
3.7361301301301300e+00	1.2841300000000000e-02
3.7361341341341343e+00	1.3097400000000000e-02
3.7361381381381382e+00	1.3362700000000000e-02
3.7361421421421421e+00	1.3637600000000000e-02
3.7361461461461460e+00	1.3922600000000000e-02
3.7361501501501500e+00	1.4218400000000001e-02
3.7361541541541543e+00	1.4525500000000000e-02
3.7361581581581582e+00	1.4844400000000001e-02
3.7361621621621621e+00	1.5176000000000000e-02
3.7361661661661660e+00	1.5520900000000001e-02
3.7361701701701699e+00	1.5879799999999999e-02
3.7361741741741743e+00	1.6253600000000000e-02
3.7361781781781782e+00	1.6643200000000000e-02
3.7361821821821821e+00	1.7049499999999999e-02
3.7361861861861860e+00	1.7473599999999999e-02
3.7361901901901904e+00	1.7916499999999998e-02
3.7361941941941943e+00	1.8379500000000000e-02
3.7361981981981982e+00	1.8863899999999999e-02
3.7362022022022021e+00	1.9371099999999999e-02
3.7362062062062060e+00	1.9902500000000000e-02
3.7362102102102104e+00	2.0459800000000000e-02
3.7362142142142143e+00	2.1044899999999998e-02
3.7362182182182182e+00	2.1659700000000000e-02
3.7362222222222221e+00	2.2306200000000002e-02
3.7362262262262260e+00	2.2986900000000001e-02
3.7362302302302304e+00	2.3704300000000001e-02
3.7362342342342343e+00	2.4461100000000000e-02
3.7362382382382382e+00	2.5260399999999999e-02
3.7362422422422421e+00	2.6105500000000000e-02
3.7362462462462460e+00	2.7000099999999999e-02
3.7362502502502504e+00	2.7948400000000002e-02
3.7362542542542543e+00	2.8954700000000000e-02
3.7362582582582582e+00	3.0023999999999999e-02
3.7362622622622621e+00	3.1161899999999999e-02
3.7362662662662665e+00	3.2374500000000000e-02
3.7362702702702704e+00	3.3668499999999997e-02
3.7362742742742743e+00	3.5051600000000002e-02
3.7362782782782782e+00	3.6532299999999997e-02
3.7362822822822821e+00	3.8120099999999997e-02
3.7362862862862865e+00	3.9825699999999999e-02
3.7362902902902904e+00	4.1661100000000000e-02
3.7362942942942943e+00	4.3639999999999998e-02
3.7362982982982982e+00	4.5777600000000002e-02
3.7363023023023021e+00	4.8091599999999998e-02
3.7363063063063064e+00	5.0601599999999997e-02
3.7363103103103104e+00	5.3330400000000000e-02
3.7363143143143143e+00	5.6303800000000001e-02
3.7363183183183182e+00	5.9551500000000000e-02
3.7363223223223225e+00	6.3107600000000000e-02
3.7363263263263264e+00	6.7011200000000007e-02
3.7363303303303304e+00	7.1307700000000002e-02
3.7363343343343343e+00	7.6049599999999995e-02
3.7363383383383382e+00	8.1297599999999998e-02
3.7363423423423425e+00	8.7122000000000005e-02
3.7363463463463464e+00	9.3604900000000005e-02
3.7363503503503503e+00	1.0084100000000000e-01
3.7363543543543543e+00	1.0894100000000000e-01
3.7363583583583582e+00	1.1803000000000000e-01
3.7363623623623625e+00	1.2825600000000001e-01
3.7363663663663664e+00	1.3978299999999999e-01
3.7363703703703703e+00	1.5279699999999999e-01
3.7363743743743743e+00	1.6749800000000001e-01
3.7363783783783782e+00	1.8409800000000001e-01
3.7363823823823825e+00	2.0280000000000001e-01
3.7363863863863864e+00	2.2377500000000000e-01
3.7363903903903903e+00	2.4711600000000000e-01
3.7363943943943942e+00	2.7276400000000001e-01
3.7363983983983986e+00	3.0041699999999999e-01
3.7364024024024025e+00	3.2939600000000002e-01
3.7364064064064064e+00	3.5851899999999998e-01
3.7364104104104103e+00	3.8601600000000003e-01
3.7364144144144142e+00	4.0957700000000002e-01
3.7364184184184186e+00	4.2661900000000003e-01
3.7364224224224225e+00	4.3481100000000000e-01
3.7364264264264264e+00	4.3270599999999998e-01
3.7364304304304303e+00	4.2023600000000000e-01
3.7364344344344342e+00	3.9877000000000001e-01
3.7364384384384386e+00	3.7070799999999998e-01
3.7364424424424425e+00	3.3882200000000001e-01
3.7364464464464464e+00	3.0565199999999998e-01
3.7364504504504503e+00	2.7315499999999998e-01
3.7364544544544542e+00	2.4261900000000000e-01
3.7364584584584586e+00	2.1474499999999999e-01
3.7364624624624625e+00	1.8979900000000000e-01
3.7364664664664664e+00	1.6776400000000000e-01
3.7364704704704703e+00	1.4845900000000001e-01
3.7364744744744747e+00	1.3162800000000000e-01
3.7364784784784786e+00	1.1698500000000001e-01
3.7364824824824825e+00	1.0425400000000000e-01
3.7364864864864864e+00	9.3174499999999993e-02
3.7364904904904903e+00	8.3517700000000000e-02
3.7364944944944947e+00	7.5081800000000004e-02
3.7364984984984986e+00	6.7693100000000006e-02
3.7365025025025025e+00	6.1203199999999999e-02
3.7365065065065064e+00	5.5485699999999999e-02
3.7365105105105103e+00	5.0433300000000000e-02
3.7365145145145147e+00	4.5955000000000003e-02
3.7365185185185186e+00	4.1973700000000003e-02
3.7365225225225225e+00	3.8423600000000002e-02
3.7365265265265264e+00	3.5249000000000003e-02
3.7365305305305303e+00	3.2402300000000002e-02
3.7365345345345347e+00	2.9842700000000000e-02
3.7365385385385386e+00	2.7535299999999999e-02
3.7365425425425425e+00	2.5450000000000000e-02
3.7365465465465464e+00	2.3560999999999999e-02
3.7365505505505507e+00	2.1846000000000001e-02
3.7365545545545547e+00	2.0285299999999999e-02
3.7365585585585586e+00	1.8862199999999999e-02
3.7365625625625625e+00	1.7562000000000001e-02
3.7365665665665664e+00	1.6371699999999999e-02
3.7365705705705707e+00	1.5280000000000000e-02
3.7365745745745746e+00	1.4277099999999999e-02
3.7365785785785786e+00	1.3354000000000000e-02
3.7365825825825825e+00	1.2503200000000001e-02
3.7365865865865864e+00	1.1717699999999999e-02
3.7365905905905907e+00	1.0991400000000000e-02
3.7365945945945946e+00	1.0319000000000000e-02
3.7365985985985986e+00	9.6955400000000008e-03
3.7366026026026025e+00	9.1167499999999999e-03
3.7366066066066064e+00	8.5787499999999996e-03
3.7366106106106107e+00	8.0780699999999997e-03
3.7366146146146146e+00	7.6115799999999997e-03
3.7366186186186185e+00	7.1764699999999999e-03
3.7366226226226225e+00	6.7701899999999997e-03
3.7366266266266268e+00	6.3904499999999998e-03
3.7366306306306307e+00	6.0351600000000004e-03
3.7366346346346346e+00	5.7024500000000004e-03
3.7366386386386385e+00	5.3905899999999998e-03
3.7366426426426425e+00	5.0980299999999999e-03
3.7366466466466468e+00	4.8233399999999997e-03
3.7366506506506507e+00	4.5652200000000000e-03
3.7366546546546546e+00	4.3224900000000000e-03
3.7366586586586585e+00	4.0940600000000001e-03
3.7366626626626624e+00	3.8789400000000000e-03
3.7366666666666668e+00	3.6762000000000001e-03
3.7366706706706707e+00	3.4850200000000001e-03
3.7366746746746746e+00	3.3046199999999999e-03
3.7366786786786785e+00	3.1342900000000001e-03
3.7366826826826829e+00	2.9733699999999999e-03
3.7366866866866868e+00	2.8212599999999999e-03
3.7366906906906907e+00	2.6773999999999999e-03
3.7366946946946946e+00	2.5412700000000000e-03
3.7366986986986985e+00	2.4123899999999999e-03
3.7367027027027029e+00	2.2903200000000002e-03
3.7367067067067068e+00	2.1746500000000002e-03
3.7367107107107107e+00	2.0649900000000001e-03
3.7367147147147146e+00	1.9609800000000002e-03
3.7367187187187185e+00	1.8623100000000001e-03
3.7367227227227229e+00	1.7686500000000001e-03
3.7367267267267268e+00	1.6797200000000000e-03
3.7367307307307307e+00	1.5952600000000000e-03
3.7367347347347346e+00	1.5150100000000000e-03
3.7367387387387385e+00	1.4387400000000000e-03
3.7367427427427429e+00	1.3662300000000000e-03
3.7367467467467468e+00	1.2972700000000001e-03
3.7367507507507507e+00	1.2316800000000000e-03
3.7367547547547546e+00	1.1692800000000000e-03
3.7367587587587590e+00	1.1098900000000001e-03
3.7367627627627629e+00	1.0533700000000001e-03
3.7367667667667668e+00	9.9954899999999997e-04
3.7367707707707707e+00	9.4830399999999997e-04
3.7367747747747746e+00	8.9950000000000002e-04
3.7367787787787790e+00	8.5301400000000003e-04
3.7367827827827829e+00	8.0873000000000002e-04
3.7367867867867868e+00	7.6653799999999999e-04
3.7367907907907907e+00	7.2633500000000004e-04
3.7367947947947946e+00	6.8802499999999999e-04
3.7367987987987989e+00	6.5151499999999997e-04
3.7368028028028029e+00	6.1671999999999996e-04
3.7368068068068068e+00	5.8355799999999997e-04
3.7368108108108107e+00	5.5195099999999996e-04
3.7368148148148146e+00	5.2182599999999997e-04
3.7368188188188189e+00	4.9311500000000002e-04
3.7368228228228229e+00	4.6575200000000000e-04
3.7368268268268268e+00	4.3967499999999999e-04
3.7368308308308307e+00	4.1482599999999998e-04
3.7368348348348350e+00	3.9114899999999998e-04
3.7368388388388389e+00	3.6859099999999998e-04
3.7368428428428428e+00	3.4710299999999997e-04
3.7368468468468468e+00	3.2663700000000001e-04
3.7368508508508507e+00	3.0714700000000002e-04
3.7368548548548550e+00	2.8859200000000000e-04
3.7368588588588589e+00	2.7093000000000001e-04
3.7368628628628628e+00	2.5412399999999999e-04
3.7368668668668668e+00	2.3813500000000000e-04
3.7368708708708707e+00	2.2293000000000001e-04
3.7368748748748750e+00	2.0847400000000000e-04
3.7368788788788789e+00	1.9473700000000000e-04
3.7368828828828828e+00	1.8168800000000000e-04
3.7368868868868867e+00	1.6929799999999999e-04
3.7368908908908907e+00	1.5754100000000000e-04
3.7368948948948950e+00	1.4638900000000000e-04
3.7368988988988989e+00	1.3581800000000001e-04
3.7369029029029028e+00	1.2580400000000000e-04
3.7369069069069067e+00	1.1632500000000000e-04
3.7369109109109111e+00	1.0735800000000000e-04
3.7369149149149150e+00	9.8884100000000004e-05
3.7369189189189189e+00	9.0882200000000002e-05
3.7369229229229228e+00	8.3333799999999998e-05
3.7369269269269267e+00	7.6221000000000001e-05
3.7369309309309311e+00	6.9526300000000006e-05
3.7369349349349350e+00	6.3233500000000004e-05
3.7369389389389389e+00	5.7326500000000001e-05
3.7369429429429428e+00	5.1790399999999998e-05
3.7369469469469467e+00	4.6610699999999997e-05
3.7369509509509511e+00	4.1773600000000003e-05
3.7369549549549550e+00	3.7265699999999998e-05
3.7369589589589589e+00	3.3074500000000003e-05
3.7369629629629628e+00	2.9187699999999998e-05
3.7369669669669672e+00	2.5593599999999998e-05
3.7369709709709711e+00	2.2281099999999999e-05
3.7369749749749750e+00	1.9239500000000001e-05
3.7369789789789789e+00	1.6458499999999998e-05
3.7369829829829828e+00	1.3928200000000000e-05
3.7369869869869872e+00	1.1639100000000000e-05
3.7369909909909911e+00	9.5822100000000002e-06
3.7369949949949950e+00	7.7487499999999993e-06
3.7369989989989989e+00	6.1303600000000004e-06
3.7370030030030028e+00	4.7190000000000001e-06
3.7370070070070072e+00	3.5069400000000001e-06
3.7370110110110111e+00	2.4867500000000000e-06
3.7370150150150150e+00	1.6513100000000000e-06
3.7370190190190189e+00	9.9376099999999989e-07
3.7370230230230228e+00	5.0750500000000004e-07
3.7370270270270272e+00	1.8620599999999999e-07
3.7370310310310311e+00	2.3768799999999998e-08
3.7370350350350350e+00	1.4330100000000000e-08
3.7370390390390389e+00	1.5224800000000000e-07
3.7370430430430432e+00	4.3209499999999998e-07
3.7370470470470472e+00	8.4864600000000001e-07
3.7370510510510511e+00	1.3968699999999999e-06
3.7370550550550550e+00	2.0719300000000000e-06
3.7370590590590589e+00	2.8691600000000002e-06
3.7370630630630632e+00	3.7840800000000002e-06
3.7370670670670671e+00	4.8123499999999998e-06
3.7370710710710711e+00	5.9498100000000000e-06
3.7370750750750750e+00	7.1924400000000002e-06
3.7370790790790789e+00	8.5363899999999994e-06
3.7370830830830832e+00	9.9779100000000005e-06
3.7370870870870871e+00	1.1513400000000001e-05
3.7370910910910911e+00	1.3139400000000000e-05
3.7370950950950950e+00	1.4852600000000001e-05
3.7370990990990989e+00	1.6649800000000001e-05
3.7371031031031032e+00	1.8527799999999999e-05
3.7371071071071071e+00	2.0483699999999998e-05
3.7371111111111111e+00	2.2514499999999999e-05
3.7371151151151150e+00	2.4617499999999999e-05
3.7371191191191193e+00	2.6789899999999999e-05
3.7371231231231232e+00	2.9029300000000000e-05
3.7371271271271271e+00	3.1333000000000000e-05
3.7371311311311310e+00	3.3698600000000003e-05
3.7371351351351350e+00	3.6123900000000002e-05
3.7371391391391393e+00	3.8606499999999997e-05
3.7371431431431432e+00	4.1144299999999998e-05
3.7371471471471471e+00	4.3735200000000001e-05
3.7371511511511510e+00	4.6377100000000000e-05
3.7371551551551550e+00	4.9067999999999998e-05
3.7371591591591593e+00	5.1806199999999999e-05
3.7371631631631632e+00	5.4589699999999997e-05
3.7371671671671671e+00	5.7416700000000002e-05
3.7371711711711710e+00	6.0285599999999998e-05
3.7371751751751749e+00	6.3194799999999993e-05
3.7371791791791793e+00	6.6142499999999999e-05
3.7371831831831832e+00	6.9127299999999998e-05
3.7371871871871871e+00	7.2147600000000000e-05
3.7371911911911910e+00	7.5202099999999996e-05
3.7371951951951954e+00	7.8289300000000003e-05
3.7371991991991993e+00	8.1407899999999997e-05
3.7372032032032032e+00	8.4556500000000003e-05
3.7372072072072071e+00	8.7733999999999997e-05
3.7372112112112110e+00	9.0939099999999998e-05
3.7372152152152154e+00	9.4170499999999996e-05
3.7372192192192193e+00	9.7427299999999995e-05
3.7372232232232232e+00	1.0070800000000000e-04
3.7372272272272271e+00	1.0401200000000001e-04
3.7372312312312310e+00	1.0733799999999999e-04
3.7372352352352354e+00	1.1068500000000000e-04
3.7372392392392393e+00	1.1405300000000000e-04
3.7372432432432432e+00	1.1743900000000000e-04
3.7372472472472471e+00	1.2084400000000000e-04
3.7372512512512515e+00	1.2426599999999999e-04
3.7372552552552554e+00	1.2770400000000000e-04
3.7372592592592593e+00	1.3115800000000001e-04
3.7372632632632632e+00	1.3462800000000000e-04
3.7372672672672671e+00	1.3811100000000001e-04
3.7372712712712715e+00	1.4160799999999999e-04
3.7372752752752754e+00	1.4511700000000000e-04
3.7372792792792793e+00	1.4863800000000001e-04
3.7372832832832832e+00	1.5217099999999999e-04
3.7372872872872871e+00	1.5571399999999999e-04
3.7372912912912915e+00	1.5926800000000001e-04
3.7372952952952954e+00	1.6283100000000000e-04
3.7372992992992993e+00	1.6640200000000001e-04
3.7373033033033032e+00	1.6998200000000000e-04
3.7373073073073071e+00	1.7357000000000001e-04
3.7373113113113114e+00	1.7716400000000000e-04
3.7373153153153154e+00	1.8076600000000001e-04
3.7373193193193193e+00	1.8437299999999999e-04
3.7373233233233232e+00	1.8798600000000001e-04
3.7373273273273275e+00	1.9160499999999999e-04
3.7373313313313314e+00	1.9522800000000001e-04
3.7373353353353354e+00	1.9885500000000001e-04
3.7373393393393393e+00	2.0248600000000001e-04
3.7373433433433432e+00	2.0612100000000000e-04
3.7373473473473475e+00	2.0975900000000001e-04
3.7373513513513514e+00	2.1339899999999999e-04
3.7373553553553553e+00	2.1704200000000000e-04
3.7373593593593593e+00	2.2068599999999999e-04
3.7373633633633632e+00	2.2433199999999999e-04
3.7373673673673675e+00	2.2797900000000001e-04
3.7373713713713714e+00	2.3162800000000000e-04
3.7373753753753753e+00	2.3527600000000000e-04
3.7373793793793793e+00	2.3892499999999999e-04
3.7373833833833832e+00	2.4257400000000001e-04
3.7373873873873875e+00	2.4622300000000000e-04
3.7373913913913914e+00	2.4987099999999998e-04
3.7373953953953953e+00	2.5351799999999999e-04
3.7373993993993992e+00	2.5716399999999999e-04
3.7374034034034036e+00	2.6080899999999998e-04
3.7374074074074075e+00	2.6445199999999998e-04
3.7374114114114114e+00	2.6809300000000001e-04
3.7374154154154153e+00	2.7173300000000002e-04
3.7374194194194192e+00	2.7536900000000003e-04
3.7374234234234236e+00	2.7900400000000001e-04
3.7374274274274275e+00	2.8263499999999999e-04
3.7374314314314314e+00	2.8626400000000000e-04
3.7374354354354353e+00	2.8988899999999999e-04
3.7374394394394392e+00	2.9351200000000000e-04
3.7374434434434436e+00	2.9713000000000000e-04
3.7374474474474475e+00	3.0074499999999999e-04
3.7374514514514514e+00	3.0435700000000000e-04
3.7374554554554553e+00	3.0796399999999998e-04
3.7374594594594592e+00	3.1156700000000001e-04
3.7374634634634636e+00	3.1516600000000002e-04
3.7374674674674675e+00	3.1876000000000002e-04
3.7374714714714714e+00	3.2235000000000000e-04
3.7374754754754753e+00	3.2593500000000002e-04
3.7374794794794797e+00	3.2951500000000001e-04
3.7374834834834836e+00	3.3309000000000002e-04
3.7374874874874875e+00	3.3666000000000002e-04
3.7374914914914914e+00	3.4022499999999999e-04
3.7374954954954953e+00	3.4378499999999999e-04
3.7374994994994997e+00	3.4733900000000000e-04
3.7375035035035036e+00	3.5088699999999998e-04
3.7375075075075075e+00	3.5442999999999998e-04
3.7375115115115114e+00	3.5796700000000000e-04
3.7375155155155153e+00	3.6149899999999999e-04
3.7375195195195197e+00	3.6502399999999998e-04
3.7375235235235236e+00	3.6854400000000000e-04
3.7375275275275275e+00	3.7205700000000002e-04
3.7375315315315314e+00	3.7556400000000000e-04
3.7375355355355353e+00	3.7906499999999999e-04
3.7375395395395397e+00	3.8255899999999998e-04
3.7375435435435436e+00	3.8604800000000000e-04
3.7375475475475475e+00	3.8952900000000000e-04
3.7375515515515514e+00	3.9300400000000002e-04
3.7375555555555557e+00	3.9647300000000000e-04
3.7375595595595597e+00	3.9993500000000003e-04
3.7375635635635636e+00	4.0339000000000000e-04
3.7375675675675675e+00	4.0683899999999999e-04
3.7375715715715714e+00	4.1028000000000001e-04
3.7375755755755757e+00	4.1371499999999999e-04
3.7375795795795796e+00	4.1714299999999997e-04
3.7375835835835836e+00	4.2056400000000001e-04
3.7375875875875875e+00	4.2397799999999999e-04
3.7375915915915914e+00	4.2738500000000002e-04
3.7375955955955957e+00	4.3078499999999999e-04
3.7375995995995996e+00	4.3417700000000000e-04
3.7376036036036036e+00	4.3756300000000003e-04
3.7376076076076075e+00	4.4094099999999998e-04
3.7376116116116118e+00	4.4431199999999998e-04
3.7376156156156157e+00	4.4767599999999999e-04
3.7376196196196196e+00	4.5103299999999999e-04
3.7376236236236235e+00	4.5438199999999997e-04
3.7376276276276275e+00	4.5772400000000001e-04
3.7376316316316318e+00	4.6105899999999999e-04
3.7376356356356357e+00	4.6438600000000001e-04
3.7376396396396396e+00	4.6770600000000002e-04
3.7376436436436435e+00	4.7101899999999998e-04
3.7376476476476475e+00	4.7432399999999998e-04
3.7376516516516518e+00	4.7762100000000001e-04
3.7376556556556557e+00	4.8091200000000001e-04
3.7376596596596596e+00	4.8419400000000002e-04
3.7376636636636635e+00	4.8746999999999999e-04
3.7376676676676674e+00	4.9073699999999999e-04
3.7376716716716718e+00	4.9399800000000005e-04
3.7376756756756757e+00	4.9725099999999999e-04
3.7376796796796796e+00	5.0049600000000001e-04
3.7376836836836835e+00	5.0373400000000004e-04
3.7376876876876879e+00	5.0696400000000005e-04
3.7376916916916918e+00	5.1018600000000004e-04
3.7376956956956957e+00	5.1340200000000004e-04
3.7376996996996996e+00	5.1660900000000001e-04
3.7377037037037035e+00	5.1980899999999998e-04
3.7377077077077079e+00	5.2300199999999995e-04
3.7377117117117118e+00	5.2618700000000001e-04
3.7377157157157157e+00	5.2936400000000005e-04
3.7377197197197196e+00	5.3253399999999998e-04
3.7377237237237235e+00	5.3569700000000002e-04
3.7377277277277279e+00	5.3885200000000004e-04
3.7377317317317318e+00	5.4199900000000004e-04
3.7377357357357357e+00	5.4513900000000004e-04
3.7377397397397396e+00	5.4827100000000002e-04
3.7377437437437435e+00	5.5139600000000000e-04
3.7377477477477479e+00	5.5451399999999998e-04
3.7377517517517518e+00	5.5762300000000004e-04
3.7377557557557557e+00	5.6072600000000000e-04
3.7377597597597596e+00	5.6382100000000005e-04
3.7377637637637640e+00	5.6690799999999997e-04
3.7377677677677679e+00	5.6998800000000001e-04
3.7377717717717718e+00	5.7306000000000002e-04
3.7377757757757757e+00	5.7612600000000005e-04
3.7377797797797796e+00	5.7918300000000004e-04
3.7377837837837840e+00	5.8223300000000003e-04
3.7377877877877879e+00	5.8527600000000003e-04
3.7377917917917918e+00	5.8831200000000001e-04
3.7377957957957957e+00	5.9133999999999999e-04
3.7377997997997996e+00	5.9436000000000005e-04
3.7378038038038039e+00	5.9737400000000002e-04
3.7378078078078079e+00	6.0037999999999997e-04
3.7378118118118118e+00	6.0337900000000002e-04
3.7378158158158157e+00	6.0636999999999996e-04
3.7378198198198196e+00	6.0935399999999999e-04
3.7378238238238239e+00	6.1233100000000003e-04
3.7378278278278279e+00	6.1530000000000005e-04
3.7378318318318318e+00	6.1826299999999997e-04
3.7378358358358357e+00	6.2121799999999999e-04
3.7378398398398400e+00	6.2416600000000000e-04
3.7378438438438439e+00	6.2710700000000001e-04
3.7378478478478478e+00	6.3004000000000001e-04
3.7378518518518518e+00	6.3296600000000000e-04
3.7378558558558557e+00	6.3588600000000000e-04
3.7378598598598600e+00	6.3879799999999999e-04
3.7378638638638639e+00	6.4170299999999998e-04
3.7378678678678678e+00	6.4460099999999996e-04
3.7378718718718718e+00	6.4749199999999995e-04
3.7378758758758757e+00	6.5037500000000002e-04
3.7378798798798800e+00	6.5325200000000000e-04
3.7378838838838839e+00	6.5612199999999998e-04
3.7378878878878878e+00	6.5898499999999995e-04
3.7378918918918917e+00	6.6184100000000004e-04
3.7378958958958961e+00	6.6469000000000001e-04
3.7378998998999000e+00	6.6753199999999998e-04
3.7379039039039039e+00	6.7036699999999995e-04
3.7379079079079078e+00	6.7319500000000002e-04
3.7379119119119117e+00	6.7601599999999999e-04
3.7379159159159161e+00	6.7883099999999997e-04
3.7379199199199200e+00	6.8163800000000004e-04
3.7379239239239239e+00	6.8443900000000001e-04
3.7379279279279278e+00	6.8723299999999998e-04
3.7379319319319317e+00	6.9002099999999997e-04
3.7379359359359361e+00	6.9280100000000005e-04
3.7379399399399400e+00	6.9557500000000003e-04
3.7379439439439439e+00	6.9834200000000002e-04
3.7379479479479478e+00	7.0110300000000001e-04
3.7379519519519517e+00	7.0385700000000001e-04
3.7379559559559561e+00	7.0660400000000000e-04
3.7379599599599600e+00	7.0934500000000001e-04
3.7379639639639639e+00	7.1207900000000001e-04
3.7379679679679678e+00	7.1480600000000001e-04
3.7379719719719722e+00	7.1752700000000003e-04
3.7379759759759761e+00	7.2024100000000005e-04
3.7379799799799800e+00	7.2294899999999997e-04
3.7379839839839839e+00	7.2565100000000001e-04
3.7379879879879878e+00	7.2834600000000005e-04
3.7379919919919922e+00	7.3103399999999998e-04
3.7379959959959961e+00	7.3371600000000003e-04
3.7380000000000000e+00	7.3639199999999999e-04
