3.7309999999999999e+00	2.2530200000000001e-03
3.7310040040040038e+00	2.2564099999999999e-03
3.7310080080080077e+00	2.2598000000000002e-03
3.7310120120120120e+00	2.2632199999999998e-03
3.7310160160160160e+00	2.2666499999999998e-03
3.7310200200200199e+00	2.2700900000000002e-03
3.7310240240240238e+00	2.2735500000000001e-03
3.7310280280280277e+00	2.2770199999999998e-03
3.7310320320320320e+00	2.2805199999999999e-03
3.7310360360360360e+00	2.2840199999999999e-03
3.7310400400400399e+00	2.2875399999999998e-03
3.7310440440440438e+00	2.2910800000000000e-03
3.7310480480480481e+00	2.2946400000000001e-03
3.7310520520520520e+00	2.2982100000000002e-03
3.7310560560560559e+00	2.3018000000000001e-03
3.7310600600600599e+00	2.3054099999999999e-03
3.7310640640640638e+00	2.3090300000000001e-03
3.7310680680680681e+00	2.3126700000000002e-03
3.7310720720720720e+00	2.3163200000000002e-03
3.7310760760760759e+00	2.3200000000000000e-03
3.7310800800800799e+00	2.3236899999999998e-03
3.7310840840840838e+00	2.3273999999999999e-03
3.7310880880880881e+00	2.3311299999999998e-03
3.7310920920920920e+00	2.3348700000000002e-03
3.7310960960960959e+00	2.3386399999999999e-03
3.7311001001000998e+00	2.3424200000000000e-03
3.7311041041041038e+00	2.3462200000000000e-03
3.7311081081081081e+00	2.3500399999999999e-03
3.7311121121121120e+00	2.3538800000000000e-03
3.7311161161161159e+00	2.3577300000000002e-03
3.7311201201201198e+00	2.3616100000000001e-03
3.7311241241241242e+00	2.3655099999999999e-03
3.7311281281281281e+00	2.3694200000000001e-03
3.7311321321321320e+00	2.3733600000000001e-03
3.7311361361361359e+00	2.3773100000000001e-03
3.7311401401401398e+00	2.3812899999999999e-03
3.7311441441441442e+00	2.3852900000000000e-03
3.7311481481481481e+00	2.3893000000000000e-03
3.7311521521521520e+00	2.3933399999999999e-03
3.7311561561561559e+00	2.3974000000000001e-03
3.7311601601601598e+00	2.4014800000000001e-03
3.7311641641641642e+00	2.4055800000000000e-03
3.7311681681681681e+00	2.4096999999999999e-03
3.7311721721721720e+00	2.4138499999999999e-03
3.7311761761761759e+00	2.4180199999999999e-03
3.7311801801801803e+00	2.4222100000000002e-03
3.7311841841841842e+00	2.4264199999999999e-03
3.7311881881881881e+00	2.4306499999999999e-03
3.7311921921921920e+00	2.4349100000000002e-03
3.7311961961961959e+00	2.4391899999999999e-03
3.7312002002002003e+00	2.4434999999999999e-03
3.7312042042042042e+00	2.4478299999999998e-03
3.7312082082082081e+00	2.4521800000000000e-03
3.7312122122122120e+00	2.4565600000000000e-03
3.7312162162162159e+00	2.4609599999999999e-03
3.7312202202202203e+00	2.4653800000000001e-03
3.7312242242242242e+00	2.4698400000000001e-03
3.7312282282282281e+00	2.4743100000000000e-03
3.7312322322322320e+00	2.4788200000000001e-03
3.7312362362362359e+00	2.4833400000000001e-03
3.7312402402402403e+00	2.4878999999999999e-03
3.7312442442442442e+00	2.4924800000000000e-03
3.7312482482482481e+00	2.4970900000000000e-03
3.7312522522522520e+00	2.5017199999999998e-03
3.7312562562562563e+00	2.5063799999999999e-03
3.7312602602602603e+00	2.5110699999999998e-03
3.7312642642642642e+00	2.5157900000000000e-03
3.7312682682682681e+00	2.5205399999999999e-03
3.7312722722722720e+00	2.5253099999999998e-03
3.7312762762762763e+00	2.5301199999999999e-03
3.7312802802802802e+00	2.5349499999999998e-03
3.7312842842842842e+00	2.5398100000000000e-03
3.7312882882882881e+00	2.5447000000000000e-03
3.7312922922922920e+00	2.5496300000000002e-03
3.7312962962962963e+00	2.5545799999999999e-03
3.7313003003003002e+00	2.5595599999999998e-03
3.7313043043043042e+00	2.5645799999999999e-03
3.7313083083083081e+00	2.5696299999999998e-03
3.7313123123123120e+00	2.5747100000000000e-03
3.7313163163163163e+00	2.5798200000000000e-03
3.7313203203203202e+00	2.5849599999999999e-03
3.7313243243243241e+00	2.5901399999999999e-03
3.7313283283283281e+00	2.5953500000000002e-03
3.7313323323323324e+00	2.6005999999999998e-03
3.7313363363363363e+00	2.6058800000000001e-03
3.7313403403403402e+00	2.6112000000000002e-03
3.7313443443443441e+00	2.6165500000000000e-03
3.7313483483483481e+00	2.6219400000000001e-03
3.7313523523523524e+00	2.6273600000000000e-03
3.7313563563563563e+00	2.6328200000000001e-03
3.7313603603603602e+00	2.6383200000000000e-03
3.7313643643643641e+00	2.6438500000000001e-03
3.7313683683683680e+00	2.6494299999999999e-03
3.7313723723723724e+00	2.6550400000000000e-03
3.7313763763763763e+00	2.6606899999999998e-03
3.7313803803803802e+00	2.6663799999999999e-03
3.7313843843843841e+00	2.6721200000000001e-03
3.7313883883883880e+00	2.6778900000000000e-03
3.7313923923923924e+00	2.6836999999999998e-03
3.7313963963963963e+00	2.6895600000000001e-03
3.7314004004004002e+00	2.6954599999999998e-03
3.7314044044044041e+00	2.7014000000000001e-03
3.7314084084084085e+00	2.7073900000000001e-03
3.7314124124124124e+00	2.7134199999999998e-03
3.7314164164164163e+00	2.7194900000000002e-03
3.7314204204204202e+00	2.7256099999999998e-03
3.7314244244244241e+00	2.7317800000000001e-03
3.7314284284284285e+00	2.7379900000000000e-03
3.7314324324324324e+00	2.7442500000000002e-03
3.7314364364364363e+00	2.7505600000000000e-03
3.7314404404404402e+00	2.7569199999999999e-03
3.7314444444444441e+00	2.7633300000000000e-03
3.7314484484484485e+00	2.7697899999999998e-03
3.7314524524524524e+00	2.7763000000000002e-03
3.7314564564564563e+00	2.7828599999999998e-03
3.7314604604604602e+00	2.7894700000000001e-03
3.7314644644644646e+00	2.7961399999999999e-03
3.7314684684684685e+00	2.8028599999999999e-03
3.7314724724724724e+00	2.8096400000000000e-03
3.7314764764764763e+00	2.8164700000000002e-03
3.7314804804804802e+00	2.8233600000000000e-03
3.7314844844844846e+00	2.8303099999999999e-03
3.7314884884884885e+00	2.8373100000000000e-03
3.7314924924924924e+00	2.8443800000000001e-03
3.7314964964964963e+00	2.8515099999999998e-03
3.7315005005005002e+00	2.8586900000000001e-03
3.7315045045045045e+00	2.8659400000000000e-03
3.7315085085085085e+00	2.8732599999999999e-03
3.7315125125125124e+00	2.8806299999999999e-03
3.7315165165165163e+00	2.8880799999999999e-03
3.7315205205205202e+00	2.8955900000000000e-03
3.7315245245245245e+00	2.9031700000000001e-03
3.7315285285285285e+00	2.9108099999999998e-03
3.7315325325325324e+00	2.9185299999999999e-03
3.7315365365365363e+00	2.9263200000000000e-03
3.7315405405405406e+00	2.9341800000000002e-03
3.7315445445445445e+00	2.9421199999999999e-03
3.7315485485485484e+00	2.9501300000000000e-03
3.7315525525525524e+00	2.9582200000000001e-03
3.7315565565565563e+00	2.9663799999999998e-03
3.7315605605605606e+00	2.9746199999999999e-03
3.7315645645645645e+00	2.9829499999999998e-03
3.7315685685685684e+00	2.9913600000000002e-03
3.7315725725725724e+00	2.9998500000000001e-03
3.7315765765765763e+00	3.0084199999999999e-03
3.7315805805805806e+00	3.0170900000000000e-03
3.7315845845845845e+00	3.0258400000000001e-03
3.7315885885885884e+00	3.0346800000000001e-03
3.7315925925925924e+00	3.0436100000000000e-03
3.7315965965965963e+00	3.0526400000000001e-03
3.7316006006006006e+00	3.0617600000000002e-03
3.7316046046046045e+00	3.0709800000000001e-03
3.7316086086086084e+00	3.0802999999999998e-03
3.7316126126126123e+00	3.0897199999999998e-03
3.7316166166166167e+00	3.0992500000000000e-03
3.7316206206206206e+00	3.1088800000000001e-03
3.7316246246246245e+00	3.1186100000000000e-03
3.7316286286286284e+00	3.1284600000000000e-03
3.7316326326326323e+00	3.1384199999999998e-03
3.7316366366366367e+00	3.1484899999999999e-03
3.7316406406406406e+00	3.1586900000000000e-03
3.7316446446446445e+00	3.1689999999999999e-03
3.7316486486486484e+00	3.1794300000000000e-03
3.7316526526526523e+00	3.1899900000000002e-03
3.7316566566566567e+00	3.2006700000000001e-03
3.7316606606606606e+00	3.2114900000000000e-03
3.7316646646646645e+00	3.2224400000000000e-03
3.7316686686686684e+00	3.2335200000000001e-03
3.7316726726726723e+00	3.2447499999999998e-03
3.7316766766766767e+00	3.2561199999999999e-03
3.7316806806806806e+00	3.2676300000000001e-03
3.7316846846846845e+00	3.2792899999999998e-03
3.7316886886886884e+00	3.2911099999999999e-03
3.7316926926926928e+00	3.3030899999999998e-03
3.7316966966966967e+00	3.3152199999999998e-03
3.7317007007007006e+00	3.3275200000000000e-03
3.7317047047047045e+00	3.3399900000000001e-03
3.7317087087087084e+00	3.3526300000000001e-03
3.7317127127127128e+00	3.3654499999999999e-03
3.7317167167167167e+00	3.3784499999999999e-03
3.7317207207207206e+00	3.3916400000000000e-03
3.7317247247247245e+00	3.4050199999999999e-03
3.7317287287287284e+00	3.4185900000000000e-03
3.7317327327327328e+00	3.4323700000000001e-03
3.7317367367367367e+00	3.4463599999999999e-03
3.7317407407407406e+00	3.4605600000000001e-03
3.7317447447447445e+00	3.4749799999999999e-03
3.7317487487487484e+00	3.4896200000000001e-03
3.7317527527527528e+00	3.5044999999999998e-03
3.7317567567567567e+00	3.5196099999999998e-03
3.7317607607607606e+00	3.5349700000000001e-03
3.7317647647647645e+00	3.5505799999999998e-03
3.7317687687687688e+00	3.5664500000000001e-03
3.7317727727727728e+00	3.5825900000000001e-03
3.7317767767767767e+00	3.5990100000000001e-03
3.7317807807807806e+00	3.6157099999999998e-03
3.7317847847847845e+00	3.6327000000000000e-03
3.7317887887887888e+00	3.6500000000000000e-03
3.7317927927927927e+00	3.6676100000000000e-03
3.7317967967967967e+00	3.6855400000000002e-03
3.7318008008008006e+00	3.7038000000000001e-03
3.7318048048048045e+00	3.7224100000000002e-03
3.7318088088088088e+00	3.7413799999999999e-03
3.7318128128128127e+00	3.7607100000000000e-03
3.7318168168168167e+00	3.7804200000000000e-03
3.7318208208208206e+00	3.8005299999999999e-03
3.7318248248248249e+00	3.8210399999999999e-03
3.7318288288288288e+00	3.8419800000000000e-03
3.7318328328328327e+00	3.8633500000000002e-03
3.7318368368368366e+00	3.8851799999999998e-03
3.7318408408408406e+00	3.9074799999999996e-03
3.7318448448448449e+00	3.9302699999999996e-03
3.7318488488488488e+00	3.9535700000000000e-03
3.7318528528528527e+00	3.9773999999999999e-03
3.7318568568568566e+00	4.0017700000000000e-03
3.7318608608608606e+00	4.0267100000000002e-03
3.7318648648648649e+00	4.0522500000000003e-03
3.7318688688688688e+00	4.0784100000000002e-03
3.7318728728728727e+00	4.1052199999999997e-03
3.7318768768768766e+00	4.1326899999999996e-03
3.7318808808808805e+00	4.1608699999999997e-03
3.7318848848848849e+00	4.1897799999999997e-03
3.7318888888888888e+00	4.2194600000000004e-03
3.7318928928928927e+00	4.2499399999999998e-03
3.7318968968968966e+00	4.2812600000000003e-03
3.7319009009009010e+00	4.3134599999999999e-03
3.7319049049049049e+00	4.3465800000000001e-03
3.7319089089089088e+00	4.3806599999999998e-03
3.7319129129129127e+00	4.4157600000000003e-03
3.7319169169169166e+00	4.4519199999999998e-03
3.7319209209209210e+00	4.4891999999999996e-03
3.7319249249249249e+00	4.5276600000000002e-03
3.7319289289289288e+00	4.5673700000000003e-03
3.7319329329329327e+00	4.6083799999999996e-03
3.7319369369369366e+00	4.6507800000000002e-03
3.7319409409409410e+00	4.6946399999999999e-03
3.7319449449449449e+00	4.7400400000000001e-03
3.7319489489489488e+00	4.7870899999999999e-03
3.7319529529529527e+00	4.8358699999999999e-03
3.7319569569569566e+00	4.8864900000000003e-03
3.7319609609609610e+00	4.9390700000000003e-03
3.7319649649649649e+00	4.9937400000000000e-03
3.7319689689689688e+00	5.0506300000000004e-03
3.7319729729729727e+00	5.1098899999999997e-03
3.7319769769769771e+00	5.1716899999999996e-03
3.7319809809809810e+00	5.2361999999999999e-03
3.7319849849849849e+00	5.3036300000000001e-03
3.7319889889889888e+00	5.3741700000000002e-03
3.7319929929929927e+00	5.4480800000000001e-03
3.7319969969969971e+00	5.5256100000000002e-03
3.7320010010010010e+00	5.6070499999999997e-03
3.7320050050050049e+00	5.6927300000000000e-03
3.7320090090090088e+00	5.7829900000000000e-03
3.7320130130130127e+00	5.8782399999999999e-03
3.7320170170170170e+00	5.9789200000000004e-03
3.7320210210210210e+00	6.0855299999999996e-03
3.7320250250250249e+00	6.1986200000000002e-03
3.7320290290290288e+00	6.3188400000000000e-03
3.7320330330330327e+00	6.4469000000000002e-03
3.7320370370370370e+00	6.5836200000000001e-03
3.7320410410410410e+00	6.7299300000000003e-03
3.7320450450450449e+00	6.8868899999999997e-03
3.7320490490490488e+00	7.0557500000000004e-03
3.7320530530530531e+00	7.2379200000000001e-03
3.7320570570570570e+00	7.4350700000000002e-03
3.7320610610610609e+00	7.6491399999999996e-03
3.7320650650650649e+00	7.8824299999999993e-03
3.7320690690690688e+00	8.1376499999999997e-03
3.7320730730730731e+00	8.4180399999999999e-03
3.7320770770770770e+00	8.7274899999999992e-03
3.7320810810810809e+00	9.0707400000000007e-03
3.7320850850850849e+00	9.4535599999999997e-03
3.7320890890890888e+00	9.8831000000000006e-03
3.7320930930930931e+00	1.0368300000000000e-02
3.7320970970970970e+00	1.0920400000000000e-02
3.7321011011011009e+00	1.1553900000000001e-02
3.7321051051051048e+00	1.2287500000000000e-02
3.7321091091091092e+00	1.3146100000000001e-02
3.7321131131131131e+00	1.4162900000000001e-02
3.7321171171171170e+00	1.5384000000000000e-02
3.7321211211211209e+00	1.6873800000000001e-02
3.7321251251251248e+00	1.8725900000000000e-02
3.7321291291291292e+00	2.1080100000000001e-02
3.7321331331331331e+00	2.4153700000000000e-02
3.7321371371371370e+00	2.8300100000000002e-02
3.7321411411411409e+00	3.4127600000000001e-02
3.7321451451451448e+00	4.2757000000000003e-02
3.7321491491491492e+00	5.6437200000000000e-02
3.7321531531531531e+00	8.0186999999999994e-02
3.7321571571571570e+00	1.2665000000000001e-01
3.7321611611611609e+00	2.2962800000000000e-01
3.7321651651651648e+00	4.2166100000000001e-01
3.7321691691691692e+00	3.6834899999999998e-01
3.7321731731731731e+00	1.5308500000000000e-01
3.7321771771771770e+00	6.4217800000000005e-02
3.7321811811811809e+00	3.0711700000000001e-02
3.7321851851851853e+00	1.6160100000000000e-02
3.7321891891891892e+00	9.0228700000000005e-03
3.7321931931931931e+00	5.2053200000000003e-03
3.7321971971971970e+00	3.0385999999999998e-03
3.7322012012012009e+00	1.7607100000000000e-03
3.7322052052052053e+00	9.9128900000000002e-04
3.7322092092092092e+00	5.2669499999999998e-04
3.7322132132132131e+00	2.5157899999999998e-04
3.7322172172172170e+00	9.7582099999999995e-05
3.7322212212212209e+00	2.2650099999999999e-05
3.7322252252252253e+00	1.0714600000000000e-07
3.7322292292292292e+00	1.2594700000000000e-05
3.7322332332332331e+00	4.8576099999999997e-05
3.7322372372372370e+00	1.0024900000000000e-04
3.7322412412412409e+00	1.6226399999999999e-04
3.7322452452452453e+00	2.3090799999999999e-04
3.7322492492492492e+00	3.0358799999999998e-04
3.7322532532532531e+00	3.7847999999999999e-04
3.7322572572572570e+00	4.5429900000000002e-04
3.7322612612612613e+00	5.3014200000000005e-04
3.7322652652652653e+00	6.0537799999999995e-04
3.7322692692692692e+00	6.7957100000000002e-04
3.7322732732732731e+00	7.5242600000000005e-04
3.7322772772772770e+00	8.2375099999999995e-04
3.7322812812812813e+00	8.9342800000000004e-04
3.7322852852852852e+00	9.6139299999999995e-04
3.7322892892892892e+00	1.0276199999999999e-03
3.7322932932932931e+00	1.0921200000000000e-03
3.7322972972972970e+00	1.1549100000000001e-03
3.7323013013013013e+00	1.2160300000000001e-03
3.7323053053053052e+00	1.2755300000000000e-03
3.7323093093093092e+00	1.3334700000000000e-03
3.7323133133133131e+00	1.3898999999999999e-03
3.7323173173173170e+00	1.4448799999999999e-03
3.7323213213213213e+00	1.4984800000000000e-03
3.7323253253253252e+00	1.5507600000000000e-03
3.7323293293293291e+00	1.6017799999999999e-03
3.7323333333333331e+00	1.6516000000000000e-03
3.7323373373373374e+00	1.7002800000000000e-03
3.7323413413413413e+00	1.7478699999999999e-03
3.7323453453453452e+00	1.7944300000000001e-03
3.7323493493493491e+00	1.8400199999999999e-03
3.7323533533533531e+00	1.8846799999999999e-03
3.7323573573573574e+00	1.9284500000000000e-03
3.7323613613613613e+00	1.9713999999999999e-03
3.7323653653653652e+00	2.0135499999999998e-03
3.7323693693693691e+00	2.0549600000000002e-03
3.7323733733733730e+00	2.0956600000000001e-03
3.7323773773773774e+00	2.1356900000000000e-03
3.7323813813813813e+00	2.1750900000000002e-03
3.7323853853853852e+00	2.2138900000000000e-03
3.7323893893893891e+00	2.2521199999999998e-03
3.7323933933933935e+00	2.2898200000000001e-03
3.7323973973973974e+00	2.3270200000000000e-03
3.7324014014014013e+00	2.3637500000000000e-03
3.7324054054054052e+00	2.4000300000000000e-03
3.7324094094094091e+00	2.4358900000000000e-03
3.7324134134134135e+00	2.4713600000000001e-03
3.7324174174174174e+00	2.5064499999999999e-03
3.7324214214214213e+00	2.5412099999999999e-03
3.7324254254254252e+00	2.5756300000000002e-03
3.7324294294294291e+00	2.6097600000000000e-03
3.7324334334334335e+00	2.6436099999999998e-03
3.7324374374374374e+00	2.6771899999999999e-03
3.7324414414414413e+00	2.7105300000000001e-03
3.7324454454454452e+00	2.7436499999999998e-03
3.7324494494494491e+00	2.7765600000000000e-03
3.7324534534534535e+00	2.8092899999999999e-03
3.7324574574574574e+00	2.8418400000000000e-03
3.7324614614614613e+00	2.8742400000000001e-03
3.7324654654654652e+00	2.9064999999999998e-03
3.7324694694694696e+00	2.9386299999999998e-03
3.7324734734734735e+00	2.9706500000000000e-03
3.7324774774774774e+00	3.0025799999999999e-03
3.7324814814814813e+00	3.0344299999999999e-03
3.7324854854854852e+00	3.0662100000000002e-03
3.7324894894894896e+00	3.0979400000000000e-03
3.7324934934934935e+00	3.1296200000000001e-03
3.7324974974974974e+00	3.1612799999999998e-03
3.7325015015015013e+00	3.1929200000000001e-03
3.7325055055055052e+00	3.2245500000000001e-03
3.7325095095095095e+00	3.2561999999999999e-03
3.7325135135135135e+00	3.2878600000000001e-03
3.7325175175175174e+00	3.3195600000000000e-03
3.7325215215215213e+00	3.3513000000000002e-03
3.7325255255255252e+00	3.3830900000000001e-03
3.7325295295295295e+00	3.4149499999999999e-03
3.7325335335335335e+00	3.4468900000000002e-03
3.7325375375375374e+00	3.4789199999999999e-03
3.7325415415415413e+00	3.5110400000000000e-03
3.7325455455455456e+00	3.5432800000000002e-03
3.7325495495495495e+00	3.5756300000000002e-03
3.7325535535535534e+00	3.6081199999999998e-03
3.7325575575575574e+00	3.6407499999999999e-03
3.7325615615615613e+00	3.6735299999999999e-03
3.7325655655655656e+00	3.7064699999999999e-03
3.7325695695695695e+00	3.7395900000000001e-03
3.7325735735735734e+00	3.7728900000000001e-03
3.7325775775775774e+00	3.8063900000000002e-03
3.7325815815815813e+00	3.8400900000000000e-03
3.7325855855855856e+00	3.8740100000000002e-03
3.7325895895895895e+00	3.9081599999999999e-03
3.7325935935935934e+00	3.9425500000000004e-03
3.7325975975975973e+00	3.9771900000000002e-03
3.7326016016016013e+00	4.0120800000000003e-03
3.7326056056056056e+00	4.0472499999999996e-03
3.7326096096096095e+00	4.0826999999999999e-03
3.7326136136136134e+00	4.1184500000000001e-03
3.7326176176176173e+00	4.1545000000000002e-03
3.7326216216216217e+00	4.1908700000000002e-03
3.7326256256256256e+00	4.2275699999999999e-03
3.7326296296296295e+00	4.2646200000000002e-03
3.7326336336336334e+00	4.3020100000000002e-03
3.7326376376376373e+00	4.3397699999999997e-03
3.7326416416416417e+00	4.3779200000000004e-03
3.7326456456456456e+00	4.4164499999999997e-03
3.7326496496496495e+00	4.4553900000000000e-03
3.7326536536536534e+00	4.4947499999999996e-03
3.7326576576576573e+00	4.5345400000000001e-03
3.7326616616616617e+00	4.5747799999999996e-03
3.7326656656656656e+00	4.6154700000000000e-03
3.7326696696696695e+00	4.6566500000000000e-03
3.7326736736736734e+00	4.6983099999999998e-03
3.7326776776776773e+00	4.7404800000000000e-03
3.7326816816816817e+00	4.7831699999999998e-03
3.7326856856856856e+00	4.8263899999999998e-03
3.7326896896896895e+00	4.8701700000000001e-03
3.7326936936936934e+00	4.9145200000000003e-03
3.7326976976976978e+00	4.9594599999999997e-03
3.7327017017017017e+00	5.0049999999999999e-03
3.7327057057057056e+00	5.0511599999999999e-03
3.7327097097097095e+00	5.0979600000000003e-03
3.7327137137137134e+00	5.1454300000000003e-03
3.7327177177177178e+00	5.1935799999999997e-03
3.7327217217217217e+00	5.2424200000000002e-03
3.7327257257257256e+00	5.2919899999999999e-03
3.7327297297297295e+00	5.3423000000000003e-03
3.7327337337337334e+00	5.3933799999999997e-03
3.7327377377377378e+00	5.4452399999999996e-03
3.7327417417417417e+00	5.4979199999999999e-03
3.7327457457457456e+00	5.5514300000000004e-03
3.7327497497497495e+00	5.6058000000000002e-03
3.7327537537537538e+00	5.6610599999999999e-03
3.7327577577577578e+00	5.7172300000000002e-03
3.7327617617617617e+00	5.7743500000000001e-03
3.7327657657657656e+00	5.8324300000000004e-03
3.7327697697697695e+00	5.8915100000000000e-03
3.7327737737737738e+00	5.9516200000000003e-03
3.7327777777777778e+00	6.0127899999999996e-03
3.7327817817817817e+00	6.0750500000000002e-03
3.7327857857857856e+00	6.1384400000000002e-03
3.7327897897897895e+00	6.2030000000000002e-03
3.7327937937937938e+00	6.2687500000000000e-03
3.7327977977977977e+00	6.3357300000000004e-03
3.7328018018018017e+00	6.4039900000000000e-03
3.7328058058058056e+00	6.4735699999999997e-03
3.7328098098098095e+00	6.5445000000000000e-03
3.7328138138138138e+00	6.6168399999999997e-03
3.7328178178178177e+00	6.6906099999999996e-03
3.7328218218218217e+00	6.7658900000000001e-03
3.7328258258258256e+00	6.8427000000000002e-03
3.7328298298298299e+00	6.9211100000000003e-03
3.7328338338338338e+00	7.0011600000000002e-03
3.7328378378378377e+00	7.0829100000000004e-03
3.7328418418418416e+00	7.1664299999999997e-03
3.7328458458458456e+00	7.2517500000000004e-03
3.7328498498498499e+00	7.3389600000000003e-03
3.7328538538538538e+00	7.4281199999999999e-03
3.7328578578578577e+00	7.5192799999999997e-03
3.7328618618618616e+00	7.6125300000000002e-03
3.7328658658658656e+00	7.7079300000000000e-03
3.7328698698698699e+00	7.8055700000000004e-03
3.7328738738738738e+00	7.9055199999999992e-03
3.7328778778778777e+00	8.0078700000000003e-03
3.7328818818818816e+00	8.1127000000000005e-03
3.7328858858858855e+00	8.2201099999999992e-03
3.7328898898898899e+00	8.3301999999999994e-03
3.7328938938938938e+00	8.4430600000000005e-03
3.7328978978978977e+00	8.5587900000000001e-03
3.7329019019019016e+00	8.6775199999999993e-03
3.7329059059059060e+00	8.7993499999999992e-03
3.7329099099099099e+00	8.9244100000000007e-03
3.7329139139139138e+00	9.0528299999999996e-03
3.7329179179179177e+00	9.1847400000000003e-03
3.7329219219219216e+00	9.3202700000000003e-03
3.7329259259259260e+00	9.4595900000000004e-03
3.7329299299299299e+00	9.6028299999999997e-03
3.7329339339339338e+00	9.7501800000000007e-03
3.7329379379379377e+00	9.9018000000000005e-03
3.7329419419419416e+00	1.0057900000000000e-02
3.7329459459459460e+00	1.0218600000000000e-02
3.7329499499499499e+00	1.0384200000000000e-02
3.7329539539539538e+00	1.0554800000000000e-02
3.7329579579579577e+00	1.0730699999999999e-02
3.7329619619619616e+00	1.0912099999999999e-02
3.7329659659659660e+00	1.1099400000000001e-02
3.7329699699699699e+00	1.1292600000000000e-02
3.7329739739739738e+00	1.1492300000000000e-02
3.7329779779779777e+00	1.1698500000000001e-02
3.7329819819819821e+00	1.1911700000000001e-02
3.7329859859859860e+00	1.2132199999999999e-02
3.7329899899899899e+00	1.2360299999999999e-02
3.7329939939939938e+00	1.2596500000000000e-02
3.7329979979979977e+00	1.2841099999999999e-02
3.7330020020020021e+00	1.3094600000000000e-02
3.7330060060060060e+00	1.3357400000000000e-02
3.7330100100100099e+00	1.3630000000000000e-02
3.7330140140140138e+00	1.3913000000000000e-02
3.7330180180180177e+00	1.4206999999999999e-02
3.7330220220220220e+00	1.4512400000000000e-02
3.7330260260260260e+00	1.4830100000000001e-02
3.7330300300300299e+00	1.5160500000000000e-02
3.7330340340340338e+00	1.5504600000000000e-02
3.7330380380380381e+00	1.5863100000000002e-02
3.7330420420420420e+00	1.6236899999999999e-02
3.7330460460460460e+00	1.6626800000000001e-02
3.7330500500500499e+00	1.7033900000000001e-02
3.7330540540540538e+00	1.7459300000000001e-02
3.7330580580580581e+00	1.7904000000000000e-02
3.7330620620620620e+00	1.8369500000000000e-02
3.7330660660660659e+00	1.8856899999999999e-02
3.7330700700700699e+00	1.9367800000000001e-02
3.7330740740740738e+00	1.9903799999999999e-02
3.7330780780780781e+00	2.0466700000000001e-02
3.7330820820820820e+00	2.1058199999999999e-02
3.7330860860860859e+00	2.1680600000000001e-02
3.7330900900900899e+00	2.2335899999999999e-02
3.7330940940940938e+00	2.3026800000000000e-02
3.7330980980980981e+00	2.3755900000000000e-02
3.7331021021021020e+00	2.4526099999999999e-02
3.7331061061061059e+00	2.5340700000000001e-02
3.7331101101101098e+00	2.6203199999999999e-02
3.7331141141141142e+00	2.7117800000000001e-02
3.7331181181181181e+00	2.8088599999999998e-02
3.7331221221221220e+00	2.9120600000000000e-02
3.7331261261261259e+00	3.0219099999999999e-02
3.7331301301301298e+00	3.1390000000000001e-02
3.7331341341341342e+00	3.2640099999999998e-02
3.7331381381381381e+00	3.3976699999999999e-02
3.7331421421421420e+00	3.5408200000000001e-02
3.7331461461461459e+00	3.6943799999999999e-02
3.7331501501501498e+00	3.8594099999999999e-02
3.7331541541541542e+00	4.0370799999999998e-02
3.7331581581581581e+00	4.2287400000000003e-02
3.7331621621621620e+00	4.4358799999999997e-02
3.7331661661661659e+00	4.6602400000000002e-02
3.7331701701701698e+00	4.9037799999999999e-02
3.7331741741741742e+00	5.1687200000000003e-02
3.7331781781781781e+00	5.4576300000000001e-02
3.7331821821821820e+00	5.7734599999999997e-02
3.7331861861861859e+00	6.1196100000000003e-02
3.7331901901901903e+00	6.4999899999999999e-02
3.7331941941941942e+00	6.9191400000000000e-02
3.7331981981981981e+00	7.3823500000000000e-02
3.7332022022022020e+00	7.8957600000000003e-02
3.7332062062062059e+00	8.4665199999999996e-02
3.7332102102102103e+00	9.1030200000000006e-02
3.7332142142142142e+00	9.8150200000000007e-02
3.7332182182182181e+00	1.0613900000000000e-01
3.7332222222222220e+00	1.1513100000000000e-01
3.7332262262262259e+00	1.2528100000000000e-01
3.7332302302302303e+00	1.3676600000000000e-01
3.7332342342342342e+00	1.4979000000000001e-01
3.7332382382382381e+00	1.6458000000000000e-01
3.7332422422422420e+00	1.8138299999999999e-01
3.7332462462462459e+00	2.0045199999999999e-01
3.7332502502502503e+00	2.2202100000000000e-01
3.7332542542542542e+00	2.4626400000000001e-01
3.7332582582582581e+00	2.7322000000000002e-01
3.7332622622622620e+00	3.0269000000000001e-01
3.7332662662662663e+00	3.3408199999999999e-01
3.7332702702702703e+00	3.6624299999999999e-01
3.7332742742742742e+00	3.9731499999999997e-01
3.7332782782782781e+00	4.2472100000000002e-01
3.7332822822822820e+00	4.4541999999999998e-01
3.7332862862862863e+00	4.5649899999999999e-01
3.7332902902902902e+00	4.5598499999999997e-01
3.7332942942942942e+00	4.4354399999999999e-01
3.7332982982982981e+00	4.2064299999999999e-01
3.7333023023023020e+00	3.9008500000000002e-01
3.7333063063063063e+00	3.5516199999999998e-01
3.7333103103103102e+00	3.1888000000000000e-01
3.7333143143143142e+00	2.8351300000000001e-01
3.7333183183183181e+00	2.5051099999999998e-01
3.7333223223223224e+00	2.2061800000000001e-01
3.7333263263263263e+00	1.9407300000000000e-01
3.7333303303303302e+00	1.7080200000000001e-01
3.7333343343343341e+00	1.5055900000000000e-01
3.7333383383383381e+00	1.3302300000000000e-01
3.7333423423423424e+00	1.1785800000000000e-01
3.7333463463463463e+00	1.0474100000000000e-01
3.7333503503503502e+00	9.3381800000000001e-02
3.7333543543543541e+00	8.3522799999999994e-02
3.7333583583583581e+00	7.4943099999999999e-02
3.7333623623623624e+00	6.7454399999999998e-02
3.7333663663663663e+00	6.0896699999999998e-02
3.7333703703703702e+00	5.5135499999999997e-02
3.7333743743743741e+00	5.0057200000000003e-02
3.7333783783783780e+00	4.5566000000000002e-02
3.7333823823823824e+00	4.1581199999999999e-02
3.7333863863863863e+00	3.8034600000000002e-02
3.7333903903903902e+00	3.4868400000000001e-02
3.7333943943943941e+00	3.2033399999999997e-02
3.7333983983983985e+00	2.9487800000000002e-02
3.7334024024024024e+00	2.7196000000000001e-02
3.7334064064064063e+00	2.5127099999999999e-02
3.7334104104104102e+00	2.3255000000000001e-02
3.7334144144144141e+00	2.1556800000000001e-02
3.7334184184184185e+00	2.0012800000000001e-02
3.7334224224224224e+00	1.8606100000000000e-02
3.7334264264264263e+00	1.7321699999999999e-02
3.7334304304304302e+00	1.6146700000000000e-02
3.7334344344344341e+00	1.5069800000000000e-02
3.7334384384384385e+00	1.4080799999999999e-02
3.7334424424424424e+00	1.3171199999999999e-02
3.7334464464464463e+00	1.2333100000000000e-02
3.7334504504504502e+00	1.1559699999999999e-02
3.7334544544544541e+00	1.0844899999999999e-02
3.7334584584584585e+00	1.0183299999999999e-02
3.7334624624624624e+00	9.5700500000000001e-03
3.7334664664664663e+00	9.0009200000000008e-03
3.7334704704704702e+00	8.4720400000000001e-03
3.7334744744744746e+00	7.9799499999999995e-03
3.7334784784784785e+00	7.5215500000000001e-03
3.7334824824824824e+00	7.0940600000000001e-03
3.7334864864864863e+00	6.6949599999999998e-03
3.7334904904904902e+00	6.3219799999999996e-03
3.7334944944944946e+00	5.9730499999999997e-03
3.7334984984984985e+00	5.6463099999999999e-03
3.7335025025025024e+00	5.3400699999999997e-03
3.7335065065065063e+00	5.0527899999999997e-03
3.7335105105105102e+00	4.7830599999999996e-03
3.7335145145145145e+00	4.5296099999999999e-03
3.7335185185185185e+00	4.2912499999999999e-03
3.7335225225225224e+00	4.0669399999999998e-03
3.7335265265265263e+00	3.8556699999999998e-03
3.7335305305305302e+00	3.6565600000000001e-03
3.7335345345345345e+00	3.4687699999999999e-03
3.7335385385385385e+00	3.2915599999999998e-03
3.7335425425425424e+00	3.1242100000000001e-03
3.7335465465465463e+00	2.9660799999999998e-03
3.7335505505505506e+00	2.8165899999999999e-03
3.7335545545545545e+00	2.6751800000000001e-03
3.7335585585585584e+00	2.5413400000000000e-03
3.7335625625625624e+00	2.4145999999999998e-03
3.7335665665665663e+00	2.2945299999999999e-03
3.7335705705705706e+00	2.1807100000000002e-03
3.7335745745745745e+00	2.0727900000000001e-03
3.7335785785785784e+00	1.9704000000000002e-03
3.7335825825825824e+00	1.8732200000000001e-03
3.7335865865865863e+00	1.7809600000000001e-03
3.7335905905905906e+00	1.6933199999999999e-03
3.7335945945945945e+00	1.6100600000000000e-03
3.7335985985985984e+00	1.5309099999999999e-03
3.7336026026026023e+00	1.4556500000000000e-03
3.7336066066066063e+00	1.3840800000000000e-03
3.7336106106106106e+00	1.3159800000000000e-03
3.7336146146146145e+00	1.2511700000000000e-03
3.7336186186186184e+00	1.1894799999999999e-03
3.7336226226226223e+00	1.1307400000000001e-03
3.7336266266266267e+00	1.0747899999999999e-03
3.7336306306306306e+00	1.0215000000000001e-03
3.7336346346346345e+00	9.7071699999999996e-04
3.7336386386386384e+00	9.2232399999999997e-04
3.7336426426426423e+00	8.7619800000000002e-04
3.7336466466466467e+00	8.3222400000000001e-04
3.7336506506506506e+00	7.9029600000000001e-04
3.7336546546546545e+00	7.5031399999999997e-04
3.7336586586586584e+00	7.1218300000000002e-04
3.7336626626626623e+00	6.7581200000000003e-04
3.7336666666666667e+00	6.4111799999999998e-04
3.7336706706706706e+00	6.0802100000000004e-04
3.7336746746746745e+00	5.7644399999999996e-04
3.7336786786786784e+00	5.4631799999999996e-04
3.7336826826826828e+00	5.1757400000000003e-04
3.7336866866866867e+00	4.9014900000000005e-04
3.7336906906906906e+00	4.6398199999999999e-04
3.7336946946946945e+00	4.3901500000000001e-04
3.7336986986986984e+00	4.1519600000000000e-04
3.7337027027027028e+00	3.9247099999999998e-04
3.7337067067067067e+00	3.7079300000000001e-04
3.7337107107107106e+00	3.5011500000000002e-04
3.7337147147147145e+00	3.3039400000000002e-04
3.7337187187187184e+00	3.1158599999999998e-04
3.7337227227227228e+00	2.9365300000000000e-04
3.7337267267267267e+00	2.7655699999999997e-04
3.7337307307307306e+00	2.6026199999999998e-04
3.7337347347347345e+00	2.4473399999999998e-04
3.7337387387387384e+00	2.2994000000000001e-04
3.7337427427427428e+00	2.1584999999999999e-04
3.7337467467467467e+00	2.0243299999999999e-04
3.7337507507507506e+00	1.8966299999999999e-04
3.7337547547547545e+00	1.7751200000000000e-04
3.7337587587587588e+00	1.6595499999999999e-04
3.7337627627627628e+00	1.5496700000000000e-04
3.7337667667667667e+00	1.4452500000000000e-04
3.7337707707707706e+00	1.3460699999999999e-04
3.7337747747747745e+00	1.2519199999999999e-04
3.7337787787787788e+00	1.1626000000000000e-04
3.7337827827827827e+00	1.0779200000000000e-04
3.7337867867867867e+00	9.9768100000000005e-05
3.7337907907907906e+00	9.2171799999999997e-05
3.7337947947947945e+00	8.4986099999999996e-05
3.7337987987987988e+00	7.8194899999999999e-05
3.7338028028028027e+00	7.1782599999999999e-05
3.7338068068068067e+00	6.5734699999999999e-05
3.7338108108108106e+00	6.0036900000000001e-05
3.7338148148148145e+00	5.4675800000000003e-05
3.7338188188188188e+00	4.9638400000000002e-05
3.7338228228228227e+00	4.4912300000000000e-05
3.7338268268268267e+00	4.0485599999999997e-05
3.7338308308308306e+00	3.6347000000000003e-05
3.7338348348348349e+00	3.2485499999999999e-05
3.7338388388388388e+00	2.8890600000000001e-05
3.7338428428428427e+00	2.5552299999999999e-05
3.7338468468468466e+00	2.2461000000000001e-05
3.7338508508508506e+00	1.9607500000000002e-05
3.7338548548548549e+00	1.6982699999999999e-05
3.7338588588588588e+00	1.4578300000000001e-05
3.7338628628628627e+00	1.2386100000000000e-05
3.7338668668668666e+00	1.0398100000000000e-05
3.7338708708708706e+00	8.6068500000000004e-06
3.7338748748748749e+00	7.0051099999999999e-06
3.7338788788788788e+00	5.5858799999999996e-06
3.7338828828828827e+00	4.3424699999999999e-06
3.7338868868868866e+00	3.2684299999999999e-06
3.7338908908908905e+00	2.3575700000000001e-06
3.7338948948948949e+00	1.6039300000000000e-06
3.7338988988988988e+00	1.0017800000000000e-06
3.7339029029029027e+00	5.4560599999999997e-07
3.7339069069069066e+00	2.3009400000000000e-07
3.7339109109109110e+00	5.0139499999999997e-08
3.7339149149149149e+00	8.2361899999999999e-10
3.7339189189189188e+00	7.7411700000000002e-08
3.7339229229229227e+00	2.7534399999999998e-07
3.7339269269269266e+00	5.9022800000000001e-07
3.7339309309309310e+00	1.0178300000000000e-06
3.7339349349349349e+00	1.5540800000000000e-06
3.7339389389389388e+00	2.1950499999999998e-06
3.7339429429429427e+00	2.9369400000000000e-06
3.7339469469469466e+00	3.7761199999999999e-06
3.7339509509509510e+00	4.7090600000000001e-06
3.7339549549549549e+00	5.7323700000000000e-06
3.7339589589589588e+00	6.8427800000000002e-06
3.7339629629629627e+00	8.0371300000000001e-06
3.7339669669669671e+00	9.3123799999999994e-06
3.7339709709709710e+00	1.0665600000000000e-05
3.7339749749749749e+00	1.2093900000000000e-05
3.7339789789789788e+00	1.3594700000000000e-05
3.7339829829829827e+00	1.5165200000000000e-05
3.7339869869869871e+00	1.6802900000000001e-05
3.7339909909909910e+00	1.8505400000000001e-05
3.7339949949949949e+00	2.0270200000000001e-05
3.7339989989989988e+00	2.2095100000000001e-05
3.7340030030030027e+00	2.3977900000000000e-05
3.7340070070070071e+00	2.5916500000000002e-05
3.7340110110110110e+00	2.7908699999999999e-05
3.7340150150150149e+00	2.9952599999999998e-05
3.7340190190190188e+00	3.2046199999999998e-05
3.7340230230230227e+00	3.4187699999999998e-05
3.7340270270270270e+00	3.6375299999999997e-05
3.7340310310310310e+00	3.8607199999999999e-05
3.7340350350350349e+00	4.0881799999999999e-05
3.7340390390390388e+00	4.3197500000000001e-05
3.7340430430430431e+00	4.5552600000000002e-05
3.7340470470470470e+00	4.7945699999999997e-05
3.7340510510510510e+00	5.0375199999999998e-05
3.7340550550550549e+00	5.2839800000000002e-05
3.7340590590590588e+00	5.5338099999999998e-05
3.7340630630630631e+00	5.7868799999999997e-05
3.7340670670670670e+00	6.0430499999999997e-05
3.7340710710710709e+00	6.3022100000000001e-05
3.7340750750750749e+00	6.5642300000000000e-05
3.7340790790790788e+00	6.8289999999999998e-05
3.7340830830830831e+00	7.0963999999999993e-05
3.7340870870870870e+00	7.3663299999999997e-05
3.7340910910910909e+00	7.6386799999999999e-05
3.7340950950950949e+00	7.9133499999999997e-05
3.7340990990990988e+00	8.1902400000000004e-05
3.7341031031031031e+00	8.4692500000000003e-05
3.7341071071071070e+00	8.7503000000000006e-05
3.7341111111111109e+00	9.0332800000000004e-05
3.7341151151151148e+00	9.3181299999999995e-05
3.7341191191191192e+00	9.6047500000000005e-05
3.7341231231231231e+00	9.8930499999999997e-05
3.7341271271271270e+00	1.0183000000000001e-04
3.7341311311311309e+00	1.0474400000000000e-04
3.7341351351351348e+00	1.0767400000000000e-04
3.7341391391391392e+00	1.1061700000000000e-04
3.7341431431431431e+00	1.1357300000000001e-04
3.7341471471471470e+00	1.1654200000000000e-04
3.7341511511511509e+00	1.1952300000000000e-04
3.7341551551551548e+00	1.2251499999999999e-04
3.7341591591591592e+00	1.2551800000000000e-04
3.7341631631631631e+00	1.2853100000000001e-04
3.7341671671671670e+00	1.3155299999999999e-04
3.7341711711711709e+00	1.3458500000000000e-04
3.7341751751751748e+00	1.3762500000000000e-04
3.7341791791791792e+00	1.4067300000000001e-04
3.7341831831831831e+00	1.4372800000000000e-04
3.7341871871871870e+00	1.4679000000000000e-04
3.7341911911911909e+00	1.4985899999999999e-04
3.7341951951951953e+00	1.5293300000000001e-04
3.7341991991991992e+00	1.5601400000000000e-04
3.7342032032032031e+00	1.5909900000000000e-04
3.7342072072072070e+00	1.6218900000000000e-04
3.7342112112112109e+00	1.6528400000000000e-04
3.7342152152152153e+00	1.6838300000000000e-04
3.7342192192192192e+00	1.7148500000000000e-04
3.7342232232232231e+00	1.7458999999999999e-04
3.7342272272272270e+00	1.7769800000000001e-04
3.7342312312312309e+00	1.8080900000000001e-04
3.7342352352352353e+00	1.8392199999999999e-04
3.7342392392392392e+00	1.8703700000000001e-04
3.7342432432432431e+00	1.9015300000000001e-04
3.7342472472472470e+00	1.9327100000000001e-04
3.7342512512512513e+00	1.9638899999999999e-04
3.7342552552552553e+00	1.9950900000000000e-04
3.7342592592592592e+00	2.0262800000000000e-04
3.7342632632632631e+00	2.0574800000000001e-04
3.7342672672672670e+00	2.0886799999999999e-04
3.7342712712712713e+00	2.1198800000000000e-04
3.7342752752752753e+00	2.1510700000000000e-04
3.7342792792792792e+00	2.1822500000000001e-04
3.7342832832832831e+00	2.2134200000000000e-04
3.7342872872872870e+00	2.2445800000000000e-04
3.7342912912912913e+00	2.2757200000000000e-04
3.7342952952952952e+00	2.3068500000000000e-04
3.7342992992992992e+00	2.3379600000000001e-04
3.7343033033033031e+00	2.3690500000000001e-04
3.7343073073073070e+00	2.4001200000000001e-04
3.7343113113113113e+00	2.4311600000000001e-04
3.7343153153153152e+00	2.4621799999999998e-04
3.7343193193193192e+00	2.4931699999999998e-04
3.7343233233233231e+00	2.5241300000000000e-04
3.7343273273273274e+00	2.5550600000000002e-04
3.7343313313313313e+00	2.5859599999999999e-04
3.7343353353353352e+00	2.6168200000000001e-04
3.7343393393393391e+00	2.6476599999999999e-04
3.7343433433433431e+00	2.6784500000000001e-04
3.7343473473473474e+00	2.7092099999999998e-04
3.7343513513513513e+00	2.7399299999999999e-04
3.7343553553553552e+00	2.7705999999999998e-04
3.7343593593593591e+00	2.8012399999999998e-04
3.7343633633633631e+00	2.8318400000000002e-04
3.7343673673673674e+00	2.8623899999999998e-04
3.7343713713713713e+00	2.8928999999999999e-04
3.7343753753753752e+00	2.9233599999999997e-04
3.7343793793793791e+00	2.9537800000000000e-04
3.7343833833833830e+00	2.9841500000000001e-04
3.7343873873873874e+00	3.0144699999999999e-04
3.7343913913913913e+00	3.0447400000000000e-04
3.7343953953953952e+00	3.0749599999999998e-04
3.7343993993993991e+00	3.1051300000000000e-04
3.7344034034034035e+00	3.1352499999999999e-04
3.7344074074074074e+00	3.1653200000000001e-04
3.7344114114114113e+00	3.1953299999999999e-04
3.7344154154154152e+00	3.2252900000000000e-04
3.7344194194194191e+00	3.2551999999999999e-04
3.7344234234234235e+00	3.2850499999999999e-04
3.7344274274274274e+00	3.3148500000000002e-04
3.7344314314314313e+00	3.3445900000000000e-04
3.7344354354354352e+00	3.3742700000000001e-04
3.7344394394394391e+00	3.4038999999999999e-04
3.7344434434434435e+00	3.4334699999999998e-04
3.7344474474474474e+00	3.4629799999999998e-04
3.7344514514514513e+00	3.4924300000000000e-04
3.7344554554554552e+00	3.5218199999999998e-04
3.7344594594594591e+00	3.5511499999999998e-04
3.7344634634634635e+00	3.5804199999999998e-04
3.7344674674674674e+00	3.6096400000000002e-04
3.7344714714714713e+00	3.6387900000000000e-04
3.7344754754754752e+00	3.6678800000000000e-04
3.7344794794794796e+00	3.6969100000000001e-04
3.7344834834834835e+00	3.7258700000000002e-04
3.7344874874874874e+00	3.7547800000000000e-04
3.7344914914914913e+00	3.7836199999999998e-04
3.7344954954954952e+00	3.8123999999999998e-04
3.7344994994994996e+00	3.8411100000000002e-04
3.7345035035035035e+00	3.8697699999999999e-04
3.7345075075075074e+00	3.8983600000000001e-04
3.7345115115115113e+00	3.9268799999999998e-04
3.7345155155155152e+00	3.9553499999999997e-04
3.7345195195195195e+00	3.9837400000000000e-04
3.7345235235235235e+00	4.0120800000000001e-04
3.7345275275275274e+00	4.0403500000000002e-04
3.7345315315315313e+00	4.0685500000000002e-04
3.7345355355355352e+00	4.0966899999999998e-04
3.7345395395395395e+00	4.1247700000000002e-04
3.7345435435435435e+00	4.1527799999999999e-04
3.7345475475475474e+00	4.1807200000000002e-04
3.7345515515515513e+00	4.2086000000000001e-04
3.7345555555555556e+00	4.2364200000000001e-04
3.7345595595595595e+00	4.2641700000000001e-04
3.7345635635635634e+00	4.2918500000000000e-04
3.7345675675675674e+00	4.3194700000000002e-04
3.7345715715715713e+00	4.3470200000000003e-04
3.7345755755755756e+00	4.3745100000000000e-04
3.7345795795795795e+00	4.4019300000000002e-04
3.7345835835835834e+00	4.4292900000000000e-04
3.7345875875875874e+00	4.4565799999999998e-04
3.7345915915915913e+00	4.4838099999999997e-04
3.7345955955955956e+00	4.5109600000000001e-04
3.7345995995995995e+00	4.5380600000000001e-04
3.7346036036036034e+00	4.5650900000000002e-04
3.7346076076076073e+00	4.5920500000000002e-04
3.7346116116116117e+00	4.6189499999999998e-04
3.7346156156156156e+00	4.6457800000000000e-04
3.7346196196196195e+00	4.6725400000000001e-04
3.7346236236236234e+00	4.6992399999999998e-04
3.7346276276276273e+00	4.7258800000000002e-04
3.7346316316316317e+00	4.7524500000000001e-04
3.7346356356356356e+00	4.7789499999999999e-04
3.7346396396396395e+00	4.8053899999999999e-04
3.7346436436436434e+00	4.8317700000000000e-04
3.7346476476476473e+00	4.8580699999999999e-04
3.7346516516516517e+00	4.8843200000000002e-04
3.7346556556556556e+00	4.9105000000000004e-04
3.7346596596596595e+00	4.9366099999999995e-04
3.7346636636636634e+00	4.9626599999999998e-04
3.7346676676676673e+00	4.9886400000000001e-04
3.7346716716716717e+00	5.0145599999999995e-04
3.7346756756756756e+00	5.0404200000000001e-04
3.7346796796796795e+00	5.0662099999999996e-04
3.7346836836836834e+00	5.0919400000000003e-04
3.7346876876876878e+00	5.1175999999999999e-04
3.7346916916916917e+00	5.1431999999999997e-04
3.7346956956956956e+00	5.1687300000000005e-04
3.7346996996996995e+00	5.1942000000000004e-04
3.7347037037037034e+00	5.2196100000000004e-04
3.7347077077077078e+00	5.2449500000000004e-04
3.7347117117117117e+00	5.2702300000000005e-04
3.7347157157157156e+00	5.2954499999999997e-04
3.7347197197197195e+00	5.3206100000000001e-04
3.7347237237237234e+00	5.3457000000000005e-04
3.7347277277277278e+00	5.3707300000000000e-04
3.7347317317317317e+00	5.3956900000000005e-04
3.7347357357357356e+00	5.4205900000000001e-04
3.7347397397397395e+00	5.4454400000000000e-04
3.7347437437437434e+00	5.4702099999999997e-04
3.7347477477477478e+00	5.4949299999999996e-04
3.7347517517517517e+00	5.5195899999999998e-04
3.7347557557557556e+00	5.5441799999999999e-04
3.7347597597597595e+00	5.5687100000000002e-04
3.7347637637637638e+00	5.5931799999999995e-04
3.7347677677677678e+00	5.6175900000000000e-04
3.7347717717717717e+00	5.6419399999999996e-04
3.7347757757757756e+00	5.6662300000000004e-04
3.7347797797797795e+00	5.6904500000000001e-04
3.7347837837837838e+00	5.7146200000000001e-04
3.7347877877877877e+00	5.7387200000000001e-04
3.7347917917917917e+00	5.7627700000000004e-04
3.7347957957957956e+00	5.7867499999999996e-04
3.7347997997997995e+00	5.8106800000000001e-04
3.7348038038038038e+00	5.8345499999999998e-04
3.7348078078078077e+00	5.8583500000000004e-04
3.7348118118118117e+00	5.8821000000000003e-04
3.7348158158158156e+00	5.9057900000000004e-04
3.7348198198198195e+00	5.9294199999999995e-04
3.7348238238238238e+00	5.9529899999999998e-04
3.7348278278278277e+00	5.9765000000000003e-04
3.7348318318318316e+00	5.9999499999999998e-04
3.7348358358358356e+00	6.0233499999999996e-04
3.7348398398398399e+00	6.0466899999999995e-04
3.7348438438438438e+00	6.0699699999999996e-04
3.7348478478478477e+00	6.0931899999999998e-04
3.7348518518518516e+00	6.1163500000000002e-04
3.7348558558558556e+00	6.1394599999999998e-04
3.7348598598598599e+00	6.1625099999999995e-04
3.7348638638638638e+00	6.1855000000000005e-04
3.7348678678678677e+00	6.2084399999999995e-04
3.7348718718718716e+00	6.2313199999999998e-04
3.7348758758758756e+00	6.2541500000000004e-04
3.7348798798798799e+00	6.2769099999999999e-04
3.7348838838838838e+00	6.2996299999999999e-04
3.7348878878878877e+00	6.3222799999999998e-04
3.7348918918918916e+00	6.3448800000000000e-04
3.7348958958958960e+00	6.3674300000000005e-04
3.7348998998998999e+00	6.3899200000000001e-04
3.7349039039039038e+00	6.4123499999999998e-04
3.7349079079079077e+00	6.4347400000000000e-04
3.7349119119119116e+00	6.4570600000000001e-04
3.7349159159159160e+00	6.4793299999999995e-04
3.7349199199199199e+00	6.5015500000000003e-04
3.7349239239239238e+00	6.5237200000000002e-04
3.7349279279279277e+00	6.5458300000000003e-04
3.7349319319319316e+00	6.5678799999999995e-04
3.7349359359359360e+00	6.5898900000000002e-04
3.7349399399399399e+00	6.6118399999999999e-04
3.7349439439439438e+00	6.6337299999999998e-04
3.7349479479479477e+00	6.6555800000000001e-04
3.7349519519519516e+00	6.6773699999999995e-04
3.7349559559559560e+00	6.6991100000000003e-04
3.7349599599599599e+00	6.7208000000000003e-04
3.7349639639639638e+00	6.7424300000000004e-04
3.7349679679679677e+00	6.7640099999999998e-04
3.7349719719719721e+00	6.7855499999999996e-04
3.7349759759759760e+00	6.8070299999999995e-04
3.7349799799799799e+00	6.8284499999999996e-04
3.7349839839839838e+00	6.8498300000000001e-04
3.7349879879879877e+00	6.8711599999999999e-04
3.7349919919919921e+00	6.8924399999999999e-04
3.7349959959959960e+00	6.9136600000000001e-04
3.7349999999999999e+00	6.9348399999999996e-04
