3.7309999999999999e+00	1.5176700000000000e-03
3.7310040040040038e+00	1.5197699999999999e-03
3.7310080080080077e+00	1.5218700000000000e-03
3.7310120120120120e+00	1.5239900000000000e-03
3.7310160160160160e+00	1.5261100000000000e-03
3.7310200200200199e+00	1.5282399999999999e-03
3.7310240240240238e+00	1.5303700000000001e-03
3.7310280280280277e+00	1.5325099999999999e-03
3.7310320320320320e+00	1.5346600000000000e-03
3.7310360360360360e+00	1.5368199999999999e-03
3.7310400400400399e+00	1.5389799999999999e-03
3.7310440440440438e+00	1.5411500000000000e-03
3.7310480480480481e+00	1.5433300000000001e-03
3.7310520520520520e+00	1.5455200000000001e-03
3.7310560560560559e+00	1.5477100000000001e-03
3.7310600600600599e+00	1.5499100000000000e-03
3.7310640640640638e+00	1.5521199999999999e-03
3.7310680680680681e+00	1.5543300000000000e-03
3.7310720720720720e+00	1.5565600000000000e-03
3.7310760760760759e+00	1.5587900000000000e-03
3.7310800800800799e+00	1.5610299999999999e-03
3.7310840840840838e+00	1.5632700000000001e-03
3.7310880880880881e+00	1.5655300000000001e-03
3.7310920920920920e+00	1.5677899999999999e-03
3.7310960960960959e+00	1.5700600000000001e-03
3.7311001001000998e+00	1.5723400000000000e-03
3.7311041041041038e+00	1.5746200000000001e-03
3.7311081081081081e+00	1.5769200000000001e-03
3.7311121121121120e+00	1.5792200000000001e-03
3.7311161161161159e+00	1.5815300000000000e-03
3.7311201201201198e+00	1.5838499999999999e-03
3.7311241241241242e+00	1.5861800000000000e-03
3.7311281281281281e+00	1.5885199999999999e-03
3.7311321321321320e+00	1.5908599999999999e-03
3.7311361361361359e+00	1.5932200000000000e-03
3.7311401401401398e+00	1.5955800000000001e-03
3.7311441441441442e+00	1.5979500000000001e-03
3.7311481481481481e+00	1.6003300000000001e-03
3.7311521521521520e+00	1.6027200000000000e-03
3.7311561561561559e+00	1.6051200000000000e-03
3.7311601601601598e+00	1.6075300000000000e-03
3.7311641641641642e+00	1.6099400000000000e-03
3.7311681681681681e+00	1.6123699999999999e-03
3.7311721721721720e+00	1.6148099999999999e-03
3.7311761761761759e+00	1.6172500000000000e-03
3.7311801801801803e+00	1.6197099999999999e-03
3.7311841841841842e+00	1.6221700000000000e-03
3.7311881881881881e+00	1.6246399999999999e-03
3.7311921921921920e+00	1.6271300000000001e-03
3.7311961961961959e+00	1.6296200000000000e-03
3.7312002002002003e+00	1.6321300000000001e-03
3.7312042042042042e+00	1.6346399999999999e-03
3.7312082082082081e+00	1.6371599999999999e-03
3.7312122122122120e+00	1.6397000000000000e-03
3.7312162162162159e+00	1.6422400000000001e-03
3.7312202202202203e+00	1.6448000000000001e-03
3.7312242242242242e+00	1.6473600000000001e-03
3.7312282282282281e+00	1.6499399999999999e-03
3.7312322322322320e+00	1.6525200000000000e-03
3.7312362362362359e+00	1.6551199999999999e-03
3.7312402402402403e+00	1.6577300000000001e-03
3.7312442442442442e+00	1.6603500000000001e-03
3.7312482482482481e+00	1.6629800000000001e-03
3.7312522522522520e+00	1.6656200000000000e-03
3.7312562562562563e+00	1.6682699999999999e-03
3.7312602602602603e+00	1.6709400000000001e-03
3.7312642642642642e+00	1.6736200000000000e-03
3.7312682682682681e+00	1.6762999999999999e-03
3.7312722722722720e+00	1.6789999999999999e-03
3.7312762762762763e+00	1.6817100000000001e-03
3.7312802802802802e+00	1.6844399999999999e-03
3.7312842842842842e+00	1.6871700000000000e-03
3.7312882882882881e+00	1.6899199999999999e-03
3.7312922922922920e+00	1.6926800000000000e-03
3.7312962962962963e+00	1.6954500000000000e-03
3.7313003003003002e+00	1.6982399999999999e-03
3.7313043043043042e+00	1.7010400000000000e-03
3.7313083083083081e+00	1.7038500000000000e-03
3.7313123123123120e+00	1.7066700000000000e-03
3.7313163163163163e+00	1.7095100000000000e-03
3.7313203203203202e+00	1.7123600000000000e-03
3.7313243243243241e+00	1.7152199999999999e-03
3.7313283283283281e+00	1.7181000000000000e-03
3.7313323323323324e+00	1.7209899999999999e-03
3.7313363363363363e+00	1.7238900000000001e-03
3.7313403403403402e+00	1.7268100000000001e-03
3.7313443443443441e+00	1.7297400000000000e-03
3.7313483483483481e+00	1.7326900000000001e-03
3.7313523523523524e+00	1.7356500000000000e-03
3.7313563563563563e+00	1.7386299999999999e-03
3.7313603603603602e+00	1.7416199999999999e-03
3.7313643643643641e+00	1.7446199999999999e-03
3.7313683683683680e+00	1.7476400000000000e-03
3.7313723723723724e+00	1.7506799999999999e-03
3.7313763763763763e+00	1.7537300000000000e-03
3.7313803803803802e+00	1.7568000000000000e-03
3.7313843843843841e+00	1.7598799999999999e-03
3.7313883883883880e+00	1.7629799999999999e-03
3.7313923923923924e+00	1.7660900000000001e-03
3.7313963963963963e+00	1.7692200000000000e-03
3.7314004004004002e+00	1.7723699999999999e-03
3.7314044044044041e+00	1.7755300000000000e-03
3.7314084084084085e+00	1.7787100000000000e-03
3.7314124124124124e+00	1.7819100000000000e-03
3.7314164164164163e+00	1.7851300000000000e-03
3.7314204204204202e+00	1.7883599999999999e-03
3.7314244244244241e+00	1.7916099999999999e-03
3.7314284284284285e+00	1.7948700000000001e-03
3.7314324324324324e+00	1.7981600000000000e-03
3.7314364364364363e+00	1.8014600000000000e-03
3.7314404404404402e+00	1.8047899999999999e-03
3.7314444444444441e+00	1.8081300000000000e-03
3.7314484484484485e+00	1.8114900000000000e-03
3.7314524524524524e+00	1.8148699999999999e-03
3.7314564564564563e+00	1.8182599999999999e-03
3.7314604604604602e+00	1.8216800000000000e-03
3.7314644644644646e+00	1.8251200000000000e-03
3.7314684684684685e+00	1.8285800000000000e-03
3.7314724724724724e+00	1.8320599999999999e-03
3.7314764764764763e+00	1.8355600000000000e-03
3.7314804804804802e+00	1.8390800000000001e-03
3.7314844844844846e+00	1.8426199999999999e-03
3.7314884884884885e+00	1.8461800000000000e-03
3.7314924924924924e+00	1.8497600000000000e-03
3.7314964964964963e+00	1.8533700000000000e-03
3.7315005005005002e+00	1.8569999999999999e-03
3.7315045045045045e+00	1.8606499999999999e-03
3.7315085085085085e+00	1.8643300000000000e-03
3.7315125125125124e+00	1.8680200000000000e-03
3.7315165165165163e+00	1.8717400000000000e-03
3.7315205205205202e+00	1.8754900000000001e-03
3.7315245245245245e+00	1.8792600000000000e-03
3.7315285285285285e+00	1.8830500000000000e-03
3.7315325325325324e+00	1.8868699999999999e-03
3.7315365365365363e+00	1.8907200000000000e-03
3.7315405405405406e+00	1.8945900000000000e-03
3.7315445445445445e+00	1.8984799999999999e-03
3.7315485485485484e+00	1.9024000000000001e-03
3.7315525525525524e+00	1.9063500000000000e-03
3.7315565565565563e+00	1.9103300000000000e-03
3.7315605605605606e+00	1.9143299999999999e-03
3.7315645645645645e+00	1.9183700000000000e-03
3.7315685685685684e+00	1.9224299999999999e-03
3.7315725725725724e+00	1.9265100000000000e-03
3.7315765765765763e+00	1.9306300000000000e-03
3.7315805805805806e+00	1.9347800000000001e-03
3.7315845845845845e+00	1.9389600000000000e-03
3.7315885885885884e+00	1.9431699999999999e-03
3.7315925925925924e+00	1.9474099999999999e-03
3.7315965965965963e+00	1.9516799999999999e-03
3.7316006006006006e+00	1.9559800000000000e-03
3.7316046046046045e+00	1.9603200000000002e-03
3.7316086086086084e+00	1.9646899999999998e-03
3.7316126126126123e+00	1.9690900000000002e-03
3.7316166166166167e+00	1.9735299999999998e-03
3.7316206206206206e+00	1.9780000000000002e-03
3.7316246246246245e+00	1.9825099999999998e-03
3.7316286286286284e+00	1.9870500000000002e-03
3.7316326326326323e+00	1.9916299999999999e-03
3.7316366366366367e+00	1.9962500000000002e-03
3.7316406406406406e+00	2.0008999999999999e-03
3.7316446446446445e+00	2.0056000000000002e-03
3.7316486486486484e+00	2.0103299999999998e-03
3.7316526526526523e+00	2.0151000000000001e-03
3.7316566566566567e+00	2.0199200000000001e-03
3.7316606606606606e+00	2.0247700000000000e-03
3.7316646646646645e+00	2.0296699999999999e-03
3.7316686686686684e+00	2.0346100000000001e-03
3.7316726726726723e+00	2.0395900000000000e-03
3.7316766766766767e+00	2.0446200000000000e-03
3.7316806806806806e+00	2.0496999999999998e-03
3.7316846846846845e+00	2.0548200000000002e-03
3.7316886886886884e+00	2.0599799999999999e-03
3.7316926926926928e+00	2.0652000000000001e-03
3.7316966966966967e+00	2.0704600000000001e-03
3.7317007007007006e+00	2.0757800000000002e-03
3.7317047047047045e+00	2.0811400000000000e-03
3.7317087087087084e+00	2.0865599999999999e-03
3.7317127127127128e+00	2.0920299999999999e-03
3.7317167167167167e+00	2.0975600000000000e-03
3.7317207207207206e+00	2.1031399999999999e-03
3.7317247247247245e+00	2.1087699999999998e-03
3.7317287287287284e+00	2.1144699999999998e-03
3.7317327327327328e+00	2.1202199999999999e-03
3.7317367367367367e+00	2.1260300000000001e-03
3.7317407407407406e+00	2.1319099999999999e-03
3.7317447447447445e+00	2.1378399999999998e-03
3.7317487487487484e+00	2.1438500000000001e-03
3.7317527527527528e+00	2.1499100000000001e-03
3.7317567567567567e+00	2.1560500000000001e-03
3.7317607607607606e+00	2.1622500000000001e-03
3.7317647647647645e+00	2.1685200000000002e-03
3.7317687687687688e+00	2.1748700000000002e-03
3.7317727727727728e+00	2.1812899999999998e-03
3.7317767767767767e+00	2.1877799999999998e-03
3.7317807807807806e+00	2.1943599999999998e-03
3.7317847847847845e+00	2.2010100000000002e-03
3.7317887887887888e+00	2.2077400000000001e-03
3.7317927927927927e+00	2.2145500000000000e-03
3.7317967967967967e+00	2.2214600000000002e-03
3.7318008008008006e+00	2.2284399999999999e-03
3.7318048048048045e+00	2.2355200000000000e-03
3.7318088088088088e+00	2.2426899999999999e-03
3.7318128128128127e+00	2.2499600000000001e-03
3.7318168168168167e+00	2.2573200000000002e-03
3.7318208208208206e+00	2.2647800000000001e-03
3.7318248248248249e+00	2.2723399999999999e-03
3.7318288288288288e+00	2.2800099999999998e-03
3.7318328328328327e+00	2.2877900000000000e-03
3.7318368368368366e+00	2.2956800000000000e-03
3.7318408408408406e+00	2.3036799999999998e-03
3.7318448448448449e+00	2.3118000000000001e-03
3.7318488488488488e+00	2.3200400000000002e-03
3.7318528528528527e+00	2.3284099999999999e-03
3.7318568568568566e+00	2.3369100000000002e-03
3.7318608608608606e+00	2.3455400000000001e-03
3.7318648648648649e+00	2.3543000000000001e-03
3.7318688688688688e+00	2.3632100000000001e-03
3.7318728728728727e+00	2.3722700000000001e-03
3.7318768768768766e+00	2.3814700000000001e-03
3.7318808808808805e+00	2.3908300000000000e-03
3.7318848848848849e+00	2.4003499999999999e-03
3.7318888888888888e+00	2.4100400000000000e-03
3.7318928928928927e+00	2.4199000000000000e-03
3.7318968968968966e+00	2.4299299999999999e-03
3.7319009009009010e+00	2.4401499999999999e-03
3.7319049049049049e+00	2.4505600000000001e-03
3.7319089089089088e+00	2.4611699999999999e-03
3.7319129129129127e+00	2.4719899999999999e-03
3.7319169169169166e+00	2.4830099999999999e-03
3.7319209209209210e+00	2.4942599999999999e-03
3.7319249249249249e+00	2.5057299999999998e-03
3.7319289289289288e+00	2.5174500000000001e-03
3.7319329329329327e+00	2.5294100000000002e-03
3.7319369369369366e+00	2.5416300000000000e-03
3.7319409409409410e+00	2.5541100000000001e-03
3.7319449449449449e+00	2.5668800000000001e-03
3.7319489489489488e+00	2.5799400000000002e-03
3.7319529529529527e+00	2.5933000000000002e-03
3.7319569569569566e+00	2.6069700000000001e-03
3.7319609609609610e+00	2.6209800000000002e-03
3.7319649649649649e+00	2.6353300000000000e-03
3.7319689689689688e+00	2.6500500000000001e-03
3.7319729729729727e+00	2.6651399999999999e-03
3.7319769769769771e+00	2.6806299999999998e-03
3.7319809809809810e+00	2.6965399999999999e-03
3.7319849849849849e+00	2.7128800000000000e-03
3.7319889889889888e+00	2.7296899999999999e-03
3.7319929929929927e+00	2.7469700000000001e-03
3.7319969969969971e+00	2.7647599999999998e-03
3.7320010010010010e+00	2.7830900000000002e-03
3.7320050050050049e+00	2.8019700000000000e-03
3.7320090090090088e+00	2.8214600000000000e-03
3.7320130130130127e+00	2.8415699999999999e-03
3.7320170170170170e+00	2.8623400000000001e-03
3.7320210210210210e+00	2.8838200000000000e-03
3.7320250250250249e+00	2.9060499999999999e-03
3.7320290290290288e+00	2.9290700000000002e-03
3.7320330330330327e+00	2.9529299999999999e-03
3.7320370370370370e+00	2.9776799999999999e-03
3.7320410410410410e+00	3.0033899999999999e-03
3.7320450450450449e+00	3.0301199999999999e-03
3.7320490490490488e+00	3.0579399999999999e-03
3.7320530530530531e+00	3.0869199999999999e-03
3.7320570570570570e+00	3.1171599999999999e-03
3.7320610610610609e+00	3.1487400000000001e-03
3.7320650650650649e+00	3.1817700000000000e-03
3.7320690690690688e+00	3.2163500000000002e-03
3.7320730730730731e+00	3.2526299999999998e-03
3.7320770770770770e+00	3.2907200000000000e-03
3.7320810810810809e+00	3.3308000000000001e-03
3.7320850850850849e+00	3.3730300000000000e-03
3.7320890890890888e+00	3.4176200000000001e-03
3.7320930930930931e+00	3.4647599999999999e-03
3.7320970970970970e+00	3.5147199999999998e-03
3.7321011011011009e+00	3.5677800000000000e-03
3.7321051051051048e+00	3.6242399999999999e-03
3.7321091091091092e+00	3.6844800000000000e-03
3.7321131131131131e+00	3.7489099999999998e-03
3.7321171171171170e+00	3.8180100000000002e-03
3.7321211211211209e+00	3.8923199999999999e-03
3.7321251251251248e+00	3.9725000000000003e-03
3.7321291291291292e+00	4.0593000000000001e-03
3.7321331331331331e+00	4.1536100000000003e-03
3.7321371371371370e+00	4.2564800000000000e-03
3.7321411411411409e+00	4.3691700000000003e-03
3.7321451451451448e+00	4.4932000000000001e-03
3.7321491491491492e+00	4.6303899999999999e-03
3.7321531531531531e+00	4.7830099999999999e-03
3.7321571571571570e+00	4.9538300000000002e-03
3.7321611611611609e+00	5.1463500000000001e-03
3.7321651651651648e+00	5.3650000000000000e-03
3.7321691691691692e+00	5.6154500000000001e-03
3.7321731731731731e+00	5.9051499999999996e-03
3.7321771771771770e+00	6.2439599999999998e-03
3.7321811811811809e+00	6.6452999999999998e-03
3.7321851851851853e+00	7.1277700000000003e-03
3.7321891891891892e+00	7.7179199999999996e-03
3.7321931931931931e+00	8.4548399999999999e-03
3.7321971971971970e+00	9.3982500000000004e-03
3.7322012012012009e+00	1.0643700000000001e-02
3.7322052052052053e+00	1.2352699999999999e-02
3.7322092092092092e+00	1.4818200000000000e-02
3.7322132132132131e+00	1.8622699999999999e-02
3.7322172172172170e+00	2.5075099999999999e-02
3.7322212212212209e+00	3.7678400000000001e-02
3.7322252252252253e+00	6.8615399999999993e-02
3.7322292292292292e+00	1.7964400000000000e-01
3.7322332332332331e+00	4.2058000000000001e-01
3.7322372372372370e+00	9.6805699999999995e-02
3.7322412412412409e+00	2.5129499999999999e-02
3.7322452452452453e+00	8.9051800000000004e-03
3.7322492492492492e+00	3.6153200000000000e-03
3.7322532532532531e+00	1.5201100000000001e-03
3.7322572572572570e+00	6.0862799999999995e-04
3.7322612612612613e+00	2.0553499999999999e-04
3.7322652652652653e+00	4.2595600000000003e-05
3.7322692692692692e+00	1.7161800000000000e-07
3.7322732732732731e+00	2.0269600000000000e-05
3.7322772772772770e+00	7.3016599999999995e-05
3.7322812812812813e+00	1.4233200000000001e-04
3.7322852852852852e+00	2.1929499999999999e-04
3.7322892892892892e+00	2.9886399999999998e-04
3.7322932932932931e+00	3.7818200000000002e-04
3.7322972972972970e+00	4.5564700000000000e-04
3.7323013013013013e+00	5.3039999999999999e-04
3.7323053053053052e+00	6.0201899999999997e-04
3.7323093093093092e+00	6.7034500000000003e-04
3.7323133133133131e+00	7.3537699999999995e-04
3.7323173173173170e+00	7.9720500000000005e-04
3.7323213213213213e+00	8.5596700000000001e-04
3.7323253253253252e+00	9.1182999999999998e-04
3.7323293293293291e+00	9.6497100000000001e-04
3.7323333333333331e+00	1.0155699999999999e-03
3.7323373373373374e+00	1.0637900000000000e-03
3.7323413413413413e+00	1.1098099999999999e-03
3.7323453453453452e+00	1.1537800000000001e-03
3.7323493493493491e+00	1.1958500000000000e-03
3.7323533533533531e+00	1.2361500000000001e-03
3.7323573573573574e+00	1.2748099999999999e-03
3.7323613613613613e+00	1.3119500000000001e-03
3.7323653653653652e+00	1.3476700000000000e-03
3.7323693693693691e+00	1.3820700000000000e-03
3.7323733733733730e+00	1.4152399999999999e-03
3.7323773773773774e+00	1.4472800000000000e-03
3.7323813813813813e+00	1.4782400000000000e-03
3.7323853853853852e+00	1.5082200000000000e-03
3.7323893893893891e+00	1.5372700000000001e-03
3.7323933933933935e+00	1.5654499999999999e-03
3.7323973973973974e+00	1.5928200000000000e-03
3.7324014014014013e+00	1.6194300000000000e-03
3.7324054054054052e+00	1.6453399999999999e-03
3.7324094094094091e+00	1.6705800000000001e-03
3.7324134134134135e+00	1.6952000000000000e-03
3.7324174174174174e+00	1.7192300000000000e-03
3.7324214214214213e+00	1.7427199999999999e-03
3.7324254254254252e+00	1.7656900000000001e-03
3.7324294294294291e+00	1.7881800000000001e-03
3.7324334334334335e+00	1.8102200000000000e-03
3.7324374374374374e+00	1.8318399999999999e-03
3.7324414414414413e+00	1.8530500000000000e-03
3.7324454454454452e+00	1.8738900000000000e-03
3.7324494494494491e+00	1.8943700000000000e-03
3.7324534534534535e+00	1.9145300000000000e-03
3.7324574574574574e+00	1.9343699999999999e-03
3.7324614614614613e+00	1.9539200000000000e-03
3.7324654654654652e+00	1.9732000000000000e-03
3.7324694694694696e+00	1.9922099999999999e-03
3.7324734734734735e+00	2.0109899999999998e-03
3.7324774774774774e+00	2.0295399999999998e-03
3.7324814814814813e+00	2.0478800000000002e-03
3.7324854854854852e+00	2.0660200000000000e-03
3.7324894894894896e+00	2.0839700000000001e-03
3.7324934934934935e+00	2.1017499999999999e-03
3.7324974974974974e+00	2.1193700000000002e-03
3.7325015015015013e+00	2.1368300000000002e-03
3.7325055055055052e+00	2.1541600000000000e-03
3.7325095095095095e+00	2.1713499999999998e-03
3.7325135135135135e+00	2.1884299999999999e-03
3.7325175175175174e+00	2.2053900000000002e-03
3.7325215215215213e+00	2.2222600000000002e-03
3.7325255255255252e+00	2.2390299999999999e-03
3.7325295295295295e+00	2.2557100000000002e-03
3.7325335335335335e+00	2.2723200000000000e-03
3.7325375375375374e+00	2.2888499999999998e-03
3.7325415415415413e+00	2.3053300000000000e-03
3.7325455455455456e+00	2.3217400000000001e-03
3.7325495495495495e+00	2.3381200000000000e-03
3.7325535535535534e+00	2.3544400000000002e-03
3.7325575575575574e+00	2.3707400000000001e-03
3.7325615615615613e+00	2.3869999999999998e-03
3.7325655655655656e+00	2.4032400000000001e-03
3.7325695695695695e+00	2.4194700000000000e-03
3.7325735735735734e+00	2.4356800000000000e-03
3.7325775775775774e+00	2.4518900000000000e-03
3.7325815815815813e+00	2.4680900000000000e-03
3.7325855855855856e+00	2.4843100000000000e-03
3.7325895895895895e+00	2.5005299999999999e-03
3.7325935935935934e+00	2.5167700000000002e-03
3.7325975975975973e+00	2.5330299999999999e-03
3.7326016016016013e+00	2.5493099999999999e-03
3.7326056056056056e+00	2.5656300000000002e-03
3.7326096096096095e+00	2.5819800000000002e-03
3.7326136136136134e+00	2.5983700000000000e-03
3.7326176176176173e+00	2.6148000000000000e-03
3.7326216216216217e+00	2.6312900000000001e-03
3.7326256256256256e+00	2.6478299999999999e-03
3.7326296296296295e+00	2.6644199999999998e-03
3.7326336336336334e+00	2.6810800000000002e-03
3.7326376376376373e+00	2.6978100000000001e-03
3.7326416416416417e+00	2.7146100000000001e-03
3.7326456456456456e+00	2.7314900000000000e-03
3.7326496496496495e+00	2.7484400000000000e-03
3.7326536536536534e+00	2.7654799999999998e-03
3.7326576576576573e+00	2.7826100000000000e-03
3.7326616616616617e+00	2.7998400000000001e-03
3.7326656656656656e+00	2.8171600000000000e-03
3.7326696696696695e+00	2.8345900000000001e-03
3.7326736736736734e+00	2.8521200000000001e-03
3.7326776776776773e+00	2.8697599999999998e-03
3.7326816816816817e+00	2.8875200000000002e-03
3.7326856856856856e+00	2.9053999999999998e-03
3.7326896896896895e+00	2.9234100000000000e-03
3.7326936936936934e+00	2.9415399999999999e-03
3.7326976976976978e+00	2.9598099999999998e-03
3.7327017017017017e+00	2.9782099999999998e-03
3.7327057057057056e+00	2.9967599999999998e-03
3.7327097097097095e+00	3.0154600000000002e-03
3.7327137137137134e+00	3.0343100000000001e-03
3.7327177177177178e+00	3.0533200000000000e-03
3.7327217217217217e+00	3.0724799999999998e-03
3.7327257257257256e+00	3.0918199999999999e-03
3.7327297297297295e+00	3.1113299999999998e-03
3.7327337337337334e+00	3.1310100000000000e-03
3.7327377377377378e+00	3.1508800000000000e-03
3.7327417417417417e+00	3.1709300000000002e-03
3.7327457457457456e+00	3.1911800000000001e-03
3.7327497497497495e+00	3.2116200000000001e-03
3.7327537537537538e+00	3.2322700000000002e-03
3.7327577577577578e+00	3.2531299999999999e-03
3.7327617617617617e+00	3.2742000000000001e-03
3.7327657657657656e+00	3.2954899999999999e-03
3.7327697697697695e+00	3.3170100000000000e-03
3.7327737737737738e+00	3.3387600000000001e-03
3.7327777777777778e+00	3.3607500000000000e-03
3.7327817817817817e+00	3.3829799999999998e-03
3.7327857857857856e+00	3.4054599999999999e-03
3.7327897897897895e+00	3.4282000000000002e-03
3.7327937937937938e+00	3.4512100000000001e-03
3.7327977977977977e+00	3.4744899999999998e-03
3.7328018018018017e+00	3.4980400000000000e-03
3.7328058058058056e+00	3.5218799999999998e-03
3.7328098098098095e+00	3.5460200000000000e-03
3.7328138138138138e+00	3.5704500000000002e-03
3.7328178178178177e+00	3.5951899999999998e-03
3.7328218218218217e+00	3.6202399999999998e-03
3.7328258258258256e+00	3.6456200000000000e-03
3.7328298298298299e+00	3.6713399999999999e-03
3.7328338338338338e+00	3.6973900000000001e-03
3.7328378378378377e+00	3.7237899999999998e-03
3.7328418418418416e+00	3.7505500000000001e-03
3.7328458458458456e+00	3.7776699999999999e-03
3.7328498498498499e+00	3.8051800000000000e-03
3.7328538538538538e+00	3.8330700000000001e-03
3.7328578578578577e+00	3.8613499999999999e-03
3.7328618618618616e+00	3.8900400000000000e-03
3.7328658658658656e+00	3.9191499999999997e-03
3.7328698698698699e+00	3.9486900000000004e-03
3.7328738738738738e+00	3.9786700000000001e-03
3.7328778778778777e+00	4.0090999999999998e-03
3.7328818818818816e+00	4.0399900000000002e-03
3.7328858858858855e+00	4.0713600000000004e-03
3.7328898898898899e+00	4.1032100000000004e-03
3.7328938938938938e+00	4.1355699999999999e-03
3.7328978978978977e+00	4.1684399999999998e-03
3.7329019019019016e+00	4.2018400000000001e-03
3.7329059059059060e+00	4.2357799999999998e-03
3.7329099099099099e+00	4.2702800000000004e-03
3.7329139139139138e+00	4.3053500000000003e-03
3.7329179179179177e+00	4.3410100000000002e-03
3.7329219219219216e+00	4.3772699999999999e-03
3.7329259259259260e+00	4.4141600000000003e-03
3.7329299299299299e+00	4.4516800000000004e-03
3.7329339339339338e+00	4.4898600000000000e-03
3.7329379379379377e+00	4.5287200000000000e-03
3.7329419419419416e+00	4.5682700000000001e-03
3.7329459459459460e+00	4.6085299999999996e-03
3.7329499499499499e+00	4.6495399999999997e-03
3.7329539539539538e+00	4.6912899999999999e-03
3.7329579579579577e+00	4.7338299999999996e-03
3.7329619619619616e+00	4.7771699999999999e-03
3.7329659659659660e+00	4.8213400000000003e-03
3.7329699699699699e+00	4.8663600000000001e-03
3.7329739739739738e+00	4.9122499999999999e-03
3.7329779779779777e+00	4.9590499999999996e-03
3.7329819819819821e+00	5.0067699999999998e-03
3.7329859859859860e+00	5.0554600000000003e-03
3.7329899899899899e+00	5.1051400000000002e-03
3.7329939939939938e+00	5.1558400000000001e-03
3.7329979979979977e+00	5.2075899999999998e-03
3.7330020020020021e+00	5.2604300000000000e-03
3.7330060060060060e+00	5.3143799999999996e-03
3.7330100100100099e+00	5.3695000000000001e-03
3.7330140140140138e+00	5.4258099999999997e-03
3.7330180180180177e+00	5.4833599999999996e-03
3.7330220220220220e+00	5.5421899999999998e-03
3.7330260260260260e+00	5.6023300000000000e-03
3.7330300300300299e+00	5.6638399999999998e-03
3.7330340340340338e+00	5.7267600000000000e-03
3.7330380380380381e+00	5.7911400000000002e-03
3.7330420420420420e+00	5.8570300000000000e-03
3.7330460460460460e+00	5.9244900000000001e-03
3.7330500500500499e+00	5.9935600000000002e-03
3.7330540540540538e+00	6.0643199999999998e-03
3.7330580580580581e+00	6.1368100000000004e-03
3.7330620620620620e+00	6.2110999999999998e-03
3.7330660660660659e+00	6.2872600000000002e-03
3.7330700700700699e+00	6.3653700000000004e-03
3.7330740740740738e+00	6.4454800000000000e-03
3.7330780780780781e+00	6.5276800000000001e-03
3.7330820820820820e+00	6.6120600000000003e-03
3.7330860860860859e+00	6.6986800000000003e-03
3.7330900900900899e+00	6.7876500000000001e-03
3.7330940940940938e+00	6.8790600000000002e-03
3.7330980980980981e+00	6.9730000000000000e-03
3.7331021021021020e+00	7.0695799999999998e-03
3.7331061061061059e+00	7.1689099999999997e-03
3.7331101101101098e+00	7.2711000000000000e-03
3.7331141141141142e+00	7.3762699999999999e-03
3.7331181181181181e+00	7.4845500000000004e-03
3.7331221221221220e+00	7.5960699999999999e-03
3.7331261261261259e+00	7.7109800000000001e-03
3.7331301301301298e+00	7.8294300000000001e-03
3.7331341341341342e+00	7.9515699999999998e-03
3.7331381381381381e+00	8.0775699999999992e-03
3.7331421421421420e+00	8.2076100000000006e-03
3.7331461461461459e+00	8.3418699999999995e-03
3.7331501501501498e+00	8.4805699999999998e-03
3.7331541541541542e+00	8.6239000000000003e-03
3.7331581581581581e+00	8.7720899999999997e-03
3.7331621621621620e+00	8.9253900000000001e-03
3.7331661661661659e+00	9.0840399999999998e-03
3.7331701701701698e+00	9.2483099999999992e-03
3.7331741741741742e+00	9.4184999999999998e-03
3.7331781781781781e+00	9.5949000000000000e-03
3.7331821821821820e+00	9.7778599999999993e-03
3.7331861861861859e+00	9.9677099999999994e-03
3.7331901901901903e+00	1.0164800000000000e-02
3.7331941941941942e+00	1.0369600000000000e-02
3.7331981981981981e+00	1.0582500000000000e-02
3.7332022022022020e+00	1.0803999999999999e-02
3.7332062062062059e+00	1.1034499999999999e-02
3.7332102102102103e+00	1.1274500000000000e-02
3.7332142142142142e+00	1.1524800000000000e-02
3.7332182182182181e+00	1.1785800000000001e-02
3.7332222222222220e+00	1.2058200000000000e-02
3.7332262262262259e+00	1.2342799999999999e-02
3.7332302302302303e+00	1.2640200000000001e-02
3.7332342342342342e+00	1.2951499999999999e-02
3.7332382382382381e+00	1.3277300000000001e-02
3.7332422422422420e+00	1.3618900000000000e-02
3.7332462462462459e+00	1.3977099999999999e-02
3.7332502502502503e+00	1.4353200000000000e-02
3.7332542542542542e+00	1.4748400000000000e-02
3.7332582582582581e+00	1.5164199999999999e-02
3.7332622622622620e+00	1.5601900000000000e-02
3.7332662662662663e+00	1.6063399999999999e-02
3.7332702702702703e+00	1.6550300000000000e-02
3.7332742742742742e+00	1.7064699999999999e-02
3.7332782782782781e+00	1.7608900000000000e-02
3.7332822822822820e+00	1.8185099999999999e-02
3.7332862862862863e+00	1.8796100000000000e-02
3.7332902902902902e+00	1.9444900000000001e-02
3.7332942942942942e+00	2.0134599999999999e-02
3.7332982982982981e+00	2.0869100000000002e-02
3.7333023023023020e+00	2.1652399999999999e-02
3.7333063063063063e+00	2.2488999999999999e-02
3.7333103103103102e+00	2.3383999999999999e-02
3.7333143143143142e+00	2.4343199999999999e-02
3.7333183183183181e+00	2.5373000000000000e-02
3.7333223223223224e+00	2.6480699999999999e-02
3.7333263263263263e+00	2.7674600000000001e-02
3.7333303303303302e+00	2.8964000000000000e-02
3.7333343343343341e+00	3.0359600000000000e-02
3.7333383383383381e+00	3.1873699999999998e-02
3.7333423423423424e+00	3.3520200000000000e-02
3.7333463463463463e+00	3.5315300000000001e-02
3.7333503503503502e+00	3.7277600000000001e-02
3.7333543543543541e+00	3.9428800000000000e-02
3.7333583583583581e+00	4.1793799999999999e-02
3.7333623623623624e+00	4.4402200000000003e-02
3.7333663663663663e+00	4.7288499999999997e-02
3.7333703703703702e+00	5.0493299999999998e-02
3.7333743743743741e+00	5.4064800000000003e-02
3.7333783783783780e+00	5.8060199999999999e-02
3.7333823823823824e+00	6.2547900000000003e-02
3.7333863863863863e+00	6.7609900000000001e-02
3.7333903903903902e+00	7.3344699999999999e-02
3.7333943943943941e+00	7.9871499999999998e-02
3.7333983983983985e+00	8.7334599999999998e-02
3.7334024024024024e+00	9.5908700000000000e-02
3.7334064064064063e+00	1.0580600000000000e-01
3.7334104104104102e+00	1.1728200000000000e-01
3.7334144144144141e+00	1.3064300000000001e-01
3.7334184184184185e+00	1.4625099999999999e-01
3.7334224224224224e+00	1.6452000000000000e-01
3.7334264264264263e+00	1.8590000000000001e-01
3.7334304304304302e+00	2.1083499999999999e-01
3.7334344344344341e+00	2.3966000000000001e-01
3.7334384384384385e+00	2.7242200000000000e-01
3.7334424424424424e+00	3.0857600000000002e-01
3.7334464464464463e+00	3.4655100000000000e-01
3.7334504504504502e+00	3.8332200000000000e-01
3.7334544544544541e+00	4.1428399999999999e-01
3.7334584584584585e+00	4.3396000000000001e-01
3.7334624624624624e+00	4.3777500000000003e-01
3.7334664664664663e+00	4.2415900000000001e-01
3.7334704704704702e+00	3.9548299999999997e-01
3.7334744744744746e+00	3.5694500000000001e-01
3.7334784784784785e+00	3.1434600000000001e-01
3.7334824824824824e+00	2.7230199999999999e-01
3.7334864864864863e+00	2.3363500000000001e-01
3.7334904904904902e+00	1.9960500000000000e-01
3.7334944944944946e+00	1.7044200000000001e-01
3.7334984984984985e+00	1.4582200000000001e-01
3.7335025025025024e+00	1.2519100000000000e-01
3.7335065065065063e+00	1.0794700000000000e-01
3.7335105105105102e+00	9.3522400000000006e-02
3.7335145145145145e+00	8.1425100000000000e-02
3.7335185185185185e+00	7.1239700000000003e-02
3.7335225225225224e+00	6.2624700000000005e-02
3.7335265265265263e+00	5.5301999999999997e-02
3.7335305305305302e+00	4.9046199999999998e-02
3.7335345345345345e+00	4.3674699999999997e-02
3.7335385385385385e+00	3.9039900000000002e-02
3.7335425425425424e+00	3.5021400000000001e-02
3.7335465465465463e+00	3.1521399999999998e-02
3.7335505505505506e+00	2.8459499999999999e-02
3.7335545545545545e+00	2.5769700000000000e-02
3.7335585585585584e+00	2.3397500000000002e-02
3.7335625625625624e+00	2.1297500000000000e-02
3.7335665665665663e+00	1.9431799999999999e-02
3.7335705705705706e+00	1.7768800000000001e-02
3.7335745745745745e+00	1.6281799999999999e-02
3.7335785785785784e+00	1.4947999999999999e-02
3.7335825825825824e+00	1.3748399999999999e-02
3.7335865865865863e+00	1.2666600000000000e-02
3.7335905905905906e+00	1.1688400000000000e-02
3.7335945945945945e+00	1.0801800000000000e-02
3.7335985985985984e+00	9.9965100000000001e-03
3.7336026026026023e+00	9.2633600000000000e-03
3.7336066066066063e+00	8.5945599999999994e-03
3.7336106106106106e+00	7.9832700000000006e-03
3.7336146146146145e+00	7.4235000000000004e-03
3.7336186186186184e+00	6.9100200000000002e-03
3.7336226226226223e+00	6.4381999999999998e-03
3.7336266266266267e+00	6.0039700000000000e-03
3.7336306306306306e+00	5.6037300000000003e-03
3.7336346346346345e+00	5.2342899999999999e-03
3.7336386386386384e+00	4.8928100000000000e-03
3.7336426426426423e+00	4.5767500000000001e-03
3.7336466466466467e+00	4.2838700000000004e-03
3.7336506506506506e+00	4.0121300000000000e-03
3.7336546546546545e+00	3.7597199999999998e-03
3.7336586586586584e+00	3.5250099999999999e-03
3.7336626626626623e+00	3.3065400000000002e-03
3.7336666666666667e+00	3.1029800000000000e-03
3.7336706706706706e+00	2.9131299999999999e-03
3.7336746746746745e+00	2.7359200000000002e-03
3.7336786786786784e+00	2.5703499999999999e-03
3.7336826826826828e+00	2.4155399999999999e-03
3.7336866866866867e+00	2.2706699999999998e-03
3.7336906906906906e+00	2.1350100000000001e-03
3.7336946946946945e+00	2.0078800000000001e-03
3.7336986986986984e+00	1.8886700000000001e-03
3.7337027027027028e+00	1.7768000000000000e-03
3.7337067067067067e+00	1.6717600000000000e-03
3.7337107107107106e+00	1.5730799999999999e-03
3.7337147147147145e+00	1.4803300000000000e-03
3.7337187187187184e+00	1.3931000000000000e-03
3.7337227227227228e+00	1.3110200000000000e-03
3.7337267267267267e+00	1.2337500000000000e-03
3.7337307307307306e+00	1.1609800000000000e-03
3.7337347347347345e+00	1.0924200000000000e-03
3.7337387387387384e+00	1.0278100000000001e-03
3.7337427427427428e+00	9.6688099999999995e-04
3.7337467467467467e+00	9.0941999999999998e-04
3.7337507507507506e+00	8.5520799999999999e-04
3.7337547547547545e+00	8.0404800000000002e-04
3.7337587587587588e+00	7.5575700000000002e-04
3.7337627627627628e+00	7.1016199999999997e-04
3.7337667667667667e+00	6.6710499999999998e-04
3.7337707707707706e+00	6.2643599999999996e-04
3.7337747747747745e+00	5.8801899999999995e-04
3.7337787787787788e+00	5.5172399999999996e-04
3.7337827827827827e+00	5.1742900000000002e-04
3.7337867867867867e+00	4.8502400000000002e-04
3.7337907907907906e+00	4.5440100000000000e-04
3.7337947947947945e+00	4.2546400000000002e-04
3.7337987987987988e+00	3.9811799999999999e-04
3.7338028028028027e+00	3.7227899999999999e-04
3.7338068068068067e+00	3.4786399999999997e-04
3.7338108108108106e+00	3.2479800000000000e-04
3.7338148148148145e+00	3.0300900000000003e-04
3.7338188188188188e+00	2.8243000000000002e-04
3.7338228228228227e+00	2.6299700000000000e-04
3.7338268268268267e+00	2.4465199999999999e-04
3.7338308308308306e+00	2.2733800000000000e-04
3.7338348348348349e+00	2.1100399999999999e-04
3.7338388388388388e+00	1.9559800000000001e-04
3.7338428428428427e+00	1.8107500000000000e-04
3.7338468468468466e+00	1.6739000000000001e-04
3.7338508508508506e+00	1.5450100000000000e-04
3.7338548548548549e+00	1.4237000000000001e-04
3.7338588588588588e+00	1.3095899999999999e-04
3.7338628628628627e+00	1.2023300000000000e-04
3.7338668668668666e+00	1.1015900000000000e-04
3.7338708708708706e+00	1.0070599999999999e-04
3.7338748748748749e+00	9.1843100000000002e-05
3.7338788788788788e+00	8.3542999999999996e-05
3.7338828828828827e+00	7.5778900000000000e-05
3.7338868868868866e+00	6.8525400000000000e-05
3.7338908908908905e+00	6.1758699999999995e-05
3.7338948948948949e+00	5.5455999999999999e-05
3.7338988988988988e+00	4.9595899999999997e-05
3.7339029029029027e+00	4.4157699999999999e-05
3.7339069069069066e+00	3.9122100000000003e-05
3.7339109109109110e+00	3.4470700000000002e-05
3.7339149149149149e+00	3.0185999999999999e-05
3.7339189189189188e+00	2.6251200000000000e-05
3.7339229229229227e+00	2.2650499999999999e-05
3.7339269269269266e+00	1.9368800000000000e-05
3.7339309309309310e+00	1.6391800000000001e-05
3.7339349349349349e+00	1.3705900000000000e-05
3.7339389389389388e+00	1.1297999999999999e-05
3.7339429429429427e+00	9.1558199999999994e-06
3.7339469469469466e+00	7.2674699999999999e-06
3.7339509509509510e+00	5.6217599999999999e-06
3.7339549549549549e+00	4.2079500000000001e-06
3.7339589589589588e+00	3.0158399999999998e-06
3.7339629629629627e+00	2.0356699999999999e-06
3.7339669669669671e+00	1.2581399999999999e-06
3.7339709709709710e+00	6.7437799999999998e-07
3.7339749749749749e+00	2.7590999999999999e-07
3.7339789789789788e+00	5.4644800000000000e-08
3.7339829829829827e+00	2.8541200000000001e-09
3.7339869869869871e+00	1.1315500000000000e-07
3.7339909909909910e+00	3.7849300000000003e-07
3.7339949949949949e+00	7.9212400000000003e-07
3.7339989989989988e+00	1.3476000000000000e-06
3.7340030030030027e+00	2.0387600000000000e-06
3.7340070070070071e+00	2.8597100000000002e-06
3.7340110110110110e+00	3.8048000000000000e-06
3.7340150150150149e+00	4.8686299999999998e-06
3.7340190190190188e+00	6.0460500000000003e-06
3.7340230230230227e+00	7.3320999999999996e-06
3.7340270270270270e+00	8.7220599999999996e-06
3.7340310310310310e+00	1.0211400000000000e-05
3.7340350350350349e+00	1.1795700000000000e-05
3.7340390390390388e+00	1.3470900000000000e-05
3.7340430430430431e+00	1.5233000000000000e-05
3.7340470470470470e+00	1.7078099999999998e-05
3.7340510510510510e+00	1.9002600000000000e-05
3.7340550550550549e+00	2.1002999999999999e-05
3.7340590590590588e+00	2.3075900000000000e-05
3.7340630630630631e+00	2.5218099999999998e-05
3.7340670670670670e+00	2.7426499999999999e-05
3.7340710710710709e+00	2.9698099999999999e-05
3.7340750750750749e+00	3.2030099999999997e-05
3.7340790790790788e+00	3.4419599999999998e-05
3.7340830830830831e+00	3.6864199999999998e-05
3.7340870870870870e+00	3.9361299999999999e-05
3.7340910910910909e+00	4.1908400000000000e-05
3.7340950950950949e+00	4.4503299999999998e-05
3.7340990990990988e+00	4.7143700000000001e-05
3.7341031031031031e+00	4.9827499999999997e-05
3.7341071071071070e+00	5.2552600000000002e-05
3.7341111111111109e+00	5.5316999999999999e-05
3.7341151151151148e+00	5.8118899999999997e-05
3.7341191191191192e+00	6.0956399999999998e-05
3.7341231231231231e+00	6.3827700000000006e-05
3.7341271271271270e+00	6.6731300000000003e-05
3.7341311311311309e+00	6.9665400000000006e-05
3.7341351351351348e+00	7.2628500000000004e-05
3.7341391391391392e+00	7.5619100000000002e-05
3.7341431431431431e+00	7.8635799999999997e-05
3.7341471471471470e+00	8.1677199999999998e-05
3.7341511511511509e+00	8.4741999999999996e-05
3.7341551551551548e+00	8.7828899999999995e-05
3.7341591591591592e+00	9.0936599999999999e-05
3.7341631631631631e+00	9.4063999999999999e-05
3.7341671671671670e+00	9.7209999999999999e-05
3.7341711711711709e+00	1.0037300000000000e-04
3.7341751751751748e+00	1.0355300000000000e-04
3.7341791791791792e+00	1.0674800000000000e-04
3.7341831831831831e+00	1.0995800000000001e-04
3.7341871871871870e+00	1.1318100000000000e-04
3.7341911911911909e+00	1.1641699999999999e-04
3.7341951951951953e+00	1.1966400000000000e-04
3.7341991991991992e+00	1.2292299999999999e-04
3.7342032032032031e+00	1.2619100000000000e-04
3.7342072072072070e+00	1.2946900000000000e-04
3.7342112112112109e+00	1.3275500000000000e-04
3.7342152152152153e+00	1.3605000000000000e-04
3.7342192192192192e+00	1.3935099999999999e-04
3.7342232232232231e+00	1.4265900000000000e-04
3.7342272272272270e+00	1.4597300000000001e-04
3.7342312312312309e+00	1.4929200000000001e-04
3.7342352352352353e+00	1.5261600000000000e-04
3.7342392392392392e+00	1.5594400000000001e-04
3.7342432432432431e+00	1.5927500000000001e-04
3.7342472472472470e+00	1.6260999999999999e-04
3.7342512512512513e+00	1.6594700000000000e-04
3.7342552552552553e+00	1.6928599999999999e-04
3.7342592592592592e+00	1.7262700000000001e-04
3.7342632632632631e+00	1.7596900000000000e-04
3.7342672672672670e+00	1.7931199999999999e-04
3.7342712712712713e+00	1.8265499999999999e-04
3.7342752752752753e+00	1.8599799999999999e-04
3.7342792792792792e+00	1.8934000000000000e-04
3.7342832832832831e+00	1.9268200000000001e-04
3.7342872872872870e+00	1.9602199999999999e-04
3.7342912912912913e+00	1.9936100000000000e-04
3.7342952952952952e+00	2.0269900000000001e-04
3.7342992992992992e+00	2.0603400000000001e-04
3.7343033033033031e+00	2.0936600000000000e-04
3.7343073073073070e+00	2.1269600000000001e-04
3.7343113113113113e+00	2.1602300000000000e-04
3.7343153153153152e+00	2.1934600000000001e-04
3.7343193193193192e+00	2.2266600000000000e-04
3.7343233233233231e+00	2.2598299999999999e-04
3.7343273273273274e+00	2.2929499999999999e-04
3.7343313313313313e+00	2.3260300000000001e-04
3.7343353353353352e+00	2.3590600000000000e-04
3.7343393393393391e+00	2.3920500000000001e-04
3.7343433433433431e+00	2.4249900000000000e-04
3.7343473473473474e+00	2.4578799999999999e-04
3.7343513513513513e+00	2.4907199999999998e-04
3.7343553553553552e+00	2.5234999999999998e-04
3.7343593593593591e+00	2.5562200000000000e-04
3.7343633633633631e+00	2.5888899999999999e-04
3.7343673673673674e+00	2.6215000000000000e-04
3.7343713713713713e+00	2.6540500000000002e-04
3.7343753753753752e+00	2.6865400000000001e-04
3.7343793793793791e+00	2.7189599999999999e-04
3.7343833833833830e+00	2.7513199999999998e-04
3.7343873873873874e+00	2.7836199999999999e-04
3.7343913913913913e+00	2.8158399999999998e-04
3.7343953953953952e+00	2.8479999999999998e-04
3.7343993993993991e+00	2.8800899999999999e-04
3.7344034034034035e+00	2.9121099999999999e-04
3.7344074074074074e+00	2.9440599999999999e-04
3.7344114114114113e+00	2.9759399999999998e-04
3.7344154154154152e+00	3.0077400000000002e-04
3.7344194194194191e+00	3.0394700000000000e-04
3.7344234234234235e+00	3.0711300000000003e-04
3.7344274274274274e+00	3.1027099999999998e-04
3.7344314314314313e+00	3.1342099999999998e-04
3.7344354354354352e+00	3.1656399999999997e-04
3.7344394394394391e+00	3.1969900000000000e-04
3.7344434434434435e+00	3.2282699999999998e-04
3.7344474474474474e+00	3.2594600000000003e-04
3.7344514514514513e+00	3.2905800000000002e-04
3.7344554554554552e+00	3.3216099999999998e-04
3.7344594594594591e+00	3.3525699999999999e-04
3.7344634634634635e+00	3.3834499999999999e-04
3.7344674674674674e+00	3.4142400000000000e-04
3.7344714714714713e+00	3.4449600000000002e-04
3.7344754754754752e+00	3.4755900000000000e-04
3.7344794794794796e+00	3.5061400000000001e-04
3.7344834834834835e+00	3.5366100000000001e-04
3.7344874874874874e+00	3.5670000000000000e-04
3.7344914914914913e+00	3.5973000000000000e-04
3.7344954954954952e+00	3.6275300000000000e-04
3.7344994994994996e+00	3.6576700000000002e-04
3.7345035035035035e+00	3.6877200000000001e-04
3.7345075075075074e+00	3.7176899999999998e-04
3.7345115115115113e+00	3.7475799999999999e-04
3.7345155155155152e+00	3.7773899999999998e-04
3.7345195195195195e+00	3.8071099999999999e-04
3.7345235235235235e+00	3.8367499999999999e-04
3.7345275275275274e+00	3.8663000000000000e-04
3.7345315315315313e+00	3.8957700000000000e-04
3.7345355355355352e+00	3.9251599999999998e-04
3.7345395395395395e+00	3.9544599999999998e-04
3.7345435435435435e+00	3.9836700000000000e-04
3.7345475475475474e+00	4.0128100000000002e-04
3.7345515515515513e+00	4.0418600000000001e-04
3.7345555555555556e+00	4.0708200000000002e-04
3.7345595595595595e+00	4.0997000000000001e-04
3.7345635635635634e+00	4.1284999999999998e-04
3.7345675675675674e+00	4.1572199999999999e-04
3.7345715715715713e+00	4.1858500000000002e-04
3.7345755755755756e+00	4.2143900000000001e-04
3.7345795795795795e+00	4.2428499999999999e-04
3.7345835835835834e+00	4.2712300000000001e-04
3.7345875875875874e+00	4.2995300000000001e-04
3.7345915915915913e+00	4.3277399999999997e-04
3.7345955955955956e+00	4.3558699999999998e-04
3.7345995995995995e+00	4.3839100000000000e-04
3.7346036036036034e+00	4.4118800000000002e-04
3.7346076076076073e+00	4.4397600000000001e-04
3.7346116116116117e+00	4.4675500000000001e-04
3.7346156156156156e+00	4.4952700000000002e-04
3.7346196196196195e+00	4.5228999999999999e-04
3.7346236236236234e+00	4.5504500000000000e-04
3.7346276276276273e+00	4.5779200000000000e-04
3.7346316316316317e+00	4.6053100000000003e-04
3.7346356356356356e+00	4.6326100000000002e-04
3.7346396396396395e+00	4.6598400000000002e-04
3.7346436436436434e+00	4.6869799999999998e-04
3.7346476476476473e+00	4.7140399999999997e-04
3.7346516516516517e+00	4.7410300000000002e-04
3.7346556556556556e+00	4.7679299999999999e-04
3.7346596596596595e+00	4.7947499999999999e-04
3.7346636636636634e+00	4.8214900000000002e-04
3.7346676676676673e+00	4.8481499999999999e-04
3.7346716716716717e+00	4.8747400000000000e-04
3.7346756756756756e+00	4.9012399999999999e-04
3.7346796796796795e+00	4.9276599999999995e-04
3.7346836836836834e+00	4.9540100000000002e-04
3.7346876876876878e+00	4.9802799999999997e-04
3.7346916916916917e+00	5.0064599999999999e-04
3.7346956956956956e+00	5.0325800000000003e-04
3.7346996996996995e+00	5.0586100000000003e-04
3.7347037037037034e+00	5.0845700000000003e-04
3.7347077077077078e+00	5.1104399999999999e-04
3.7347117117117117e+00	5.1362499999999998e-04
3.7347157157157156e+00	5.1619700000000003e-04
3.7347197197197195e+00	5.1876199999999998e-04
3.7347237237237234e+00	5.2132000000000003e-04
3.7347277277277278e+00	5.2386900000000005e-04
3.7347317317317317e+00	5.2641199999999997e-04
3.7347357357357356e+00	5.2894599999999997e-04
3.7347397397397395e+00	5.3147399999999999e-04
3.7347437437437434e+00	5.3399399999999998e-04
3.7347477477477478e+00	5.3650599999999996e-04
3.7347517517517517e+00	5.3901100000000005e-04
3.7347557557557556e+00	5.4150900000000002e-04
3.7347597597597595e+00	5.4399899999999998e-04
3.7347637637637638e+00	5.4648200000000004e-04
3.7347677677677678e+00	5.4895800000000000e-04
3.7347717717717717e+00	5.5142600000000004e-04
3.7347757757757756e+00	5.5388699999999998e-04
3.7347797797797795e+00	5.5634100000000002e-04
3.7347837837837838e+00	5.5878799999999995e-04
3.7347877877877877e+00	5.6122799999999999e-04
3.7347917917917917e+00	5.6366100000000002e-04
3.7347957957957956e+00	5.6608600000000004e-04
3.7347997997997995e+00	5.6850499999999997e-04
3.7348038038038038e+00	5.7091700000000000e-04
3.7348078078078077e+00	5.7332100000000001e-04
3.7348118118118117e+00	5.7571900000000004e-04
3.7348158158158156e+00	5.7810999999999995e-04
3.7348198198198195e+00	5.8049399999999998e-04
3.7348238238238238e+00	5.8287100000000000e-04
3.7348278278278277e+00	5.8524100000000002e-04
3.7348318318318316e+00	5.8760400000000003e-04
3.7348358358358356e+00	5.8996099999999996e-04
3.7348398398398399e+00	5.9231099999999999e-04
3.7348438438438438e+00	5.9465400000000002e-04
3.7348478478478477e+00	5.9699000000000004e-04
3.7348518518518516e+00	5.9931999999999997e-04
3.7348558558558556e+00	6.0164400000000003e-04
3.7348598598598599e+00	6.0395999999999996e-04
3.7348638638638638e+00	6.0627000000000001e-04
3.7348678678678677e+00	6.0857399999999996e-04
3.7348718718718716e+00	6.1087100000000003e-04
3.7348758758758756e+00	6.1316200000000000e-04
3.7348798798798799e+00	6.1544599999999996e-04
3.7348838838838838e+00	6.1772400000000005e-04
3.7348878878878877e+00	6.1999500000000003e-04
3.7348918918918916e+00	6.2226100000000004e-04
3.7348958958958960e+00	6.2451900000000003e-04
3.7348998998998999e+00	6.2677200000000005e-04
3.7349039039039038e+00	6.2901799999999996e-04
3.7349079079079077e+00	6.3125799999999999e-04
3.7349119119119116e+00	6.3349200000000004e-04
3.7349159159159160e+00	6.3571999999999999e-04
3.7349199199199199e+00	6.3794100000000005e-04
3.7349239239239238e+00	6.4015700000000003e-04
3.7349279279279277e+00	6.4236600000000001e-04
3.7349319319319316e+00	6.4456900000000000e-04
3.7349359359359360e+00	6.4676600000000001e-04
3.7349399399399399e+00	6.4895800000000004e-04
3.7349439439439438e+00	6.5114299999999997e-04
3.7349479479479477e+00	6.5332200000000002e-04
3.7349519519519516e+00	6.5549599999999999e-04
3.7349559559559560e+00	6.5766299999999995e-04
3.7349599599599599e+00	6.5982499999999995e-04
3.7349639639639638e+00	6.6198099999999996e-04
3.7349679679679677e+00	6.6413099999999999e-04
3.7349719719719721e+00	6.6627500000000003e-04
3.7349759759759760e+00	6.6841399999999999e-04
3.7349799799799799e+00	6.7054699999999996e-04
3.7349839839839838e+00	6.7267399999999995e-04
3.7349879879879877e+00	6.7479499999999995e-04
3.7349919919919921e+00	6.7691099999999998e-04
3.7349959959959960e+00	6.7902100000000003e-04
3.7349999999999999e+00	6.8112600000000000e-04
