3.520159999999999956e-01
3.519789999999999863e-01
3.518660000000000121e-01
3.516779999999999906e-01
3.514160000000000061e-01
3.510789999999999744e-01
3.506679999999999797e-01
3.501830000000000220e-01
3.496250000000000191e-01
3.489949999999999997e-01
3.482919999999999905e-01
3.475179999999999936e-01
3.466739999999999822e-01
3.457600000000000118e-01
3.447770000000000001e-01
3.437270000000000048e-01
3.426100000000000256e-01
3.414280000000000093e-01
3.401819999999999844e-01
3.388720000000000065e-01
3.375009999999999954e-01
3.360710000000000086e-01
3.345810000000000173e-01
3.330339999999999967e-01
3.314320000000000044e-01
3.297749999999999848e-01
3.280669999999999975e-01
3.263079999999999870e-01
3.245000000000000107e-01
3.226459999999999884e-01
3.207459999999999756e-01
3.188039999999999763e-01
3.168210000000000193e-01
3.147989999999999955e-01
3.127389999999999892e-01
3.106459999999999777e-01
3.085189999999999877e-01
3.063629999999999964e-01
3.041780000000000039e-01
3.019669999999999854e-01
2.997330000000000272e-01
2.974780000000000202e-01
2.952040000000000219e-01
2.929140000000000077e-01
2.906099999999999794e-01
2.882950000000000235e-01
2.859709999999999752e-01
2.836409999999999765e-01
2.813069999999999737e-01
2.789730000000000265e-01
2.766410000000000258e-01
2.743140000000000023e-01
2.719940000000000135e-01
2.696859999999999813e-01
2.673909999999999898e-01
2.651129999999999876e-01
2.628559999999999786e-01
2.606220000000000203e-01
2.584150000000000058e-01
2.562389999999999946e-01
2.540979999999999905e-01
2.519950000000000245e-01
2.499349999999999905e-01
2.479220000000000035e-01
2.459610000000000130e-01
2.440569999999999962e-01
2.422140000000000126e-01
2.404399999999999871e-01
2.387410000000000088e-01
2.371219999999999994e-01
2.355919999999999959e-01
2.341580000000000050e-01
2.328290000000000082e-01
2.316169999999999896e-01
2.305300000000000127e-01
2.295830000000000093e-01
2.287879999999999914e-01
2.281630000000000047e-01
2.277240000000000097e-01
2.274930000000000008e-01
2.274930000000000008e-01
2.277530000000000110e-01
2.283060000000000089e-01
2.291890000000000038e-01
2.304479999999999862e-01
2.321370000000000100e-01
2.343230000000000035e-01
2.370849999999999902e-01
2.405210000000000126e-01
2.447509999999999963e-01
2.499270000000000103e-01
2.562389999999999946e-01
2.639290000000000247e-01
2.733099999999999974e-01
2.847839999999999816e-01
2.988750000000000018e-01
3.162610000000000143e-01
3.377970000000000139e-01
3.644899999999999807e-01
3.972939999999999805e-01
4.363279999999999936e-01
4.784809999999999897e-01
5.112989999999999480e-01
5.029869999999999619e-01
4.075219999999999954e-01
2.120199999999999863e-01
5.808289999999999981e-02
3.789809999999999707e-02
2.738370000000000040e-02
2.073190000000000102e-02
1.612359999999999835e-02
1.275459999999999962e-02
1.020259999999999917e-02
8.220770000000000508e-03
6.653799999999999645e-03
5.398349999999999677e-03
4.382780000000000183e-03
3.555669999999999924e-03
2.879140000000000085e-03
2.324580000000000136e-03
1.869999999999999917e-03
1.498210000000000037e-03
1.195560000000000025e-03
9.510900000000000300e-04
7.558979999999999649e-04
6.026830000000000164e-04
4.854050000000000053e-04
3.990260000000000248e-04
3.393150000000000267e-04
3.026990000000000236e-04
2.861380000000000173e-04
2.870360000000000077e-04
3.031640000000000268e-04
3.326000000000000072e-04
3.736810000000000023e-04
4.249599999999999970e-04
4.851780000000000090e-04
5.532319999999999642e-04
6.281569999999999558e-04
7.091029999999999903e-04
7.953199999999999679e-04
8.861500000000000453e-04
9.810050000000000714e-04
1.079370000000000069e-03
1.180779999999999981e-03
1.284830000000000043e-03
1.391160000000000009e-03
1.499429999999999947e-03
1.609369999999999941e-03
1.720710000000000078e-03
1.833229999999999929e-03
1.946699999999999993e-03
2.060970000000000076e-03
2.175840000000000066e-03
2.291189999999999807e-03
2.406880000000000130e-03
2.522790000000000015e-03
2.638810000000000114e-03
2.754850000000000094e-03
2.870839999999999937e-03
2.986690000000000178e-03
3.102329999999999931e-03
3.217719999999999868e-03
3.332789999999999971e-03
3.447500000000000044e-03
3.561819999999999830e-03
3.675700000000000061e-03
3.789119999999999988e-03
3.902049999999999789e-03
4.014460000000000077e-03
4.126330000000000102e-03
4.237659999999999864e-03
4.348420000000000410e-03
4.458610000000000004e-03
4.568209999999999632e-03
4.677220000000000162e-03
4.785639999999999859e-03
4.893449999999999710e-03
5.000659999999999654e-03
5.107269999999999692e-03
5.213269999999999883e-03
5.318680000000000109e-03
5.423479999999999621e-03
5.527699999999999975e-03
5.631320000000000423e-03
5.734359999999999978e-03
5.836830000000000317e-03
5.938719999999999763e-03
6.040049999999999933e-03
6.140819999999999959e-03
6.241039999999999782e-03
6.340730000000000151e-03
6.439880000000000257e-03
6.538519999999999922e-03
6.636640000000000074e-03
6.734249999999999785e-03
6.831379999999999744e-03
6.928020000000000012e-03
7.024189999999999601e-03
7.119890000000000246e-03
7.215150000000000036e-03
7.309959999999999895e-03
7.404339999999999707e-03
7.498290000000000337e-03
7.591839999999999873e-03
7.684980000000000110e-03
7.777740000000000001e-03
7.870109999999999606e-03
7.962119999999999614e-03
8.053770000000000026e-03
8.145060000000000841e-03
8.236020000000000146e-03
8.326649999999999677e-03
8.416969999999999313e-03
8.506970000000000851e-03
8.596670000000000700e-03
8.686090000000000477e-03
8.775230000000000183e-03
8.864099999999999757e-03
8.952709999999999141e-03
9.041070000000000009e-03
9.129190000000000568e-03
9.217070000000000818e-03
9.304740000000000580e-03
9.392189999999999914e-03
9.479440000000000435e-03
9.566490000000000410e-03
9.653359999999999719e-03
9.740050000000000097e-03
9.826569999999999749e-03
9.912930000000000352e-03
9.999140000000000111e-03
1.008520000000000076e-02
1.017110000000000063e-02
1.025689999999999935e-02
1.034260000000000040e-02
1.042820000000000032e-02
1.051359999999999968e-02
1.059900000000000078e-02
1.068430000000000074e-02
1.076949999999999956e-02
1.085460000000000071e-02
1.093970000000000012e-02
1.102470000000000012e-02
1.110960000000000072e-02
1.119449999999999959e-02
1.127930000000000078e-02
1.136419999999999965e-02
1.144900000000000084e-02
1.153369999999999916e-02
1.161850000000000036e-02
1.170329999999999981e-02
1.178799999999999987e-02
1.187279999999999933e-02
1.195760000000000052e-02
1.204239999999999998e-02
1.212719999999999944e-02
1.221200000000000063e-02
1.229689999999999950e-02
1.238180000000000010e-02
1.246680000000000010e-02
1.255180000000000011e-02
1.263689999999999952e-02
1.272210000000000008e-02
1.280730000000000063e-02
1.289260000000000059e-02
1.297790000000000055e-02
1.306339999999999932e-02
1.314889999999999982e-02
1.323459999999999914e-02
1.332030000000000020e-02
1.340610000000000065e-02
1.349209999999999993e-02
1.357809999999999920e-02
1.366430000000000075e-02
1.375059999999999998e-02
1.383700000000000034e-02
1.392359999999999952e-02
1.401029999999999984e-02
1.409709999999999956e-02
1.418409999999999983e-02
1.427119999999999951e-02
1.435849999999999974e-02
1.444600000000000051e-02
1.453360000000000068e-02
1.462130000000000027e-02
1.470929999999999981e-02
1.479740000000000048e-02
1.488569999999999997e-02
1.497420000000000001e-02
1.506279999999999945e-02
1.515170000000000058e-02
1.524069999999999939e-02
1.532990000000000047e-02
1.541939999999999977e-02
1.550900000000000022e-02
1.559890000000000061e-02
1.568889999999999868e-02
1.577920000000000017e-02
1.586970000000000047e-02
1.596039999999999959e-02
1.605130000000000098e-02
1.614250000000000060e-02
1.623389999999999903e-02
1.632549999999999973e-02
1.641739999999999866e-02
1.650949999999999987e-02
1.660189999999999930e-02
1.669450000000000101e-02
1.678730000000000153e-02
1.688040000000000027e-02
1.697380000000000069e-02
1.706739999999999993e-02
1.716130000000000086e-02
1.725550000000000000e-02
1.734990000000000143e-02
1.744460000000000108e-02
1.753949999999999954e-02
1.763479999999999909e-02
1.773030000000000092e-02
1.782610000000000097e-02
1.792219999999999924e-02
1.801859999999999920e-02
1.811530000000000085e-02
1.821230000000000071e-02
1.830949999999999939e-02
1.840709999999999916e-02
1.850500000000000062e-02
1.860320000000000029e-02
1.870159999999999878e-02
1.880039999999999836e-02
1.889959999999999904e-02
1.899899999999999853e-02
1.909869999999999970e-02
1.919879999999999851e-02
1.929919999999999899e-02
1.939990000000000117e-02
1.950100000000000097e-02
1.960229999999999959e-02
1.970399999999999929e-02
1.980610000000000009e-02
1.990849999999999911e-02
2.001119999999999982e-02
2.011430000000000162e-02
2.021770000000000164e-02
2.032149999999999929e-02
2.042559999999999862e-02
2.053009999999999904e-02
2.063490000000000116e-02
2.074010000000000090e-02
2.084559999999999885e-02
2.095150000000000137e-02
2.105780000000000152e-02
2.116449999999999929e-02
2.127149999999999874e-02
2.137889999999999929e-02
2.148660000000000153e-02
2.159480000000000080e-02
2.170329999999999829e-02
2.181220000000000034e-02
2.192150000000000001e-02
2.203110000000000138e-02
2.214119999999999977e-02
2.225169999999999926e-02
2.236250000000000043e-02
2.247369999999999923e-02
2.258539999999999853e-02
2.269739999999999952e-02
2.280990000000000101e-02
2.292270000000000071e-02
2.303600000000000092e-02
2.314959999999999934e-02
2.326369999999999827e-02
2.337819999999999829e-02
2.349309999999999940e-02
2.360840000000000161e-02
2.372420000000000084e-02
2.384029999999999830e-02
2.395689999999999972e-02
2.407389999999999877e-02
2.419139999999999832e-02
2.430929999999999896e-02
2.442760000000000070e-02
2.454630000000000006e-02
2.466549999999999992e-02
2.478510000000000088e-02
2.490519999999999887e-02
2.502570000000000142e-02
2.514670000000000100e-02
2.526810000000000167e-02
2.538999999999999937e-02
2.551230000000000164e-02
2.563510000000000094e-02
2.575830000000000133e-02
2.588199999999999876e-02
2.600620000000000015e-02
2.613079999999999917e-02
2.625589999999999868e-02
2.638139999999999930e-02
2.650749999999999981e-02
2.663400000000000142e-02
2.676100000000000007e-02
2.688849999999999921e-02
2.701639999999999944e-02
2.714480000000000018e-02
2.727380000000000082e-02
2.740319999999999909e-02
2.753310000000000132e-02
2.766340000000000118e-02
2.779430000000000095e-02
2.792570000000000122e-02
2.805759999999999851e-02
2.818999999999999978e-02
2.832290000000000155e-02
2.845630000000000034e-02
2.859019999999999964e-02
2.872459999999999944e-02
2.885949999999999974e-02
2.899499999999999994e-02
2.913100000000000064e-02
2.926749999999999838e-02
2.940450000000000008e-02
2.954199999999999882e-02
2.968010000000000093e-02
2.981870000000000007e-02
2.995779999999999971e-02
3.009749999999999925e-02
3.023769999999999930e-02
3.037839999999999985e-02
3.051970000000000030e-02
3.066160000000000066e-02
3.080400000000000152e-02
3.094689999999999941e-02
3.109040000000000067e-02
3.123439999999999897e-02
3.137899999999999717e-02
3.152420000000000222e-02
3.166990000000000083e-02
3.181620000000000281e-02
3.196310000000000123e-02
3.211050000000000015e-02
3.225859999999999839e-02
3.240710000000000118e-02
3.255630000000000329e-02
3.270610000000000184e-02
3.285640000000000088e-02
3.300730000000000330e-02
3.315880000000000216e-02
3.331089999999999746e-02
3.346360000000000307e-02
3.361689999999999817e-02
3.377079999999999665e-02
3.392529999999999851e-02
3.408039999999999681e-02
3.423609999999999848e-02
3.439239999999999658e-02
3.454940000000000094e-02
3.470689999999999886e-02
3.486510000000000303e-02
3.502389999999999670e-02
3.518330000000000068e-02
3.534339999999999704e-02
3.550400000000000084e-02
3.566539999999999988e-02
3.582729999999999942e-02
3.598989999999999828e-02
3.615310000000000051e-02
3.631700000000000206e-02
3.648150000000000004e-02
3.664669999999999733e-02
3.681260000000000088e-02
3.697910000000000086e-02
3.714619999999999728e-02
3.731399999999999995e-02
3.748250000000000193e-02
3.765170000000000322e-02
3.782150000000000095e-02
3.799199999999999799e-02
3.816320000000000129e-02
3.833500000000000102e-02
3.850760000000000294e-02
3.868080000000000129e-02
3.885480000000000184e-02
3.902939999999999882e-02
3.920470000000000205e-02
3.938069999999999765e-02
3.955750000000000238e-02
3.973489999999999661e-02
3.991309999999999997e-02
4.009189999999999976e-02
4.027150000000000174e-02
4.045180000000000303e-02
4.063279999999999670e-02
4.081459999999999949e-02
4.099710000000000160e-02
4.118030000000000301e-02
4.136429999999999968e-02
4.154900000000000260e-02
4.173439999999999789e-02
4.192060000000000231e-02
4.210760000000000197e-02
4.229530000000000095e-02
4.248369999999999924e-02
4.267300000000000260e-02
4.286299999999999832e-02
4.305370000000000030e-02
4.324530000000000041e-02
4.343759999999999982e-02
4.363070000000000143e-02
4.382459999999999828e-02
4.401920000000000138e-02
4.421470000000000261e-02
4.441099999999999909e-02
4.460800000000000182e-02
4.480590000000000267e-02
4.500459999999999877e-02
4.520400000000000112e-02
4.540430000000000160e-02
4.560550000000000020e-02
4.580739999999999812e-02
4.601020000000000110e-02
4.621379999999999932e-02
4.641819999999999974e-02
4.662349999999999828e-02
4.682959999999999900e-02
4.703659999999999786e-02
4.724439999999999890e-02
4.745309999999999806e-02
4.766259999999999941e-02
4.787299999999999889e-02
4.808430000000000343e-02
4.829640000000000322e-02
4.850940000000000113e-02
4.872329999999999717e-02
4.893809999999999827e-02
4.915379999999999749e-02
4.937029999999999891e-02
4.958780000000000132e-02
4.980620000000000186e-02
5.002550000000000052e-02
5.024560000000000137e-02
5.046670000000000322e-02
5.068879999999999914e-02
5.091169999999999723e-02
5.113560000000000327e-02
5.136040000000000050e-02
5.158619999999999872e-02
5.181290000000000201e-02
5.204050000000000342e-02
5.226909999999999890e-02
5.249870000000000231e-02
5.272919999999999691e-02
5.296069999999999944e-02
5.319310000000000010e-02
5.342650000000000177e-02
5.366100000000000037e-02
5.389639999999999709e-02
5.413280000000000175e-02
5.437009999999999760e-02
5.460849999999999732e-02
5.484789999999999804e-02
5.508829999999999977e-02
5.532979999999999843e-02
5.557220000000000215e-02
5.581570000000000281e-02
5.606019999999999753e-02
5.630570000000000019e-02
5.655229999999999979e-02
5.679990000000000039e-02
5.704859999999999792e-02
5.729830000000000340e-02
5.754909999999999887e-02
5.780099999999999821e-02
5.805389999999999856e-02
5.830799999999999872e-02
5.856309999999999988e-02
5.881929999999999797e-02
5.907649999999999707e-02
5.933490000000000292e-02
5.959439999999999876e-02
5.985499999999999848e-02
6.011679999999999802e-02
6.037959999999999855e-02
6.064359999999999890e-02
6.090870000000000312e-02
6.117489999999999734e-02
6.144229999999999831e-02
6.171089999999999909e-02
6.198059999999999681e-02
6.225139999999999840e-02
6.252340000000000675e-02
6.279669999999999697e-02
6.307100000000000206e-02
6.334660000000000291e-02
6.362339999999999662e-02
6.390129999999999422e-02
6.418050000000000144e-02
6.446079999999999866e-02
6.474240000000000550e-02
6.502520000000000522e-02
6.530919999999999781e-02
6.559450000000000003e-02
6.588099999999999512e-02
6.616879999999999984e-02
6.645769999999999456e-02
6.674800000000000177e-02
6.703950000000000187e-02
6.733229999999999771e-02
6.762640000000000318e-02
6.792170000000000152e-02
6.821829999999999561e-02
6.851630000000000220e-02
6.881550000000000167e-02
6.911599999999999688e-02
6.941790000000000460e-02
6.972100000000000519e-02
7.002550000000000441e-02
7.033129999999999937e-02
7.063850000000000684e-02
7.094699999999999618e-02
7.125679999999999514e-02
7.156800000000000661e-02
7.188060000000000282e-02
7.219449999999999479e-02
7.250979999999999925e-02
7.282650000000000234e-02
7.314460000000000406e-02
7.346410000000000440e-02
7.378500000000000336e-02
7.410719999999999807e-02
7.410719999999999807e-02
7.410719999999999807e-02
7.410719999999999807e-02
7.410719999999999807e-02
7.410719999999999807e-02
7.410719999999999807e-02
7.410719999999999807e-02
7.410719999999999807e-02
7.410719999999999807e-02
7.410719999999999807e-02
7.410719999999999807e-02
7.410719999999999807e-02
7.410719999999999807e-02
7.410719999999999807e-02
7.410719999999999807e-02
7.410719999999999807e-02
7.410719999999999807e-02
7.410719999999999807e-02
7.410719999999999807e-02
7.410719999999999807e-02
7.410719999999999807e-02
7.410719999999999807e-02
7.410719999999999807e-02
7.410719999999999807e-02
7.410719999999999807e-02
7.410719999999999807e-02
7.410719999999999807e-02
7.410719999999999807e-02
7.410719999999999807e-02
7.410719999999999807e-02
7.410719999999999807e-02
7.410719999999999807e-02
7.410719999999999807e-02
7.410719999999999807e-02
7.410719999999999807e-02
7.410719999999999807e-02
7.410719999999999807e-02
7.410719999999999807e-02
7.410719999999999807e-02
7.410719999999999807e-02
7.410719999999999807e-02
7.410719999999999807e-02
7.410719999999999807e-02
7.410719999999999807e-02
7.410719999999999807e-02
7.410719999999999807e-02
7.410719999999999807e-02
7.410719999999999807e-02
7.410719999999999807e-02
7.410719999999999807e-02
7.410719999999999807e-02
7.410719999999999807e-02
7.410719999999999807e-02
7.410719999999999807e-02
7.410719999999999807e-02
7.410719999999999807e-02
7.410719999999999807e-02
7.410719999999999807e-02
7.410719999999999807e-02
7.410719999999999807e-02
7.410719999999999807e-02
7.410719999999999807e-02
7.410719999999999807e-02
7.410719999999999807e-02
7.410719999999999807e-02
7.410719999999999807e-02
7.410719999999999807e-02
7.410719999999999807e-02
7.410719999999999807e-02
7.410719999999999807e-02
7.410719999999999807e-02
7.410719999999999807e-02
7.410719999999999807e-02
7.410719999999999807e-02
7.410719999999999807e-02
7.410719999999999807e-02
7.410719999999999807e-02
7.410719999999999807e-02
7.410719999999999807e-02
7.410719999999999807e-02
7.410719999999999807e-02
7.410719999999999807e-02
7.410719999999999807e-02
7.410719999999999807e-02
7.410719999999999807e-02
7.410719999999999807e-02
7.410719999999999807e-02
7.410719999999999807e-02
7.410719999999999807e-02
7.410719999999999807e-02
7.410719999999999807e-02
7.410719999999999807e-02
7.410719999999999807e-02
7.410719999999999807e-02
7.410719999999999807e-02
7.410719999999999807e-02
7.410719999999999807e-02
7.410719999999999807e-02
7.410719999999999807e-02
7.410719999999999807e-02
7.410719999999999807e-02
7.410719999999999807e-02
7.410719999999999807e-02
7.410719999999999807e-02
7.410719999999999807e-02
7.410719999999999807e-02
7.410719999999999807e-02
7.410719999999999807e-02
7.410719999999999807e-02
7.410719999999999807e-02
7.410719999999999807e-02
7.410719999999999807e-02
7.410719999999999807e-02
7.410719999999999807e-02
7.410719999999999807e-02
7.410719999999999807e-02
7.410719999999999807e-02
7.410719999999999807e-02
7.410719999999999807e-02
7.410719999999999807e-02
7.410719999999999807e-02
7.410719999999999807e-02
7.410719999999999807e-02
7.410719999999999807e-02
7.410719999999999807e-02
7.410719999999999807e-02
7.410719999999999807e-02
7.410719999999999807e-02
7.410719999999999807e-02
7.410719999999999807e-02
7.410719999999999807e-02
7.410719999999999807e-02
7.410719999999999807e-02
7.410719999999999807e-02
7.410719999999999807e-02
7.410719999999999807e-02
7.410719999999999807e-02
7.410719999999999807e-02
7.410719999999999807e-02
7.410719999999999807e-02
7.410719999999999807e-02
7.410719999999999807e-02
7.410719999999999807e-02
7.410719999999999807e-02
7.410719999999999807e-02
7.410719999999999807e-02
7.410719999999999807e-02
7.410719999999999807e-02
7.410719999999999807e-02
7.410719999999999807e-02
7.410719999999999807e-02
7.410719999999999807e-02
7.410719999999999807e-02
7.410719999999999807e-02
7.410719999999999807e-02
7.410719999999999807e-02
7.410719999999999807e-02
7.410719999999999807e-02
7.410719999999999807e-02
7.410719999999999807e-02
7.410719999999999807e-02
7.410719999999999807e-02
7.410719999999999807e-02
7.410719999999999807e-02
7.410719999999999807e-02
7.410719999999999807e-02
7.410719999999999807e-02
7.410719999999999807e-02
7.410719999999999807e-02
7.410719999999999807e-02
7.410719999999999807e-02
7.410719999999999807e-02
7.410719999999999807e-02
7.410719999999999807e-02
7.410719999999999807e-02
7.410719999999999807e-02
7.410719999999999807e-02
7.410719999999999807e-02
7.410719999999999807e-02
7.410719999999999807e-02
7.410719999999999807e-02
7.410719999999999807e-02
7.410719999999999807e-02
7.410719999999999807e-02
7.410719999999999807e-02
7.410719999999999807e-02
7.410719999999999807e-02
7.410719999999999807e-02
7.410719999999999807e-02
7.410719999999999807e-02
7.410719999999999807e-02
7.410719999999999807e-02
7.410719999999999807e-02
7.410719999999999807e-02
7.410719999999999807e-02
7.410719999999999807e-02
7.410719999999999807e-02
7.410719999999999807e-02
7.410719999999999807e-02
7.410719999999999807e-02
7.410719999999999807e-02
7.410719999999999807e-02
7.410719999999999807e-02
7.410719999999999807e-02
7.410719999999999807e-02
7.410719999999999807e-02
7.410719999999999807e-02
7.410719999999999807e-02
7.410719999999999807e-02
7.410719999999999807e-02
7.410719999999999807e-02
7.410719999999999807e-02
7.410719999999999807e-02
7.410719999999999807e-02
7.410719999999999807e-02
7.410719999999999807e-02
7.410719999999999807e-02
7.410719999999999807e-02
7.410719999999999807e-02
7.410719999999999807e-02
7.410719999999999807e-02
7.410719999999999807e-02
7.410719999999999807e-02
7.410719999999999807e-02
7.410719999999999807e-02
7.410719999999999807e-02
7.410719999999999807e-02
7.410719999999999807e-02
7.410719999999999807e-02
7.410719999999999807e-02
7.410719999999999807e-02
7.410719999999999807e-02
7.410719999999999807e-02
7.410719999999999807e-02
7.410719999999999807e-02
7.410719999999999807e-02
7.410719999999999807e-02
7.410719999999999807e-02
7.410719999999999807e-02
7.410719999999999807e-02
7.410719999999999807e-02
7.410719999999999807e-02
7.410719999999999807e-02
7.410719999999999807e-02
7.410719999999999807e-02
7.410719999999999807e-02
7.410719999999999807e-02
7.410719999999999807e-02
7.410719999999999807e-02
7.410719999999999807e-02
7.410719999999999807e-02
7.410719999999999807e-02
7.410719999999999807e-02
7.410719999999999807e-02
7.410719999999999807e-02
7.410719999999999807e-02
7.410719999999999807e-02
7.410719999999999807e-02
7.410719999999999807e-02
7.410719999999999807e-02
7.410719999999999807e-02
7.410719999999999807e-02
7.410719999999999807e-02
7.410719999999999807e-02
7.410719999999999807e-02
7.410719999999999807e-02
7.410719999999999807e-02
7.410719999999999807e-02
7.410719999999999807e-02
7.410719999999999807e-02
7.410719999999999807e-02
7.410719999999999807e-02
7.410719999999999807e-02
7.410719999999999807e-02
7.410719999999999807e-02
7.410719999999999807e-02
7.410719999999999807e-02
7.410719999999999807e-02
7.410719999999999807e-02
7.410719999999999807e-02
7.410719999999999807e-02
7.410719999999999807e-02
7.410719999999999807e-02
7.410719999999999807e-02
7.410719999999999807e-02
7.410719999999999807e-02
7.410719999999999807e-02
7.410719999999999807e-02
7.410719999999999807e-02
7.410719999999999807e-02
7.410719999999999807e-02
7.410719999999999807e-02
7.410719999999999807e-02
7.410719999999999807e-02
7.410719999999999807e-02
7.410719999999999807e-02
7.410719999999999807e-02
7.410719999999999807e-02
7.410719999999999807e-02
7.410719999999999807e-02
7.410719999999999807e-02
7.410719999999999807e-02
7.410719999999999807e-02
7.410719999999999807e-02
7.410719999999999807e-02
7.410719999999999807e-02
7.410719999999999807e-02
7.410719999999999807e-02
7.410719999999999807e-02
7.410719999999999807e-02
7.410719999999999807e-02
7.410719999999999807e-02
7.410719999999999807e-02
7.410719999999999807e-02
7.410719999999999807e-02
7.410719999999999807e-02
7.410719999999999807e-02
7.410719999999999807e-02
7.410719999999999807e-02
7.410719999999999807e-02
7.410719999999999807e-02
7.410719999999999807e-02
7.410719999999999807e-02
7.410719999999999807e-02
7.410719999999999807e-02
7.410719999999999807e-02
7.410719999999999807e-02
7.410719999999999807e-02
7.410719999999999807e-02
7.410719999999999807e-02
7.410719999999999807e-02
7.410719999999999807e-02
7.410719999999999807e-02
7.410719999999999807e-02
7.410719999999999807e-02
7.410719999999999807e-02
7.410719999999999807e-02
7.410719999999999807e-02
7.410719999999999807e-02
7.410719999999999807e-02
7.410719999999999807e-02
7.410719999999999807e-02
7.410719999999999807e-02
7.410719999999999807e-02
7.410719999999999807e-02
7.410719999999999807e-02
7.410719999999999807e-02
7.410719999999999807e-02
7.410719999999999807e-02
7.410719999999999807e-02
7.410719999999999807e-02
7.410719999999999807e-02
7.410719999999999807e-02
7.410719999999999807e-02
7.410719999999999807e-02
7.410719999999999807e-02
7.410719999999999807e-02
7.410719999999999807e-02
7.410719999999999807e-02
7.410719999999999807e-02
7.410719999999999807e-02
7.410719999999999807e-02
7.410719999999999807e-02
7.410719999999999807e-02
7.410719999999999807e-02
7.410719999999999807e-02
7.410719999999999807e-02
7.410719999999999807e-02
7.410719999999999807e-02
7.410719999999999807e-02
