6.146850000000000369e-01
6.146920000000000162e-01
6.147150000000000114e-01
6.147529999999999939e-01
6.148059999999999636e-01
6.148740000000000316e-01
6.149580000000000046e-01
6.150560000000000471e-01
6.151699999999999946e-01
6.152990000000000403e-01
6.154429999999999623e-01
6.156019999999999825e-01
6.157759999999999900e-01
6.159660000000000135e-01
6.161710000000000242e-01
6.163910000000000222e-01
6.166260000000000074e-01
6.168770000000000087e-01
6.171429999999999971e-01
6.174239999999999728e-01
6.177209999999999646e-01
6.180330000000000545e-01
6.183600000000000207e-01
6.187019999999999742e-01
6.190600000000000547e-01
6.194340000000000401e-01
6.198230000000000128e-01
6.202269999999999728e-01
6.206469999999999487e-01
6.210820000000000229e-01
6.215330000000000021e-01
6.219989999999999686e-01
6.224809999999999510e-01
6.229789999999999495e-01
6.234920000000000462e-01
6.240210000000000479e-01
6.245659999999999545e-01
6.251259999999999595e-01
6.257019999999999804e-01
6.262940000000000174e-01
6.269019999999999593e-01
6.275260000000000282e-01
6.281649999999999734e-01
6.288209999999999633e-01
6.294920000000000515e-01
6.301799999999999624e-01
6.308829999999999716e-01
6.316030000000000255e-01
6.323389999999999844e-01
6.330900000000000416e-01
6.338580000000000325e-01
6.346420000000000394e-01
6.354429999999999801e-01
6.362600000000000477e-01
6.370930000000000204e-01
6.379420000000000091e-01
6.388080000000000425e-01
6.396899999999999809e-01
6.405889999999999640e-01
6.415039999999999631e-01
6.424360000000000070e-01
6.433849999999999847e-01
6.443499999999999783e-01
6.453309999999999880e-01
6.463299999999999601e-01
6.473449999999999482e-01
6.483769999999999811e-01
6.494259999999999478e-01
6.504910000000000414e-01
6.515739999999999865e-01
6.526729999999999476e-01
6.537889999999999535e-01
6.549220000000000041e-01
6.560730000000000173e-01
6.572400000000000464e-01
6.584240000000000093e-01
6.596250000000000169e-01
6.608439999999999870e-01
6.620789999999999731e-01
6.633320000000000327e-01
6.646020000000000261e-01
6.658889999999999532e-01
6.671930000000000360e-01
6.685140000000000526e-01
6.698530000000000317e-01
6.712089999999999446e-01
6.725809999999999844e-01
6.739720000000000155e-01
6.753789999999999516e-01
6.768030000000000435e-01
6.782449999999999868e-01
6.797039999999999749e-01
6.811800000000000077e-01
6.826729999999999743e-01
6.841829999999999856e-01
6.857109999999999594e-01
6.872549999999999493e-01
6.888170000000000126e-01
6.903949999999999809e-01
6.919899999999999940e-01
6.936020000000000518e-01
6.952310000000000434e-01
6.968769999999999687e-01
6.985390000000000210e-01
7.002180000000000071e-01
7.019130000000000091e-01
7.036240000000000272e-01
7.053519999999999790e-01
7.070959999999999468e-01
7.088560000000000416e-01
7.106320000000000414e-01
7.124230000000000285e-01
7.142309999999999492e-01
7.160530000000000506e-01
7.178909999999999458e-01
7.197440000000000504e-01
7.216120000000000312e-01
7.234939999999999705e-01
7.253910000000000080e-01
7.273020000000000040e-01
7.292279999999999873e-01
7.311659999999999826e-01
7.331189999999999651e-01
7.350839999999999597e-01
7.370619999999999949e-01
7.390529999999999600e-01
7.410560000000000480e-01
7.430700000000000083e-01
7.450959999999999805e-01
7.471330000000000471e-01
7.491809999999999858e-01
7.512389999999999901e-01
7.533060000000000311e-01
7.553830000000000267e-01
7.574680000000000302e-01
7.595610000000000417e-01
7.616619999999999502e-01
7.637709999999999777e-01
7.658850000000000380e-01
7.680050000000000487e-01
7.701299999999999812e-01
7.722599999999999465e-01
7.743940000000000268e-01
7.765300000000000535e-01
7.786680000000000268e-01
7.808079999999999465e-01
7.829479999999999773e-01
7.850869999999999793e-01
7.872249999999999526e-01
7.893609999999999793e-01
7.914930000000000021e-01
7.936210000000000209e-01
7.957429999999999781e-01
7.978589999999999849e-01
7.999659999999999549e-01
8.020650000000000279e-01
8.041530000000000067e-01
8.062289999999999734e-01
8.082920000000000105e-01
8.103409999999999780e-01
8.123740000000000405e-01
8.143890000000000295e-01
8.163850000000000273e-01
8.183599999999999763e-01
8.203129999999999589e-01
8.222420000000000284e-01
8.241450000000000164e-01
8.260189999999999477e-01
8.278640000000000443e-01
8.296780000000000266e-01
8.314570000000000016e-01
8.332009999999999694e-01
8.349060000000000370e-01
8.365709999999999535e-01
8.381929999999999659e-01
8.397710000000000452e-01
8.413009999999999655e-01
8.427810000000000024e-01
8.442079999999999584e-01
8.455799999999999983e-01
8.468949999999999534e-01
8.481490000000000418e-01
8.493389999999999551e-01
8.504639999999999977e-01
8.515190000000000259e-01
8.525009999999999533e-01
8.534089999999999732e-01
8.542380000000000528e-01
8.549860000000000237e-01
8.556479999999999642e-01
8.562229999999999563e-01
8.567059999999999675e-01
8.570950000000000513e-01
8.573849999999999527e-01
8.575730000000000297e-01
8.576570000000000027e-01
8.576319999999999499e-01
8.574939999999999785e-01
8.572410000000000307e-01
8.568689999999999918e-01
8.563730000000000508e-01
8.557510000000000394e-01
8.549989999999999535e-01
8.541140000000000398e-01
8.530910000000000437e-01
8.519269999999999898e-01
8.506200000000000427e-01
8.491640000000000299e-01
8.475580000000000336e-01
8.457970000000000210e-01
8.438790000000000457e-01
8.417999999999999927e-01
8.395559999999999690e-01
8.371469999999999745e-01
8.345669999999999478e-01
8.318149999999999711e-01
8.288870000000000404e-01
8.257830000000000448e-01
8.224979999999999514e-01
8.190309999999999535e-01
8.153799999999999937e-01
8.115440000000000431e-01
8.075200000000000156e-01
8.033069999999999933e-01
7.989049999999999763e-01
7.943109999999999893e-01
7.895259999999999501e-01
7.845499999999999696e-01
7.793809999999999905e-01
7.740200000000000413e-01
7.684670000000000112e-01
7.627239999999999576e-01
7.567899999999999627e-01
7.506680000000000019e-01
7.443589999999999929e-01
7.378639999999999644e-01
7.311860000000000026e-01
7.243270000000000541e-01
7.172899999999999832e-01
7.100779999999999870e-01
7.026940000000000408e-01
6.951420000000000377e-01
6.874259999999999815e-01
6.795510000000000161e-01
6.715200000000000058e-01
6.633390000000000120e-01
6.550120000000000386e-01
6.465459999999999541e-01
6.379449999999999843e-01
6.292149999999999688e-01
6.203629999999999978e-01
6.113939999999999930e-01
6.023159999999999625e-01
5.931340000000000501e-01
5.838560000000000416e-01
5.744890000000000274e-01
5.650399999999999867e-01
5.555149999999999810e-01
5.459220000000000184e-01
5.362700000000000244e-01
5.265640000000000320e-01
5.168129999999999669e-01
5.070230000000000015e-01
4.972039999999999793e-01
4.873620000000000174e-01
4.775039999999999840e-01
4.676390000000000269e-01
4.577729999999999855e-01
4.479150000000000076e-01
4.380700000000000149e-01
4.282480000000000175e-01
4.184530000000000194e-01
4.086949999999999750e-01
3.989789999999999726e-01
3.893119999999999914e-01
3.796999999999999820e-01
3.701510000000000078e-01
3.606710000000000194e-01
3.512649999999999939e-01
3.419409999999999950e-01
3.327030000000000265e-01
3.235569999999999835e-01
3.145100000000000118e-01
3.055669999999999775e-01
2.967330000000000245e-01
2.880139999999999922e-01
2.794159999999999977e-01
2.709440000000000182e-01
2.626040000000000041e-01
2.544009999999999883e-01
2.463430000000000064e-01
2.384360000000000090e-01
2.306870000000000032e-01
2.231049999999999978e-01
2.156990000000000018e-01
2.084799999999999986e-01
2.014620000000000022e-01
1.946599999999999997e-01
1.880969999999999864e-01
1.817979999999999874e-01
1.758000000000000118e-01
1.701519999999999977e-01
1.649229999999999863e-01
1.602149999999999963e-01
1.561839999999999895e-01
1.530809999999999949e-01
1.513410000000000033e-01
1.517870000000000053e-01
1.561859999999999915e-01
1.691840000000000011e-01
2.082950000000000079e-01
4.426979999999999804e-01
1.917780000000000040e-01
1.535179999999999878e-01
1.398919999999999886e-01
1.336229999999999918e-01
1.305800000000000016e-01
1.292210000000000025e-01
1.288279999999999981e-01
1.290270000000000028e-01
1.296009999999999940e-01
1.304200000000000081e-01
1.313989999999999880e-01
1.324819999999999887e-01
1.336320000000000008e-01
1.348229999999999984e-01
1.360359999999999903e-01
1.372569999999999901e-01
1.384789999999999910e-01
1.396930000000000116e-01
1.408939999999999915e-01
1.420800000000000118e-01
1.432479999999999865e-01
1.443949999999999956e-01
1.455220000000000125e-01
1.466260000000000063e-01
1.477080000000000060e-01
1.487680000000000113e-01
1.498059999999999947e-01
1.508210000000000106e-01
1.518150000000000055e-01
1.527870000000000061e-01
1.537380000000000135e-01
1.546679999999999999e-01
1.555779999999999941e-01
1.564689999999999970e-01
1.573410000000000086e-01
1.581940000000000013e-01
1.590290000000000037e-01
1.598469999999999891e-01
1.606470000000000120e-01
1.614319999999999922e-01
1.622000000000000108e-01
1.629529999999999867e-01
1.636910000000000032e-01
1.644140000000000046e-01
1.651239999999999930e-01
1.658189999999999942e-01
1.665020000000000111e-01
1.671709999999999863e-01
1.678290000000000060e-01
1.684740000000000126e-01
1.691080000000000083e-01
1.697299999999999920e-01
1.703409999999999924e-01
1.709420000000000106e-01
1.715319999999999900e-01
1.721119999999999872e-01
1.726830000000000032e-01
1.732440000000000091e-01
1.737960000000000060e-01
1.743399999999999950e-01
1.748740000000000017e-01
1.754010000000000014e-01
1.759189999999999920e-01
1.764290000000000025e-01
1.769320000000000059e-01
1.774270000000000014e-01
1.779149999999999898e-01
1.783970000000000000e-01
1.788710000000000022e-01
1.793389999999999984e-01
1.797999999999999876e-01
1.802549999999999986e-01
1.807040000000000035e-01
1.811470000000000025e-01
1.815839999999999954e-01
1.820160000000000111e-01
1.824419999999999931e-01
1.828639999999999988e-01
1.832799999999999985e-01
1.836909999999999932e-01
1.840970000000000106e-01
1.844979999999999953e-01
1.848950000000000038e-01
1.852870000000000072e-01
1.856750000000000067e-01
1.860590000000000022e-01
1.864389999999999936e-01
1.868150000000000088e-01
1.871859999999999913e-01
1.875539999999999985e-01
1.879190000000000027e-01
1.882790000000000019e-01
1.886369999999999991e-01
1.889899999999999913e-01
1.893410000000000093e-01
1.896879999999999955e-01
1.900320000000000065e-01
1.903729999999999867e-01
1.907119999999999926e-01
1.910469999999999946e-01
1.913789999999999936e-01
1.917089999999999905e-01
1.920360000000000122e-01
1.923600000000000032e-01
1.926819999999999922e-01
1.930020000000000069e-01
1.933189999999999908e-01
1.936329999999999996e-01
1.939460000000000073e-01
1.942560000000000120e-01
1.945639999999999870e-01
1.948699999999999877e-01
1.951739999999999864e-01
1.954760000000000109e-01
1.957760000000000056e-01
1.960739999999999983e-01
1.963709999999999900e-01
1.966650000000000065e-01
1.969579999999999942e-01
1.972490000000000077e-01
1.975389999999999924e-01
1.978270000000000028e-01
1.981130000000000113e-01
1.983989999999999920e-01
1.986819999999999975e-01
1.989640000000000020e-01
1.992450000000000054e-01
1.995250000000000079e-01
1.998030000000000084e-01
2.000800000000000078e-01
2.003550000000000053e-01
2.006300000000000028e-01
2.009029999999999982e-01
2.011759999999999937e-01
2.014469999999999872e-01
2.017170000000000074e-01
2.019869999999999999e-01
2.022549999999999903e-01
2.025220000000000076e-01
2.027889999999999970e-01
2.030540000000000123e-01
2.033189999999999997e-01
2.035829999999999862e-01
2.038459999999999994e-01
2.041090000000000126e-01
2.043699999999999961e-01
2.046310000000000073e-01
2.048919999999999908e-01
2.051510000000000000e-01
2.054110000000000102e-01
2.056689999999999907e-01
2.059269999999999989e-01
2.061840000000000062e-01
2.064410000000000134e-01
2.066979999999999928e-01
2.069529999999999981e-01
2.072090000000000043e-01
2.074640000000000095e-01
2.077180000000000137e-01
2.079729999999999912e-01
2.082269999999999954e-01
2.084799999999999986e-01
2.087330000000000019e-01
2.089860000000000051e-01
2.092390000000000083e-01
2.094910000000000105e-01
2.097430000000000128e-01
2.099949999999999872e-01
2.102469999999999895e-01
2.104979999999999907e-01
2.107499999999999929e-01
2.110009999999999941e-01
2.112519999999999953e-01
2.115029999999999966e-01
2.117539999999999978e-01
2.120039999999999980e-01
2.122549999999999992e-01
2.125060000000000004e-01
2.127560000000000007e-01
2.130070000000000019e-01
2.132570000000000021e-01
2.135080000000000033e-01
2.137580000000000036e-01
2.140090000000000048e-01
2.142600000000000060e-01
2.145110000000000072e-01
2.147610000000000074e-01
2.150120000000000087e-01
2.152630000000000099e-01
2.155150000000000121e-01
2.157660000000000133e-01
2.160179999999999878e-01
2.162689999999999890e-01
2.165209999999999912e-01
2.167729999999999935e-01
2.170249999999999957e-01
2.172779999999999989e-01
2.175310000000000021e-01
2.177830000000000044e-01
2.180370000000000086e-01
2.182900000000000118e-01
2.185439999999999883e-01
2.187979999999999925e-01
2.190519999999999967e-01
2.193070000000000019e-01
2.195620000000000072e-01
2.198170000000000124e-01
2.200729999999999908e-01
2.203289999999999971e-01
2.205850000000000033e-01
2.208420000000000105e-01
2.210989999999999900e-01
2.213569999999999982e-01
2.216150000000000064e-01
2.218729999999999869e-01
2.221319999999999961e-01
2.223920000000000063e-01
2.226509999999999878e-01
2.229119999999999990e-01
2.231720000000000093e-01
2.234329999999999927e-01
2.236950000000000049e-01
2.239569999999999894e-01
2.242200000000000026e-01
2.244829999999999881e-01
2.247470000000000023e-01
2.250109999999999888e-01
2.252760000000000040e-01
2.255419999999999925e-01
2.258080000000000087e-01
2.260739999999999972e-01
2.263419999999999876e-01
2.266090000000000049e-01
2.268779999999999963e-01
2.271469999999999878e-01
2.274160000000000070e-01
2.276870000000000005e-01
2.279579999999999940e-01
2.282289999999999874e-01
2.285010000000000097e-01
2.287740000000000051e-01
2.290480000000000016e-01
2.293219999999999981e-01
2.295969999999999955e-01
2.298729999999999940e-01
2.301489999999999925e-01
2.304259999999999919e-01
2.307039999999999924e-01
2.309829999999999939e-01
2.312619999999999953e-01
2.315419999999999978e-01
2.318230000000000013e-01
2.321050000000000058e-01
2.323870000000000102e-01
2.326699999999999879e-01
2.329539999999999944e-01
2.332390000000000019e-01
2.335250000000000103e-01
2.338109999999999911e-01
2.340990000000000015e-01
2.343870000000000120e-01
2.346759999999999957e-01
2.349660000000000082e-01
2.352559999999999929e-01
2.355480000000000074e-01
2.358399999999999941e-01
2.361340000000000106e-01
2.364279999999999993e-01
2.367229999999999890e-01
2.370190000000000075e-01
2.373159999999999992e-01
2.376139999999999919e-01
2.379130000000000134e-01
2.382130000000000081e-01
2.385130000000000028e-01
2.388149999999999995e-01
2.391179999999999972e-01
2.394209999999999949e-01
2.397259999999999946e-01
2.400319999999999954e-01
2.403379999999999961e-01
2.406459999999999988e-01
2.409550000000000025e-01
2.412640000000000062e-01
2.415750000000000119e-01
2.418869999999999909e-01
2.421999999999999986e-01
2.425140000000000073e-01
2.428289999999999893e-01
2.431450000000000000e-01
2.434620000000000117e-01
2.437799999999999967e-01
2.440990000000000104e-01
2.444199999999999984e-01
2.447409999999999863e-01
2.450640000000000041e-01
2.453879999999999950e-01
2.457129999999999870e-01
2.460390000000000077e-01
2.463660000000000017e-01
2.466939999999999966e-01
2.470239999999999936e-01
2.473549999999999915e-01
2.476869999999999905e-01
2.480199999999999905e-01
2.483539999999999914e-01
2.486899999999999944e-01
2.490269999999999984e-01
2.493650000000000033e-01
2.497040000000000093e-01
2.500439999999999885e-01
2.503859999999999975e-01
2.507289999999999797e-01
2.510740000000000194e-01
2.514190000000000036e-01
2.517659999999999898e-01
2.521149999999999780e-01
2.524640000000000217e-01
2.528150000000000119e-01
2.531669999999999754e-01
2.535209999999999964e-01
2.538759999999999906e-01
2.542320000000000135e-01
2.545899999999999830e-01
2.549489999999999812e-01
2.553090000000000082e-01
2.556709999999999816e-01
2.560339999999999838e-01
2.563989999999999880e-01
2.567650000000000210e-01
2.571320000000000272e-01
2.575009999999999799e-01
2.578710000000000169e-01
2.582430000000000003e-01
2.586169999999999858e-01
2.589910000000000267e-01
2.593679999999999874e-01
2.597450000000000037e-01
2.601249999999999951e-01
2.605060000000000153e-01
2.608880000000000088e-01
2.612720000000000042e-01
2.616569999999999729e-01
2.620439999999999992e-01
2.624330000000000274e-01
2.628229999999999733e-01
2.632149999999999768e-01
2.636080000000000090e-01
2.640029999999999877e-01
2.644000000000000239e-01
2.647979999999999778e-01
2.651979999999999893e-01
2.655989999999999740e-01
2.660029999999999895e-01
2.664079999999999782e-01
2.668139999999999956e-01
2.672220000000000151e-01
2.676319999999999810e-01
2.680440000000000045e-01
2.684579999999999744e-01
2.688729999999999731e-01
2.692899999999999738e-01
2.697089999999999765e-01
2.701290000000000080e-01
2.705520000000000147e-01
2.709759999999999946e-01
2.714019999999999766e-01
2.718289999999999873e-01
2.722589999999999733e-01
2.726910000000000167e-01
2.731239999999999779e-01
2.735589999999999966e-01
2.739960000000000173e-01
2.744349999999999845e-01
2.748760000000000092e-01
2.753189999999999804e-01
2.757640000000000091e-01
2.762109999999999843e-01
2.766600000000000170e-01
2.771109999999999962e-01
2.775630000000000042e-01
2.780179999999999874e-01
2.784749999999999726e-01
2.789340000000000153e-01
2.793950000000000045e-01
2.798579999999999957e-01
2.803229999999999889e-01
2.807899999999999840e-01
2.812589999999999812e-01
2.817310000000000092e-01
2.822040000000000104e-01
2.826799999999999868e-01
2.831580000000000208e-01
2.836380000000000012e-01
2.841199999999999837e-01
2.846040000000000236e-01
2.850909999999999833e-01
2.855800000000000005e-01
2.860710000000000197e-01
2.865650000000000142e-01
2.870610000000000106e-01
2.875590000000000090e-01
2.880590000000000095e-01
2.885619999999999852e-01
2.890670000000000184e-01
2.895739999999999981e-01
2.900840000000000085e-01
2.905969999999999942e-01
2.911110000000000086e-01
2.916290000000000271e-01
2.921480000000000188e-01
2.926699999999999857e-01
2.931949999999999834e-01
2.937219999999999831e-01
2.942520000000000135e-01
2.947839999999999905e-01
2.953189999999999982e-01
2.958560000000000079e-01
2.963959999999999928e-01
2.969390000000000085e-01
2.974840000000000262e-01
2.980320000000000191e-01
2.985829999999999873e-01
2.991360000000000130e-01
2.996929999999999872e-01
3.002509999999999901e-01
3.008129999999999971e-01
3.013779999999999792e-01
3.019450000000000189e-01
3.025149999999999784e-01
3.030880000000000241e-01
3.036639999999999895e-01
3.042420000000000124e-01
3.048239999999999839e-01
3.054089999999999860e-01
3.059959999999999902e-01
3.065869999999999984e-01
3.071800000000000086e-01
3.077770000000000228e-01
3.083770000000000122e-01
3.089790000000000036e-01
3.095849999999999991e-01
3.101940000000000253e-01
3.108060000000000267e-01
3.114219999999999766e-01
3.120399999999999840e-01
3.126619999999999955e-01
3.132869999999999822e-01
3.139159999999999728e-01
3.145470000000000210e-01
3.151820000000000177e-01
3.158210000000000184e-01
3.164629999999999943e-01
3.171080000000000010e-01
3.177559999999999829e-01
3.184089999999999976e-01
3.190640000000000143e-01
3.197229999999999794e-01
3.203860000000000041e-01
3.210529999999999773e-01
3.217229999999999812e-01
3.223960000000000159e-01
3.230739999999999723e-01
3.237550000000000150e-01
3.244400000000000062e-01
3.251279999999999726e-01
3.258210000000000273e-01
3.265170000000000017e-01
3.272169999999999801e-01
3.279210000000000180e-01
3.286290000000000044e-01
3.293409999999999949e-01
3.300569999999999893e-01
3.307769999999999877e-01
3.315020000000000189e-01
3.322300000000000253e-01
3.329630000000000090e-01
3.336990000000000234e-01
3.344400000000000150e-01
3.351850000000000107e-01
3.359349999999999836e-01
3.366890000000000160e-01
3.374469999999999970e-01
3.382100000000000106e-01
3.389769999999999728e-01
3.397490000000000232e-01
3.405250000000000221e-01
3.413059999999999983e-01
3.420920000000000072e-01
3.428820000000000201e-01
3.436770000000000103e-01
3.444769999999999777e-01
3.452810000000000046e-01
3.460909999999999820e-01
3.469050000000000189e-01
3.477239999999999776e-01
3.485489999999999977e-01
3.493780000000000219e-01
3.502129999999999965e-01
3.510519999999999752e-01
3.518970000000000153e-01
3.527480000000000060e-01
3.536030000000000006e-01
3.544640000000000013e-01
3.553299999999999792e-01
3.562020000000000186e-01
3.570789999999999798e-01
3.579620000000000024e-01
3.588509999999999756e-01
3.597449999999999815e-01
3.606449999999999934e-01
3.615510000000000113e-01
3.624620000000000064e-01
3.633799999999999808e-01
3.643040000000000167e-01
3.652329999999999743e-01
3.661690000000000222e-01
3.671110000000000206e-01
3.680599999999999983e-01
3.690140000000000087e-01
3.699749999999999983e-01
3.709430000000000227e-01
3.719169999999999976e-01
3.728980000000000072e-01
3.738850000000000229e-01
3.748790000000000178e-01
3.758799999999999919e-01
3.768880000000000008e-01
3.779029999999999889e-01
3.789250000000000118e-01
3.799540000000000139e-01
3.809899999999999953e-01
3.820339999999999847e-01
3.830850000000000088e-01
3.841439999999999855e-01
3.852099999999999969e-01
3.862829999999999875e-01
3.873650000000000149e-01
3.884540000000000215e-01
3.895520000000000094e-01
3.906569999999999765e-01
3.917709999999999804e-01
3.928920000000000190e-01
3.940219999999999834e-01
3.951609999999999845e-01
3.963079999999999936e-01
3.974639999999999840e-01
3.986279999999999824e-01
3.998010000000000175e-01
4.009840000000000071e-01
4.021750000000000047e-01
4.033760000000000123e-01
4.045860000000000012e-01
4.058050000000000268e-01
4.070340000000000069e-01
4.082729999999999970e-01
4.095210000000000239e-01
4.107799999999999785e-01
4.120480000000000254e-01
4.133270000000000000e-01
4.146159999999999846e-01
4.159160000000000079e-01
4.172259999999999858e-01
4.185470000000000024e-01
4.198790000000000022e-01
4.212230000000000141e-01
4.225769999999999804e-01
4.239430000000000143e-01
4.253210000000000046e-01
4.267099999999999782e-01
4.281110000000000193e-01
4.295249999999999901e-01
4.309509999999999730e-01
4.323890000000000233e-01
4.338400000000000034e-01
4.353029999999999955e-01
4.367800000000000016e-01
4.382699999999999929e-01
4.397739999999999982e-01
4.412909999999999888e-01
4.428219999999999934e-01
4.443670000000000120e-01
4.459270000000000178e-01
4.475009999999999821e-01
4.490899999999999892e-01
4.506939999999999835e-01
4.523139999999999938e-01
4.539489999999999914e-01
4.556000000000000050e-01
4.572669999999999790e-01
4.589500000000000246e-01
4.606500000000000039e-01
4.623669999999999725e-01
4.641009999999999858e-01
4.658530000000000171e-01
4.676230000000000109e-01
4.694110000000000227e-01
4.712180000000000257e-01
4.730429999999999913e-01
4.748879999999999768e-01
4.767520000000000091e-01
4.786369999999999791e-01
4.805420000000000247e-01
4.824680000000000080e-01
4.844140000000000112e-01
4.863830000000000098e-01
4.883739999999999748e-01
4.903870000000000173e-01
4.924229999999999996e-01
4.944830000000000059e-01
4.965660000000000074e-01
4.986749999999999794e-01
5.008080000000000309e-01
5.029670000000000529e-01
5.051520000000000454e-01
5.073640000000000372e-01
5.096030000000000282e-01
5.118700000000000472e-01
5.141660000000000119e-01
5.164910000000000334e-01
5.188469999999999471e-01
5.212329999999999464e-01
5.236509999999999776e-01
5.261010000000000408e-01
5.285840000000000538e-01
5.311010000000000453e-01
5.336539999999999617e-01
5.362419999999999964e-01
5.388669999999999849e-01
5.415299999999999558e-01
5.442320000000000491e-01
5.469730000000000425e-01
5.497570000000000512e-01
5.525820000000000176e-01
5.554510000000000280e-01
5.583660000000000290e-01
5.613259999999999916e-01
5.643350000000000311e-01
5.673930000000000362e-01
5.705019999999999536e-01
5.736639999999999517e-01
5.768799999999999484e-01
5.801530000000000298e-01
5.834840000000000027e-01
5.868759999999999533e-01
5.903310000000000501e-01
5.938510000000000177e-01
5.974380000000000246e-01
6.010969999999999924e-01
6.048280000000000323e-01
6.086359999999999548e-01
6.125230000000000397e-01
6.164939999999999864e-01
6.205509999999999637e-01
6.247000000000000330e-01
6.289430000000000298e-01
6.332860000000000156e-01
6.377350000000000518e-01
6.422930000000000028e-01
6.469679999999999875e-01
6.517650000000000388e-01
6.566920000000000535e-01
6.617570000000000396e-01
6.669680000000000053e-01
6.723329999999999584e-01
6.778640000000000221e-01
6.835729999999999862e-01
6.894709999999999450e-01
6.955729999999999968e-01
7.018959999999999644e-01
7.084570000000000034e-01
7.152789999999999981e-01
7.223840000000000261e-01
7.298019999999999508e-01
7.375639999999999974e-01
7.457089999999999552e-01
7.542849999999999833e-01
7.633469999999999978e-01
7.729650000000000132e-01
7.832259999999999778e-01
7.942409999999999748e-01
8.061610000000000165e-01
8.191869999999999985e-01
8.336130000000000484e-01
8.498860000000000303e-01
8.687570000000000014e-01
8.916840000000000321e-01
9.224149999999999849e-01
