3.7309999999999999e+00	1.1014899999999999e-02
3.7310040040040038e+00	1.1023900000000000e-02
3.7310080080080077e+00	1.1032900000000000e-02
3.7310120120120120e+00	1.1042000000000000e-02
3.7310160160160160e+00	1.1051000000000000e-02
3.7310200200200199e+00	1.1060000000000000e-02
3.7310240240240238e+00	1.1069100000000000e-02
3.7310280280280277e+00	1.1078200000000000e-02
3.7310320320320320e+00	1.1087200000000000e-02
3.7310360360360360e+00	1.1096300000000000e-02
3.7310400400400399e+00	1.1105400000000000e-02
3.7310440440440438e+00	1.1114499999999999e-02
3.7310480480480481e+00	1.1123600000000001e-02
3.7310520520520520e+00	1.1132700000000001e-02
3.7310560560560559e+00	1.1141900000000000e-02
3.7310600600600599e+00	1.1150999999999999e-02
3.7310640640640638e+00	1.1160200000000000e-02
3.7310680680680681e+00	1.1169300000000000e-02
3.7310720720720720e+00	1.1178499999999999e-02
3.7310760760760759e+00	1.1187700000000000e-02
3.7310800800800799e+00	1.1196899999999999e-02
3.7310840840840838e+00	1.1206000000000001e-02
3.7310880880880881e+00	1.1215299999999999e-02
3.7310920920920920e+00	1.1224500000000000e-02
3.7310960960960959e+00	1.1233699999999999e-02
3.7311001001000998e+00	1.1242900000000000e-02
3.7311041041041038e+00	1.1252200000000000e-02
3.7311081081081081e+00	1.1261400000000000e-02
3.7311121121121120e+00	1.1270700000000000e-02
3.7311161161161159e+00	1.1280000000000000e-02
3.7311201201201198e+00	1.1289199999999999e-02
3.7311241241241242e+00	1.1298500000000000e-02
3.7311281281281281e+00	1.1307800000000000e-02
3.7311321321321320e+00	1.1317100000000000e-02
3.7311361361361359e+00	1.1326500000000000e-02
3.7311401401401398e+00	1.1335800000000000e-02
3.7311441441441442e+00	1.1345100000000000e-02
3.7311481481481481e+00	1.1354500000000000e-02
3.7311521521521520e+00	1.1363900000000000e-02
3.7311561561561559e+00	1.1373200000000000e-02
3.7311601601601598e+00	1.1382600000000000e-02
3.7311641641641642e+00	1.1391999999999999e-02
3.7311681681681681e+00	1.1401400000000001e-02
3.7311721721721720e+00	1.1410800000000000e-02
3.7311761761761759e+00	1.1420200000000000e-02
3.7311801801801803e+00	1.1429699999999999e-02
3.7311841841841842e+00	1.1439100000000001e-02
3.7311881881881881e+00	1.1448600000000000e-02
3.7311921921921920e+00	1.1457999999999999e-02
3.7311961961961959e+00	1.1467500000000000e-02
3.7312002002002003e+00	1.1476999999999999e-02
3.7312042042042042e+00	1.1486500000000000e-02
3.7312082082082081e+00	1.1495999999999999e-02
3.7312122122122120e+00	1.1505500000000000e-02
3.7312162162162159e+00	1.1514999999999999e-02
3.7312202202202203e+00	1.1524500000000000e-02
3.7312242242242242e+00	1.1534100000000000e-02
3.7312282282282281e+00	1.1543599999999999e-02
3.7312322322322320e+00	1.1553200000000000e-02
3.7312362362362359e+00	1.1562800000000000e-02
3.7312402402402403e+00	1.1572400000000000e-02
3.7312442442442442e+00	1.1582000000000000e-02
3.7312482482482481e+00	1.1591600000000001e-02
3.7312522522522520e+00	1.1601200000000001e-02
3.7312562562562563e+00	1.1610799999999999e-02
3.7312602602602603e+00	1.1620500000000001e-02
3.7312642642642642e+00	1.1630100000000001e-02
3.7312682682682681e+00	1.1639800000000000e-02
3.7312722722722720e+00	1.1649500000000000e-02
3.7312762762762763e+00	1.1659100000000000e-02
3.7312802802802802e+00	1.1668800000000000e-02
3.7312842842842842e+00	1.1678500000000000e-02
3.7312882882882881e+00	1.1688300000000000e-02
3.7312922922922920e+00	1.1698000000000000e-02
3.7312962962962963e+00	1.1707700000000000e-02
3.7313003003003002e+00	1.1717500000000000e-02
3.7313043043043042e+00	1.1727200000000000e-02
3.7313083083083081e+00	1.1736999999999999e-02
3.7313123123123120e+00	1.1746800000000000e-02
3.7313163163163163e+00	1.1756600000000001e-02
3.7313203203203202e+00	1.1766400000000000e-02
3.7313243243243241e+00	1.1776200000000001e-02
3.7313283283283281e+00	1.1786000000000000e-02
3.7313323323323324e+00	1.1795900000000000e-02
3.7313363363363363e+00	1.1805700000000001e-02
3.7313403403403402e+00	1.1815600000000001e-02
3.7313443443443441e+00	1.1825400000000000e-02
3.7313483483483481e+00	1.1835300000000000e-02
3.7313523523523524e+00	1.1845200000000000e-02
3.7313563563563563e+00	1.1855100000000000e-02
3.7313603603603602e+00	1.1865000000000001e-02
3.7313643643643641e+00	1.1875000000000000e-02
3.7313683683683680e+00	1.1884900000000000e-02
3.7313723723723724e+00	1.1894900000000000e-02
3.7313763763763763e+00	1.1904800000000000e-02
3.7313803803803802e+00	1.1914800000000000e-02
3.7313843843843841e+00	1.1924799999999999e-02
3.7313883883883880e+00	1.1934800000000001e-02
3.7313923923923924e+00	1.1944800000000000e-02
3.7313963963963963e+00	1.1954800000000000e-02
3.7314004004004002e+00	1.1964900000000001e-02
3.7314044044044041e+00	1.1974900000000000e-02
3.7314084084084085e+00	1.1985000000000001e-02
3.7314124124124124e+00	1.1995000000000000e-02
3.7314164164164163e+00	1.2005099999999999e-02
3.7314204204204202e+00	1.2015200000000000e-02
3.7314244244244241e+00	1.2025299999999999e-02
3.7314284284284285e+00	1.2035400000000000e-02
3.7314324324324324e+00	1.2045600000000000e-02
3.7314364364364363e+00	1.2055700000000001e-02
3.7314404404404402e+00	1.2065899999999999e-02
3.7314444444444441e+00	1.2076000000000000e-02
3.7314484484484485e+00	1.2086200000000000e-02
3.7314524524524524e+00	1.2096400000000000e-02
3.7314564564564563e+00	1.2106600000000000e-02
3.7314604604604602e+00	1.2116800000000000e-02
3.7314644644644646e+00	1.2127100000000000e-02
3.7314684684684685e+00	1.2137300000000000e-02
3.7314724724724724e+00	1.2147600000000000e-02
3.7314764764764763e+00	1.2157800000000000e-02
3.7314804804804802e+00	1.2168099999999999e-02
3.7314844844844846e+00	1.2178400000000001e-02
3.7314884884884885e+00	1.2188700000000000e-02
3.7314924924924924e+00	1.2199000000000000e-02
3.7314964964964963e+00	1.2209400000000000e-02
3.7315005005005002e+00	1.2219700000000000e-02
3.7315045045045045e+00	1.2230100000000001e-02
3.7315085085085085e+00	1.2240400000000000e-02
3.7315125125125124e+00	1.2250799999999999e-02
3.7315165165165163e+00	1.2261200000000000e-02
3.7315205205205202e+00	1.2271600000000001e-02
3.7315245245245245e+00	1.2282000000000000e-02
3.7315285285285285e+00	1.2292500000000000e-02
3.7315325325325324e+00	1.2302900000000000e-02
3.7315365365365363e+00	1.2313400000000000e-02
3.7315405405405406e+00	1.2323799999999999e-02
3.7315445445445445e+00	1.2334299999999999e-02
3.7315485485485484e+00	1.2344800000000000e-02
3.7315525525525524e+00	1.2355300000000000e-02
3.7315565565565563e+00	1.2365900000000001e-02
3.7315605605605606e+00	1.2376399999999999e-02
3.7315645645645645e+00	1.2387000000000000e-02
3.7315685685685684e+00	1.2397500000000001e-02
3.7315725725725724e+00	1.2408100000000000e-02
3.7315765765765763e+00	1.2418700000000000e-02
3.7315805805805806e+00	1.2429300000000001e-02
3.7315845845845845e+00	1.2439900000000000e-02
3.7315885885885884e+00	1.2450599999999999e-02
3.7315925925925924e+00	1.2461200000000000e-02
3.7315965965965963e+00	1.2471899999999999e-02
3.7316006006006006e+00	1.2482500000000001e-02
3.7316046046046045e+00	1.2493199999999999e-02
3.7316086086086084e+00	1.2503900000000000e-02
3.7316126126126123e+00	1.2514600000000001e-02
3.7316166166166167e+00	1.2525400000000001e-02
3.7316206206206206e+00	1.2536100000000000e-02
3.7316246246246245e+00	1.2546900000000000e-02
3.7316286286286284e+00	1.2557600000000000e-02
3.7316326326326323e+00	1.2568400000000000e-02
3.7316366366366367e+00	1.2579200000000000e-02
3.7316406406406406e+00	1.2590000000000000e-02
3.7316446446446445e+00	1.2600900000000000e-02
3.7316486486486484e+00	1.2611700000000000e-02
3.7316526526526523e+00	1.2622599999999999e-02
3.7316566566566567e+00	1.2633500000000001e-02
3.7316606606606606e+00	1.2644300000000001e-02
3.7316646646646645e+00	1.2655200000000000e-02
3.7316686686686684e+00	1.2666200000000001e-02
3.7316726726726723e+00	1.2677100000000000e-02
3.7316766766766767e+00	1.2688000000000000e-02
3.7316806806806806e+00	1.2699000000000000e-02
3.7316846846846845e+00	1.2710000000000001e-02
3.7316886886886884e+00	1.2721000000000000e-02
3.7316926926926928e+00	1.2732000000000000e-02
3.7316966966966967e+00	1.2743000000000001e-02
3.7317007007007006e+00	1.2754000000000000e-02
3.7317047047047045e+00	1.2765100000000000e-02
3.7317087087087084e+00	1.2776100000000000e-02
3.7317127127127128e+00	1.2787200000000000e-02
3.7317167167167167e+00	1.2798300000000000e-02
3.7317207207207206e+00	1.2809400000000000e-02
3.7317247247247245e+00	1.2820500000000000e-02
3.7317287287287284e+00	1.2831700000000000e-02
3.7317327327327328e+00	1.2842800000000000e-02
3.7317367367367367e+00	1.2854000000000001e-02
3.7317407407407406e+00	1.2865200000000000e-02
3.7317447447447445e+00	1.2876400000000000e-02
3.7317487487487484e+00	1.2887600000000001e-02
3.7317527527527528e+00	1.2898800000000000e-02
3.7317567567567567e+00	1.2910100000000001e-02
3.7317607607607606e+00	1.2921300000000000e-02
3.7317647647647645e+00	1.2932600000000001e-02
3.7317687687687688e+00	1.2943900000000000e-02
3.7317727727727728e+00	1.2955200000000000e-02
3.7317767767767767e+00	1.2966600000000000e-02
3.7317807807807806e+00	1.2977900000000001e-02
3.7317847847847845e+00	1.2989300000000000e-02
3.7317887887887888e+00	1.3000599999999999e-02
3.7317927927927927e+00	1.3011999999999999e-02
3.7317967967967967e+00	1.3023399999999999e-02
3.7318008008008006e+00	1.3034900000000000e-02
3.7318048048048045e+00	1.3046300000000000e-02
3.7318088088088088e+00	1.3057800000000000e-02
3.7318128128128127e+00	1.3069200000000000e-02
3.7318168168168167e+00	1.3080700000000001e-02
3.7318208208208206e+00	1.3092200000000000e-02
3.7318248248248249e+00	1.3103699999999999e-02
3.7318288288288288e+00	1.3115300000000000e-02
3.7318328328328327e+00	1.3126799999999999e-02
3.7318368368368366e+00	1.3138400000000000e-02
3.7318408408408406e+00	1.3150000000000000e-02
3.7318448448448449e+00	1.3161600000000001e-02
3.7318488488488488e+00	1.3173199999999999e-02
3.7318528528528527e+00	1.3184899999999999e-02
3.7318568568568566e+00	1.3196500000000000e-02
3.7318608608608606e+00	1.3208200000000000e-02
3.7318648648648649e+00	1.3219900000000000e-02
3.7318688688688688e+00	1.3231600000000000e-02
3.7318728728728727e+00	1.3243300000000000e-02
3.7318768768768766e+00	1.3255100000000001e-02
3.7318808808808805e+00	1.3266800000000000e-02
3.7318848848848849e+00	1.3278600000000000e-02
3.7318888888888888e+00	1.3290400000000001e-02
3.7318928928928927e+00	1.3302200000000000e-02
3.7318968968968966e+00	1.3313999999999999e-02
3.7319009009009010e+00	1.3325900000000000e-02
3.7319049049049049e+00	1.3337699999999999e-02
3.7319089089089088e+00	1.3349600000000000e-02
3.7319129129129127e+00	1.3361500000000000e-02
3.7319169169169166e+00	1.3373400000000001e-02
3.7319209209209210e+00	1.3385400000000000e-02
3.7319249249249249e+00	1.3397299999999999e-02
3.7319289289289288e+00	1.3409300000000001e-02
3.7319329329329327e+00	1.3421300000000001e-02
3.7319369369369366e+00	1.3433300000000000e-02
3.7319409409409410e+00	1.3445300000000000e-02
3.7319449449449449e+00	1.3457400000000000e-02
3.7319489489489488e+00	1.3469399999999999e-02
3.7319529529529527e+00	1.3481500000000000e-02
3.7319569569569566e+00	1.3493600000000000e-02
3.7319609609609610e+00	1.3505700000000001e-02
3.7319649649649649e+00	1.3517899999999999e-02
3.7319689689689688e+00	1.3530000000000000e-02
3.7319729729729727e+00	1.3542200000000001e-02
3.7319769769769771e+00	1.3554399999999999e-02
3.7319809809809810e+00	1.3566600000000000e-02
3.7319849849849849e+00	1.3578800000000000e-02
3.7319889889889888e+00	1.3591100000000000e-02
3.7319929929929927e+00	1.3603400000000000e-02
3.7319969969969971e+00	1.3615700000000000e-02
3.7320010010010010e+00	1.3627999999999999e-02
3.7320050050050049e+00	1.3640299999999999e-02
3.7320090090090088e+00	1.3652600000000001e-02
3.7320130130130127e+00	1.3665000000000000e-02
3.7320170170170170e+00	1.3677399999999999e-02
3.7320210210210210e+00	1.3689800000000000e-02
3.7320250250250249e+00	1.3702199999999999e-02
3.7320290290290288e+00	1.3714700000000000e-02
3.7320330330330327e+00	1.3727100000000001e-02
3.7320370370370370e+00	1.3739599999999999e-02
3.7320410410410410e+00	1.3752100000000000e-02
3.7320450450450449e+00	1.3764600000000000e-02
3.7320490490490488e+00	1.3777200000000000e-02
3.7320530530530531e+00	1.3789800000000000e-02
3.7320570570570570e+00	1.3802300000000000e-02
3.7320610610610609e+00	1.3814900000000000e-02
3.7320650650650649e+00	1.3827600000000001e-02
3.7320690690690688e+00	1.3840200000000000e-02
3.7320730730730731e+00	1.3852900000000000e-02
3.7320770770770770e+00	1.3865600000000000e-02
3.7320810810810809e+00	1.3878300000000000e-02
3.7320850850850849e+00	1.3891000000000001e-02
3.7320890890890888e+00	1.3903799999999999e-02
3.7320930930930931e+00	1.3916500000000000e-02
3.7320970970970970e+00	1.3929300000000000e-02
3.7321011011011009e+00	1.3942100000000001e-02
3.7321051051051048e+00	1.3955000000000000e-02
3.7321091091091092e+00	1.3967800000000001e-02
3.7321131131131131e+00	1.3980700000000000e-02
3.7321171171171170e+00	1.3993600000000000e-02
3.7321211211211209e+00	1.4006500000000000e-02
3.7321251251251248e+00	1.4019500000000001e-02
3.7321291291291292e+00	1.4032400000000000e-02
3.7321331331331331e+00	1.4045400000000000e-02
3.7321371371371370e+00	1.4058400000000000e-02
3.7321411411411409e+00	1.4071500000000001e-02
3.7321451451451448e+00	1.4084500000000000e-02
3.7321491491491492e+00	1.4097600000000000e-02
3.7321531531531531e+00	1.4110700000000000e-02
3.7321571571571570e+00	1.4123800000000001e-02
3.7321611611611609e+00	1.4136900000000001e-02
3.7321651651651648e+00	1.4150100000000001e-02
3.7321691691691692e+00	1.4163300000000000e-02
3.7321731731731731e+00	1.4176500000000000e-02
3.7321771771771770e+00	1.4189700000000000e-02
3.7321811811811809e+00	1.4203000000000000e-02
3.7321851851851853e+00	1.4216299999999999e-02
3.7321891891891892e+00	1.4229600000000000e-02
3.7321931931931931e+00	1.4242899999999999e-02
3.7321971971971970e+00	1.4256200000000000e-02
3.7322012012012009e+00	1.4269600000000000e-02
3.7322052052052053e+00	1.4283000000000001e-02
3.7322092092092092e+00	1.4296400000000001e-02
3.7322132132132131e+00	1.4309799999999999e-02
3.7322172172172170e+00	1.4323300000000001e-02
3.7322212212212209e+00	1.4336800000000000e-02
3.7322252252252253e+00	1.4350300000000000e-02
3.7322292292292292e+00	1.4363799999999999e-02
3.7322332332332331e+00	1.4377400000000000e-02
3.7322372372372370e+00	1.4390999999999999e-02
3.7322412412412409e+00	1.4404600000000000e-02
3.7322452452452453e+00	1.4418200000000001e-02
3.7322492492492492e+00	1.4431800000000000e-02
3.7322532532532531e+00	1.4445500000000000e-02
3.7322572572572570e+00	1.4459200000000000e-02
3.7322612612612613e+00	1.4473000000000000e-02
3.7322652652652653e+00	1.4486700000000000e-02
3.7322692692692692e+00	1.4500500000000000e-02
3.7322732732732731e+00	1.4514300000000001e-02
3.7322772772772770e+00	1.4528100000000000e-02
3.7322812812812813e+00	1.4541999999999999e-02
3.7322852852852852e+00	1.4555800000000001e-02
3.7322892892892892e+00	1.4569700000000000e-02
3.7322932932932931e+00	1.4583700000000000e-02
3.7322972972972970e+00	1.4597600000000001e-02
3.7323013013013013e+00	1.4611600000000001e-02
3.7323053053053052e+00	1.4625600000000001e-02
3.7323093093093092e+00	1.4639599999999999e-02
3.7323133133133131e+00	1.4653700000000000e-02
3.7323173173173170e+00	1.4667800000000000e-02
3.7323213213213213e+00	1.4681899999999999e-02
3.7323253253253252e+00	1.4696000000000001e-02
3.7323293293293291e+00	1.4710200000000000e-02
3.7323333333333331e+00	1.4724400000000000e-02
3.7323373373373374e+00	1.4738599999999999e-02
3.7323413413413413e+00	1.4752800000000000e-02
3.7323453453453452e+00	1.4767100000000000e-02
3.7323493493493491e+00	1.4781400000000000e-02
3.7323533533533531e+00	1.4795700000000000e-02
3.7323573573573574e+00	1.4810000000000000e-02
3.7323613613613613e+00	1.4824400000000000e-02
3.7323653653653652e+00	1.4838799999999999e-02
3.7323693693693691e+00	1.4853300000000000e-02
3.7323733733733730e+00	1.4867699999999999e-02
3.7323773773773774e+00	1.4882200000000000e-02
3.7323813813813813e+00	1.4896700000000001e-02
3.7323853853853852e+00	1.4911300000000001e-02
3.7323893893893891e+00	1.4925799999999999e-02
3.7323933933933935e+00	1.4940400000000000e-02
3.7323973973973974e+00	1.4955000000000000e-02
3.7324014014014013e+00	1.4969700000000001e-02
3.7324054054054052e+00	1.4984400000000000e-02
3.7324094094094091e+00	1.4999100000000000e-02
3.7324134134134135e+00	1.5013800000000001e-02
3.7324174174174174e+00	1.5028600000000000e-02
3.7324214214214213e+00	1.5043400000000000e-02
3.7324254254254252e+00	1.5058200000000001e-02
3.7324294294294291e+00	1.5073100000000001e-02
3.7324334334334335e+00	1.5088000000000001e-02
3.7324374374374374e+00	1.5102900000000001e-02
3.7324414414414413e+00	1.5117800000000001e-02
3.7324454454454452e+00	1.5132800000000000e-02
3.7324494494494491e+00	1.5147799999999999e-02
3.7324534534534535e+00	1.5162800000000001e-02
3.7324574574574574e+00	1.5177899999999999e-02
3.7324614614614613e+00	1.5193000000000000e-02
3.7324654654654652e+00	1.5208100000000000e-02
3.7324694694694696e+00	1.5223300000000000e-02
3.7324734734734735e+00	1.5238399999999999e-02
3.7324774774774774e+00	1.5253700000000000e-02
3.7324814814814813e+00	1.5268900000000000e-02
3.7324854854854852e+00	1.5284200000000000e-02
3.7324894894894896e+00	1.5299500000000001e-02
3.7324934934934935e+00	1.5314800000000000e-02
3.7324974974974974e+00	1.5330200000000000e-02
3.7325015015015013e+00	1.5345599999999999e-02
3.7325055055055052e+00	1.5361000000000000e-02
3.7325095095095095e+00	1.5376500000000000e-02
3.7325135135135135e+00	1.5391999999999999e-02
3.7325175175175174e+00	1.5407499999999999e-02
3.7325215215215213e+00	1.5423100000000000e-02
3.7325255255255252e+00	1.5438700000000000e-02
3.7325295295295295e+00	1.5454300000000001e-02
3.7325335335335335e+00	1.5469999999999999e-02
3.7325375375375374e+00	1.5485700000000000e-02
3.7325415415415413e+00	1.5501400000000000e-02
3.7325455455455456e+00	1.5517100000000001e-02
3.7325495495495495e+00	1.5532900000000001e-02
3.7325535535535534e+00	1.5548800000000000e-02
3.7325575575575574e+00	1.5564600000000000e-02
3.7325615615615613e+00	1.5580500000000001e-02
3.7325655655655656e+00	1.5596400000000000e-02
3.7325695695695695e+00	1.5612400000000000e-02
3.7325735735735734e+00	1.5628400000000001e-02
3.7325775775775774e+00	1.5644399999999999e-02
3.7325815815815813e+00	1.5660500000000001e-02
3.7325855855855856e+00	1.5676599999999999e-02
3.7325895895895895e+00	1.5692700000000000e-02
3.7325935935935934e+00	1.5708900000000001e-02
3.7325975975975973e+00	1.5725099999999999e-02
3.7326016016016013e+00	1.5741300000000000e-02
3.7326056056056056e+00	1.5757600000000000e-02
3.7326096096096095e+00	1.5773900000000000e-02
3.7326136136136134e+00	1.5790200000000001e-02
3.7326176176176173e+00	1.5806600000000001e-02
3.7326216216216217e+00	1.5823000000000000e-02
3.7326256256256256e+00	1.5839499999999999e-02
3.7326296296296295e+00	1.5855999999999999e-02
3.7326336336336334e+00	1.5872500000000001e-02
3.7326376376376373e+00	1.5889000000000000e-02
3.7326416416416417e+00	1.5905599999999999e-02
3.7326456456456456e+00	1.5922300000000000e-02
3.7326496496496495e+00	1.5938899999999999e-02
3.7326536536536534e+00	1.5955600000000000e-02
3.7326576576576573e+00	1.5972400000000001e-02
3.7326616616616617e+00	1.5989199999999999e-02
3.7326656656656656e+00	1.6005999999999999e-02
3.7326696696696695e+00	1.6022900000000000e-02
3.7326736736736734e+00	1.6039800000000000e-02
3.7326776776776773e+00	1.6056700000000000e-02
3.7326816816816817e+00	1.6073700000000000e-02
3.7326856856856856e+00	1.6090699999999999e-02
3.7326896896896895e+00	1.6107699999999999e-02
3.7326936936936934e+00	1.6124800000000002e-02
3.7326976976976978e+00	1.6141900000000001e-02
3.7327017017017017e+00	1.6159099999999999e-02
3.7327057057057056e+00	1.6176300000000001e-02
3.7327097097097095e+00	1.6193599999999999e-02
3.7327137137137134e+00	1.6210900000000000e-02
3.7327177177177178e+00	1.6228200000000002e-02
3.7327217217217217e+00	1.6245599999999999e-02
3.7327257257257256e+00	1.6263000000000000e-02
3.7327297297297295e+00	1.6280400000000000e-02
3.7327337337337334e+00	1.6297900000000001e-02
3.7327377377377378e+00	1.6315500000000000e-02
3.7327417417417417e+00	1.6333000000000000e-02
3.7327457457457456e+00	1.6350600000000000e-02
3.7327497497497495e+00	1.6368299999999999e-02
3.7327537537537538e+00	1.6386000000000001e-02
3.7327577577577578e+00	1.6403700000000000e-02
3.7327617617617617e+00	1.6421499999999999e-02
3.7327657657657656e+00	1.6439400000000000e-02
3.7327697697697695e+00	1.6457200000000002e-02
3.7327737737737738e+00	1.6475099999999999e-02
3.7327777777777778e+00	1.6493100000000000e-02
3.7327817817817817e+00	1.6511100000000001e-02
3.7327857857857856e+00	1.6529100000000001e-02
3.7327897897897895e+00	1.6547200000000001e-02
3.7327937937937938e+00	1.6565300000000002e-02
3.7327977977977977e+00	1.6583500000000001e-02
3.7328018018018017e+00	1.6601700000000000e-02
3.7328058058058056e+00	1.6619999999999999e-02
3.7328098098098095e+00	1.6638300000000002e-02
3.7328138138138138e+00	1.6656700000000000e-02
3.7328178178178177e+00	1.6675100000000002e-02
3.7328218218218217e+00	1.6693500000000000e-02
3.7328258258258256e+00	1.6712000000000001e-02
3.7328298298298299e+00	1.6730499999999999e-02
3.7328338338338338e+00	1.6749099999999999e-02
3.7328378378378377e+00	1.6767799999999999e-02
3.7328418418418416e+00	1.6786400000000000e-02
3.7328458458458456e+00	1.6805199999999999e-02
3.7328498498498499e+00	1.6823899999999999e-02
3.7328538538538538e+00	1.6842699999999999e-02
3.7328578578578577e+00	1.6861600000000001e-02
3.7328618618618616e+00	1.6880500000000000e-02
3.7328658658658656e+00	1.6899500000000001e-02
3.7328698698698699e+00	1.6918500000000000e-02
3.7328738738738738e+00	1.6937500000000001e-02
3.7328778778778777e+00	1.6956700000000002e-02
3.7328818818818816e+00	1.6975799999999999e-02
3.7328858858858855e+00	1.6995000000000000e-02
3.7328898898898899e+00	1.7014300000000000e-02
3.7328938938938938e+00	1.7033599999999999e-02
3.7328978978978977e+00	1.7052899999999999e-02
3.7329019019019016e+00	1.7072299999999999e-02
3.7329059059059060e+00	1.7091800000000001e-02
3.7329099099099099e+00	1.7111299999999999e-02
3.7329139139139138e+00	1.7130900000000001e-02
3.7329179179179177e+00	1.7150499999999999e-02
3.7329219219219216e+00	1.7170100000000001e-02
3.7329259259259260e+00	1.7189800000000002e-02
3.7329299299299299e+00	1.7209599999999999e-02
3.7329339339339338e+00	1.7229399999999999e-02
3.7329379379379377e+00	1.7249299999999999e-02
3.7329419419419416e+00	1.7269199999999998e-02
3.7329459459459460e+00	1.7289200000000001e-02
3.7329499499499499e+00	1.7309200000000000e-02
3.7329539539539538e+00	1.7329299999999999e-02
3.7329579579579577e+00	1.7349500000000000e-02
3.7329619619619616e+00	1.7369599999999999e-02
3.7329659659659660e+00	1.7389900000000000e-02
3.7329699699699699e+00	1.7410200000000001e-02
3.7329739739739738e+00	1.7430600000000001e-02
3.7329779779779777e+00	1.7451000000000001e-02
3.7329819819819821e+00	1.7471400000000002e-02
3.7329859859859860e+00	1.7492000000000001e-02
3.7329899899899899e+00	1.7512500000000000e-02
3.7329939939939938e+00	1.7533199999999999e-02
3.7329979979979977e+00	1.7553900000000001e-02
3.7330020020020021e+00	1.7574599999999999e-02
3.7330060060060060e+00	1.7595500000000000e-02
3.7330100100100099e+00	1.7616300000000001e-02
3.7330140140140138e+00	1.7637199999999999e-02
3.7330180180180177e+00	1.7658199999999999e-02
3.7330220220220220e+00	1.7679299999999998e-02
3.7330260260260260e+00	1.7700400000000002e-02
3.7330300300300299e+00	1.7721500000000001e-02
3.7330340340340338e+00	1.7742800000000000e-02
3.7330380380380381e+00	1.7764100000000001e-02
3.7330420420420420e+00	1.7785400000000000e-02
3.7330460460460460e+00	1.7806800000000001e-02
3.7330500500500499e+00	1.7828299999999998e-02
3.7330540540540538e+00	1.7849799999999999e-02
3.7330580580580581e+00	1.7871399999999999e-02
3.7330620620620620e+00	1.7893099999999999e-02
3.7330660660660659e+00	1.7914800000000002e-02
3.7330700700700699e+00	1.7936500000000001e-02
3.7330740740740738e+00	1.7958399999999999e-02
3.7330780780780781e+00	1.7980300000000001e-02
3.7330820820820820e+00	1.8002299999999999e-02
3.7330860860860859e+00	1.8024300000000000e-02
3.7330900900900899e+00	1.8046400000000001e-02
3.7330940940940938e+00	1.8068600000000001e-02
3.7330980980980981e+00	1.8090800000000001e-02
3.7331021021021020e+00	1.8113100000000000e-02
3.7331061061061059e+00	1.8135499999999999e-02
3.7331101101101098e+00	1.8157900000000001e-02
3.7331141141141142e+00	1.8180399999999999e-02
3.7331181181181181e+00	1.8202900000000001e-02
3.7331221221221220e+00	1.8225600000000002e-02
3.7331261261261259e+00	1.8248299999999999e-02
3.7331301301301298e+00	1.8270999999999999e-02
3.7331341341341342e+00	1.8293899999999998e-02
3.7331381381381381e+00	1.8316800000000001e-02
3.7331421421421420e+00	1.8339800000000000e-02
3.7331461461461459e+00	1.8362799999999999e-02
3.7331501501501498e+00	1.8385900000000000e-02
3.7331541541541542e+00	1.8409100000000001e-02
3.7331581581581581e+00	1.8432400000000002e-02
3.7331621621621620e+00	1.8455699999999998e-02
3.7331661661661659e+00	1.8479099999999998e-02
3.7331701701701698e+00	1.8502600000000001e-02
3.7331741741741742e+00	1.8526100000000000e-02
3.7331781781781781e+00	1.8549699999999999e-02
3.7331821821821820e+00	1.8573400000000000e-02
3.7331861861861859e+00	1.8597200000000001e-02
3.7331901901901903e+00	1.8620999999999999e-02
3.7331941941941942e+00	1.8644999999999998e-02
3.7331981981981981e+00	1.8669000000000002e-02
3.7332022022022020e+00	1.8693000000000001e-02
3.7332062062062059e+00	1.8717200000000000e-02
3.7332102102102103e+00	1.8741399999999998e-02
3.7332142142142142e+00	1.8765700000000000e-02
3.7332182182182181e+00	1.8790100000000001e-02
3.7332222222222220e+00	1.8814500000000001e-02
3.7332262262262259e+00	1.8839100000000001e-02
3.7332302302302303e+00	1.8863700000000001e-02
3.7332342342342342e+00	1.8888400000000000e-02
3.7332382382382381e+00	1.8913200000000002e-02
3.7332422422422420e+00	1.8938000000000000e-02
3.7332462462462459e+00	1.8962900000000001e-02
3.7332502502502503e+00	1.8988000000000001e-02
3.7332542542542542e+00	1.9013100000000002e-02
3.7332582582582581e+00	1.9038300000000001e-02
3.7332622622622620e+00	1.9063500000000001e-02
3.7332662662662663e+00	1.9088899999999999e-02
3.7332702702702703e+00	1.9114300000000001e-02
3.7332742742742742e+00	1.9139799999999998e-02
3.7332782782782781e+00	1.9165399999999999e-02
3.7332822822822820e+00	1.9191099999999999e-02
3.7332862862862863e+00	1.9216899999999999e-02
3.7332902902902902e+00	1.9242800000000001e-02
3.7332942942942942e+00	1.9268700000000000e-02
3.7332982982982981e+00	1.9294800000000001e-02
3.7333023023023020e+00	1.9320899999999998e-02
3.7333063063063063e+00	1.9347099999999999e-02
3.7333103103103102e+00	1.9373399999999999e-02
3.7333143143143142e+00	1.9399799999999998e-02
3.7333183183183181e+00	1.9426300000000001e-02
3.7333223223223224e+00	1.9452899999999999e-02
3.7333263263263263e+00	1.9479600000000000e-02
3.7333303303303302e+00	1.9506300000000001e-02
3.7333343343343341e+00	1.9533200000000001e-02
3.7333383383383381e+00	1.9560100000000000e-02
3.7333423423423424e+00	1.9587199999999999e-02
3.7333463463463463e+00	1.9614300000000001e-02
3.7333503503503502e+00	1.9641499999999999e-02
3.7333543543543541e+00	1.9668900000000000e-02
3.7333583583583581e+00	1.9696300000000000e-02
3.7333623623623624e+00	1.9723800000000000e-02
3.7333663663663663e+00	1.9751500000000002e-02
3.7333703703703702e+00	1.9779200000000000e-02
3.7333743743743741e+00	1.9807000000000002e-02
3.7333783783783780e+00	1.9834899999999999e-02
3.7333823823823824e+00	1.9862899999999999e-02
3.7333863863863863e+00	1.9891099999999998e-02
3.7333903903903902e+00	1.9919300000000001e-02
3.7333943943943941e+00	1.9947599999999999e-02
3.7333983983983985e+00	1.9976100000000000e-02
3.7334024024024024e+00	2.0004600000000001e-02
3.7334064064064063e+00	2.0033200000000001e-02
3.7334104104104102e+00	2.0062000000000000e-02
3.7334144144144141e+00	2.0090799999999999e-02
3.7334184184184185e+00	2.0119800000000000e-02
3.7334224224224224e+00	2.0148800000000001e-02
3.7334264264264263e+00	2.0178000000000001e-02
3.7334304304304302e+00	2.0207300000000001e-02
3.7334344344344341e+00	2.0236700000000000e-02
3.7334384384384385e+00	2.0266200000000002e-02
3.7334424424424424e+00	2.0295799999999999e-02
3.7334464464464463e+00	2.0325500000000000e-02
3.7334504504504502e+00	2.0355399999999999e-02
3.7334544544544541e+00	2.0385299999999999e-02
3.7334584584584585e+00	2.0415400000000000e-02
3.7334624624624624e+00	2.0445600000000001e-02
3.7334664664664663e+00	2.0475899999999998e-02
3.7334704704704702e+00	2.0506300000000002e-02
3.7334744744744746e+00	2.0536800000000001e-02
3.7334784784784785e+00	2.0567400000000000e-02
3.7334824824824824e+00	2.0598200000000001e-02
3.7334864864864863e+00	2.0629100000000001e-02
3.7334904904904902e+00	2.0660100000000001e-02
3.7334944944944946e+00	2.0691200000000000e-02
3.7334984984984985e+00	2.0722500000000001e-02
3.7335025025025024e+00	2.0753899999999999e-02
3.7335065065065063e+00	2.0785399999999999e-02
3.7335105105105102e+00	2.0816999999999999e-02
3.7335145145145145e+00	2.0848700000000001e-02
3.7335185185185185e+00	2.0880599999999999e-02
3.7335225225225224e+00	2.0912600000000000e-02
3.7335265265265263e+00	2.0944700000000000e-02
3.7335305305305302e+00	2.0976999999999999e-02
3.7335345345345345e+00	2.1009400000000001e-02
3.7335385385385385e+00	2.1041899999999999e-02
3.7335425425425424e+00	2.1074599999999999e-02
3.7335465465465463e+00	2.1107299999999999e-02
3.7335505505505506e+00	2.1140300000000001e-02
3.7335545545545545e+00	2.1173299999999999e-02
3.7335585585585584e+00	2.1206500000000000e-02
3.7335625625625624e+00	2.1239800000000000e-02
3.7335665665665663e+00	2.1273299999999998e-02
3.7335705705705706e+00	2.1306900000000000e-02
3.7335745745745745e+00	2.1340700000000001e-02
3.7335785785785784e+00	2.1374500000000001e-02
3.7335825825825824e+00	2.1408600000000000e-02
3.7335865865865863e+00	2.1442699999999999e-02
3.7335905905905906e+00	2.1477099999999999e-02
3.7335945945945945e+00	2.1511499999999999e-02
3.7335985985985984e+00	2.1546099999999999e-02
3.7336026026026023e+00	2.1580900000000000e-02
3.7336066066066063e+00	2.1615800000000001e-02
3.7336106106106106e+00	2.1650800000000001e-02
3.7336146146146145e+00	2.1686100000000000e-02
3.7336186186186184e+00	2.1721399999999998e-02
3.7336226226226223e+00	2.1756899999999999e-02
3.7336266266266267e+00	2.1792599999999999e-02
3.7336306306306306e+00	2.1828400000000001e-02
3.7336346346346345e+00	2.1864399999999999e-02
3.7336386386386384e+00	2.1900500000000000e-02
3.7336426426426423e+00	2.1936799999999999e-02
3.7336466466466467e+00	2.1973300000000001e-02
3.7336506506506506e+00	2.2009899999999999e-02
3.7336546546546545e+00	2.2046699999999999e-02
3.7336586586586584e+00	2.2083599999999998e-02
3.7336626626626623e+00	2.2120700000000000e-02
3.7336666666666667e+00	2.2158000000000001e-02
3.7336706706706706e+00	2.2195400000000001e-02
3.7336746746746745e+00	2.2232999999999999e-02
3.7336786786786784e+00	2.2270800000000000e-02
3.7336826826826828e+00	2.2308800000000000e-02
3.7336866866866867e+00	2.2346899999999999e-02
3.7336906906906906e+00	2.2385200000000001e-02
3.7336946946946945e+00	2.2423700000000001e-02
3.7336986986986984e+00	2.2462300000000001e-02
3.7337027027027028e+00	2.2501199999999999e-02
3.7337067067067067e+00	2.2540200000000000e-02
3.7337107107107106e+00	2.2579399999999999e-02
3.7337147147147145e+00	2.2618699999999999e-02
3.7337187187187184e+00	2.2658299999999999e-02
3.7337227227227228e+00	2.2698099999999999e-02
3.7337267267267267e+00	2.2738000000000001e-02
3.7337307307307306e+00	2.2778099999999999e-02
3.7337347347347345e+00	2.2818399999999999e-02
3.7337387387387384e+00	2.2858900000000001e-02
3.7337427427427428e+00	2.2899599999999999e-02
3.7337467467467467e+00	2.2940499999999999e-02
3.7337507507507506e+00	2.2981600000000001e-02
3.7337547547547545e+00	2.3022899999999999e-02
3.7337587587587588e+00	2.3064399999999999e-02
3.7337627627627628e+00	2.3106100000000001e-02
3.7337667667667667e+00	2.3147999999999998e-02
3.7337707707707706e+00	2.3190100000000002e-02
3.7337747747747745e+00	2.3232400000000000e-02
3.7337787787787788e+00	2.3275000000000001e-02
3.7337827827827827e+00	2.3317700000000000e-02
3.7337867867867867e+00	2.3360599999999999e-02
3.7337907907907906e+00	2.3403799999999999e-02
3.7337947947947945e+00	2.3447200000000001e-02
3.7337987987987988e+00	2.3490799999999999e-02
3.7338028028028027e+00	2.3534599999999999e-02
3.7338068068068067e+00	2.3578600000000002e-02
3.7338108108108106e+00	2.3622899999999999e-02
3.7338148148148145e+00	2.3667299999999999e-02
3.7338188188188188e+00	2.3712100000000000e-02
3.7338228228228227e+00	2.3757000000000000e-02
3.7338268268268267e+00	2.3802199999999999e-02
3.7338308308308306e+00	2.3847600000000000e-02
3.7338348348348349e+00	2.3893200000000000e-02
3.7338388388388388e+00	2.3939100000000001e-02
3.7338428428428427e+00	2.3985200000000002e-02
3.7338468468468466e+00	2.4031600000000000e-02
3.7338508508508506e+00	2.4078200000000001e-02
3.7338548548548549e+00	2.4125000000000001e-02
3.7338588588588588e+00	2.4172099999999998e-02
3.7338628628628627e+00	2.4219500000000001e-02
3.7338668668668666e+00	2.4267100000000000e-02
3.7338708708708706e+00	2.4314900000000000e-02
3.7338748748748749e+00	2.4362999999999999e-02
3.7338788788788788e+00	2.4411400000000000e-02
3.7338828828828827e+00	2.4460099999999999e-02
3.7338868868868866e+00	2.4509000000000000e-02
3.7338908908908905e+00	2.4558099999999999e-02
3.7338948948948949e+00	2.4607600000000000e-02
3.7338988988988988e+00	2.4657300000000000e-02
3.7339029029029027e+00	2.4707300000000001e-02
3.7339069069069066e+00	2.4757500000000002e-02
3.7339109109109110e+00	2.4808100000000000e-02
3.7339149149149149e+00	2.4858900000000000e-02
3.7339189189189188e+00	2.4910000000000002e-02
3.7339229229229227e+00	2.4961400000000002e-02
3.7339269269269266e+00	2.5013100000000000e-02
3.7339309309309310e+00	2.5065100000000000e-02
3.7339349349349349e+00	2.5117299999999999e-02
3.7339389389389388e+00	2.5169899999999999e-02
3.7339429429429427e+00	2.5222800000000000e-02
3.7339469469469466e+00	2.5276000000000000e-02
3.7339509509509510e+00	2.5329399999999998e-02
3.7339549549549549e+00	2.5383200000000002e-02
3.7339589589589588e+00	2.5437399999999999e-02
3.7339629629629627e+00	2.5491799999999998e-02
3.7339669669669671e+00	2.5546500000000000e-02
3.7339709709709710e+00	2.5601599999999999e-02
3.7339749749749749e+00	2.5656999999999999e-02
3.7339789789789788e+00	2.5712700000000002e-02
3.7339829829829827e+00	2.5768800000000001e-02
3.7339869869869871e+00	2.5825200000000000e-02
3.7339909909909910e+00	2.5881899999999999e-02
3.7339949949949949e+00	2.5939000000000000e-02
3.7339989989989988e+00	2.5996399999999999e-02
3.7340030030030027e+00	2.6054200000000000e-02
3.7340070070070071e+00	2.6112300000000001e-02
3.7340110110110110e+00	2.6170800000000001e-02
3.7340150150150149e+00	2.6229599999999999e-02
3.7340190190190188e+00	2.6288800000000001e-02
3.7340230230230227e+00	2.6348400000000001e-02
3.7340270270270270e+00	2.6408299999999999e-02
3.7340310310310310e+00	2.6468599999999998e-02
3.7340350350350349e+00	2.6529299999999999e-02
3.7340390390390388e+00	2.6590400000000000e-02
3.7340430430430431e+00	2.6651899999999999e-02
3.7340470470470470e+00	2.6713700000000000e-02
3.7340510510510510e+00	2.6776000000000001e-02
3.7340550550550549e+00	2.6838600000000001e-02
3.7340590590590588e+00	2.6901700000000001e-02
3.7340630630630631e+00	2.6965099999999999e-02
3.7340670670670670e+00	2.7029000000000001e-02
3.7340710710710709e+00	2.7093300000000001e-02
3.7340750750750749e+00	2.7158000000000002e-02
3.7340790790790788e+00	2.7223199999999999e-02
3.7340830830830831e+00	2.7288699999999999e-02
3.7340870870870870e+00	2.7354699999999999e-02
3.7340910910910909e+00	2.7421200000000000e-02
3.7340950950950949e+00	2.7488100000000001e-02
3.7340990990990988e+00	2.7555400000000001e-02
3.7341031031031031e+00	2.7623200000000001e-02
3.7341071071071070e+00	2.7691400000000001e-02
3.7341111111111109e+00	2.7760199999999999e-02
3.7341151151151148e+00	2.7829300000000001e-02
3.7341191191191192e+00	2.7899000000000000e-02
3.7341231231231231e+00	2.7969100000000000e-02
3.7341271271271270e+00	2.8039800000000000e-02
3.7341311311311309e+00	2.8110900000000001e-02
3.7341351351351348e+00	2.8182499999999999e-02
3.7341391391391392e+00	2.8254600000000001e-02
3.7341431431431431e+00	2.8327200000000000e-02
3.7341471471471470e+00	2.8400399999999999e-02
3.7341511511511509e+00	2.8473999999999999e-02
3.7341551551551548e+00	2.8548199999999999e-02
3.7341591591591592e+00	2.8622900000000000e-02
3.7341631631631631e+00	2.8698200000000000e-02
3.7341671671671670e+00	2.8774000000000001e-02
3.7341711711711709e+00	2.8850399999999998e-02
3.7341751751751748e+00	2.8927300000000000e-02
3.7341791791791792e+00	2.9004800000000001e-02
3.7341831831831831e+00	2.9082799999999999e-02
3.7341871871871870e+00	2.9161400000000001e-02
3.7341911911911909e+00	2.9240599999999999e-02
3.7341951951951953e+00	2.9320400000000000e-02
3.7341991991991992e+00	2.9400800000000001e-02
3.7342032032032031e+00	2.9481899999999998e-02
3.7342072072072070e+00	2.9563500000000000e-02
3.7342112112112109e+00	2.9645700000000001e-02
3.7342152152152153e+00	2.9728600000000001e-02
3.7342192192192192e+00	2.9812100000000001e-02
3.7342232232232231e+00	2.9896300000000001e-02
3.7342272272272270e+00	2.9981100000000000e-02
3.7342312312312309e+00	3.0066599999999999e-02
3.7342352352352353e+00	3.0152700000000001e-02
3.7342392392392392e+00	3.0239599999999998e-02
3.7342432432432431e+00	3.0327099999999999e-02
3.7342472472472470e+00	3.0415299999999999e-02
3.7342512512512513e+00	3.0504199999999999e-02
3.7342552552552553e+00	3.0593800000000001e-02
3.7342592592592592e+00	3.0684199999999998e-02
3.7342632632632631e+00	3.0775299999999998e-02
3.7342672672672670e+00	3.0867100000000001e-02
3.7342712712712713e+00	3.0959700000000000e-02
3.7342752752752753e+00	3.1053000000000001e-02
3.7342792792792792e+00	3.1147100000000000e-02
3.7342832832832831e+00	3.1241999999999999e-02
3.7342872872872870e+00	3.1337700000000003e-02
3.7342912912912913e+00	3.1434200000000002e-02
3.7342952952952952e+00	3.1531499999999997e-02
3.7342992992992992e+00	3.1629600000000001e-02
3.7343033033033031e+00	3.1728600000000003e-02
3.7343073073073070e+00	3.1828400000000000e-02
3.7343113113113113e+00	3.1929100000000002e-02
3.7343153153153152e+00	3.2030700000000002e-02
3.7343193193193192e+00	3.2133099999999998e-02
3.7343233233233231e+00	3.2236500000000001e-02
3.7343273273273274e+00	3.2340700000000000e-02
3.7343313313313313e+00	3.2445900000000000e-02
3.7343353353353352e+00	3.2551999999999998e-02
3.7343393393393391e+00	3.2659000000000001e-02
3.7343433433433431e+00	3.2766999999999998e-02
3.7343473473473474e+00	3.2876000000000002e-02
3.7343513513513513e+00	3.2986000000000001e-02
3.7343553553553552e+00	3.3097000000000001e-02
3.7343593593593591e+00	3.3209000000000002e-02
3.7343633633633631e+00	3.3322100000000000e-02
3.7343673673673674e+00	3.3436199999999999e-02
3.7343713713713713e+00	3.3551299999999999e-02
3.7343753753753752e+00	3.3667599999999999e-02
3.7343793793793791e+00	3.3784900000000000e-02
3.7343833833833830e+00	3.3903299999999997e-02
3.7343873873873874e+00	3.4022900000000002e-02
3.7343913913913913e+00	3.4143699999999999e-02
3.7343953953953952e+00	3.4265600000000000e-02
3.7343993993993991e+00	3.4388599999999998e-02
3.7344034034034035e+00	3.4512899999999999e-02
3.7344074074074074e+00	3.4638400000000000e-02
3.7344114114114113e+00	3.4765200000000003e-02
3.7344154154154152e+00	3.4893199999999999e-02
3.7344194194194191e+00	3.5022499999999998e-02
3.7344234234234235e+00	3.5153100000000000e-02
3.7344274274274274e+00	3.5284999999999997e-02
3.7344314314314313e+00	3.5418199999999997e-02
3.7344354354354352e+00	3.5552800000000002e-02
3.7344394394394391e+00	3.5688800000000000e-02
3.7344434434434435e+00	3.5826200000000002e-02
3.7344474474474474e+00	3.5965100000000000e-02
3.7344514514514513e+00	3.6105400000000003e-02
3.7344554554554552e+00	3.6247200000000000e-02
3.7344594594594591e+00	3.6390400000000003e-02
3.7344634634634635e+00	3.6535300000000000e-02
3.7344674674674674e+00	3.6681600000000002e-02
3.7344714714714713e+00	3.6829599999999997e-02
3.7344754754754752e+00	3.6979100000000001e-02
3.7344794794794796e+00	3.7130299999999998e-02
3.7344834834834835e+00	3.7283200000000002e-02
3.7344874874874874e+00	3.7437699999999997e-02
3.7344914914914913e+00	3.7594000000000002e-02
3.7344954954954952e+00	3.7752099999999997e-02
3.7344994994994996e+00	3.7911899999999998e-02
3.7345035035035035e+00	3.8073500000000003e-02
3.7345075075075074e+00	3.8237000000000000e-02
3.7345115115115113e+00	3.8402400000000003e-02
3.7345155155155152e+00	3.8569699999999998e-02
3.7345195195195195e+00	3.8738900000000000e-02
3.7345235235235235e+00	3.8910199999999999e-02
3.7345275275275274e+00	3.9083399999999997e-02
3.7345315315315313e+00	3.9258700000000001e-02
3.7345355355355352e+00	3.9436199999999998e-02
3.7345395395395395e+00	3.9615699999999997e-02
3.7345435435435435e+00	3.9797500000000000e-02
3.7345475475475474e+00	3.9981500000000003e-02
3.7345515515515513e+00	4.0167700000000001e-02
3.7345555555555556e+00	4.0356299999999998e-02
3.7345595595595595e+00	4.0547199999999999e-02
3.7345635635635634e+00	4.0740499999999999e-02
3.7345675675675674e+00	4.0936300000000002e-02
3.7345715715715713e+00	4.1134499999999997e-02
3.7345755755755756e+00	4.1335400000000001e-02
3.7345795795795795e+00	4.1538800000000001e-02
3.7345835835835834e+00	4.1744900000000001e-02
3.7345875875875874e+00	4.1953600000000001e-02
3.7345915915915913e+00	4.2165200000000000e-02
3.7345955955955956e+00	4.2379500000000001e-02
3.7345995995995995e+00	4.2596799999999997e-02
3.7346036036036034e+00	4.2817000000000001e-02
3.7346076076076073e+00	4.3040099999999998e-02
3.7346116116116117e+00	4.3266400000000003e-02
3.7346156156156156e+00	4.3495800000000001e-02
3.7346196196196195e+00	4.3728400000000001e-02
3.7346236236236234e+00	4.3964200000000002e-02
3.7346276276276273e+00	4.4203399999999997e-02
3.7346316316316317e+00	4.4445999999999999e-02
3.7346356356356356e+00	4.4692099999999998e-02
3.7346396396396395e+00	4.4941799999999997e-02
3.7346436436436434e+00	4.5195100000000002e-02
3.7346476476476473e+00	4.5452199999999998e-02
3.7346516516516517e+00	4.5713100000000000e-02
3.7346556556556556e+00	4.5977799999999999e-02
3.7346596596596595e+00	4.6246599999999999e-02
3.7346636636636634e+00	4.6519499999999998e-02
3.7346676676676673e+00	4.6796600000000001e-02
3.7346716716716717e+00	4.7077899999999999e-02
3.7346756756756756e+00	4.7363700000000002e-02
3.7346796796796795e+00	4.7653899999999999e-02
3.7346836836836834e+00	4.7948800000000000e-02
3.7346876876876878e+00	4.8248399999999997e-02
3.7346916916916917e+00	4.8552800000000000e-02
3.7346956956956956e+00	4.8862200000000001e-02
3.7346996996996995e+00	4.9176699999999997e-02
3.7347037037037034e+00	4.9496400000000003e-02
3.7347077077077078e+00	4.9821400000000002e-02
3.7347117117117117e+00	5.0151899999999999e-02
3.7347157157157156e+00	5.0488100000000001e-02
3.7347197197197195e+00	5.0830000000000000e-02
3.7347237237237234e+00	5.1177899999999998e-02
3.7347277277277278e+00	5.1531899999999999e-02
3.7347317317317317e+00	5.1892099999999997e-02
3.7347357357357356e+00	5.2258800000000001e-02
3.7347397397397395e+00	5.2631999999999998e-02
3.7347437437437434e+00	5.3012100000000000e-02
3.7347477477477478e+00	5.3399099999999998e-02
3.7347517517517517e+00	5.3793300000000002e-02
3.7347557557557556e+00	5.4194899999999997e-02
3.7347597597597595e+00	5.4604100000000003e-02
3.7347637637637638e+00	5.5021100000000003e-02
3.7347677677677678e+00	5.5446200000000001e-02
3.7347717717717717e+00	5.5879499999999999e-02
3.7347757757757756e+00	5.6321400000000001e-02
3.7347797797797795e+00	5.6772099999999999e-02
3.7347837837837838e+00	5.7231799999999999e-02
3.7347877877877877e+00	5.7700899999999999e-02
3.7347917917917917e+00	5.8179500000000002e-02
3.7347957957957956e+00	5.8668199999999997e-02
3.7347997997997995e+00	5.9166999999999997e-02
3.7348038038038038e+00	5.9676500000000000e-02
3.7348078078078077e+00	6.0196800000000002e-02
3.7348118118118117e+00	6.0728499999999998e-02
3.7348158158158156e+00	6.1271699999999998e-02
3.7348198198198195e+00	6.1827100000000003e-02
3.7348238238238238e+00	6.2394800000000000e-02
3.7348278278278277e+00	6.2975500000000004e-02
3.7348318318318316e+00	6.3569399999999998e-02
3.7348358358358356e+00	6.4177200000000004e-02
3.7348398398398399e+00	6.4799200000000001e-02
3.7348438438438438e+00	6.5435999999999994e-02
3.7348478478478477e+00	6.6087999999999994e-02
3.7348518518518516e+00	6.6755999999999996e-02
3.7348558558558556e+00	6.7440399999999998e-02
3.7348598598598599e+00	6.8141900000000005e-02
3.7348638638638638e+00	6.8861099999999995e-02
3.7348678678678677e+00	6.9598699999999999e-02
3.7348718718718716e+00	7.0355399999999998e-02
3.7348758758758756e+00	7.1132000000000001e-02
3.7348798798798799e+00	7.1929199999999999e-02
3.7348838838838838e+00	7.2747900000000004e-02
3.7348878878878877e+00	7.3589000000000002e-02
3.7348918918918916e+00	7.4453300000000000e-02
3.7348958958958960e+00	7.5341800000000000e-02
3.7348998998998999e+00	7.6255600000000007e-02
3.7349039039039038e+00	7.7195799999999995e-02
3.7349079079079077e+00	7.8163399999999994e-02
3.7349119119119116e+00	7.9159800000000002e-02
3.7349159159159160e+00	8.0186099999999996e-02
3.7349199199199199e+00	8.1243800000000005e-02
3.7349239239239238e+00	8.2334199999999996e-02
3.7349279279279277e+00	8.3458900000000003e-02
3.7349319319319316e+00	8.4619500000000000e-02
3.7349359359359360e+00	8.5817699999999997e-02
3.7349399399399399e+00	8.7055400000000005e-02
3.7349439439439438e+00	8.8334399999999993e-02
3.7349479479479477e+00	8.9656899999999998e-02
3.7349519519519516e+00	9.1024999999999995e-02
3.7349559559559560e+00	9.2441099999999998e-02
3.7349599599599599e+00	9.3907699999999997e-02
3.7349639639639638e+00	9.5427499999999998e-02
3.7349679679679677e+00	9.7003300000000001e-02
3.7349719719719721e+00	9.8638199999999995e-02
3.7349759759759760e+00	1.0033499999999999e-01
3.7349799799799799e+00	1.0209900000000000e-01
3.7349839839839838e+00	1.0393200000000000e-01
3.7349879879879877e+00	1.0583800000000000e-01
3.7349919919919921e+00	1.0782300000000000e-01
3.7349959959959960e+00	1.0989100000000000e-01
3.7349999999999999e+00	1.1204600000000001e-01
