3.7300000000000000e+00	8.0928000000000000e-04
3.7300100100100102e+00	8.1158300000000005e-04
3.7300200200200200e+00	8.1388900000000004e-04
3.7300300300300302e+00	8.1619899999999998e-04
3.7300400400400400e+00	8.1851199999999997e-04
3.7300500500500502e+00	8.2082900000000002e-04
3.7300600600600600e+00	8.2314900000000002e-04
3.7300700700700702e+00	8.2547299999999996e-04
3.7300800800800800e+00	8.2779999999999996e-04
3.7300900900900902e+00	8.3013100000000001e-04
3.7301001001001000e+00	8.3246500000000001e-04
3.7301101101101102e+00	8.3480299999999996e-04
3.7301201201201200e+00	8.3714499999999997e-04
3.7301301301301302e+00	8.3949000000000003e-04
3.7301401401401399e+00	8.4183900000000004e-04
3.7301501501501502e+00	8.4419100000000000e-04
3.7301601601601599e+00	8.4654700000000001e-04
3.7301701701701702e+00	8.4890699999999998e-04
3.7301801801801804e+00	8.5127000000000000e-04
3.7301901901901902e+00	8.5363699999999997e-04
3.7302002002002004e+00	8.5600699999999999e-04
3.7302102102102102e+00	8.5838199999999998e-04
3.7302202202202204e+00	8.6076000000000002e-04
3.7302302302302301e+00	8.6314100000000000e-04
3.7302402402402404e+00	8.6552700000000005e-04
3.7302502502502501e+00	8.6791600000000004e-04
3.7302602602602604e+00	8.7030899999999999e-04
3.7302702702702701e+00	8.7270499999999999e-04
3.7302802802802804e+00	8.7510599999999995e-04
3.7302902902902901e+00	8.7750999999999997e-04
3.7303003003003004e+00	8.7991800000000004e-04
3.7303103103103101e+00	8.8232999999999996e-04
3.7303203203203203e+00	8.8474599999999995e-04
3.7303303303303301e+00	8.8716499999999998e-04
3.7303403403403403e+00	8.8958899999999998e-04
3.7303503503503501e+00	8.9201600000000003e-04
3.7303603603603603e+00	8.9444700000000004e-04
3.7303703703703706e+00	8.9688200000000000e-04
3.7303803803803803e+00	8.9932100000000002e-04
3.7303903903903906e+00	9.0176399999999999e-04
3.7304004004004003e+00	9.0421100000000003e-04
3.7304104104104105e+00	9.0666200000000003e-04
3.7304204204204203e+00	9.0911699999999998e-04
3.7304304304304305e+00	9.1157599999999999e-04
3.7304404404404403e+00	9.1403800000000005e-04
3.7304504504504505e+00	9.1650499999999997e-04
3.7304604604604603e+00	9.1897599999999995e-04
3.7304704704704705e+00	9.2145100000000000e-04
3.7304804804804803e+00	9.2393000000000000e-04
3.7304904904904905e+00	9.2641299999999995e-04
3.7305005005005003e+00	9.2890099999999999e-04
3.7305105105105105e+00	9.3139199999999996e-04
3.7305205205205203e+00	9.3388800000000001e-04
3.7305305305305305e+00	9.3638700000000000e-04
3.7305405405405407e+00	9.3889099999999997e-04
3.7305505505505505e+00	9.4139899999999999e-04
3.7305605605605607e+00	9.4391199999999998e-04
3.7305705705705705e+00	9.4642800000000003e-04
3.7305805805805807e+00	9.4894900000000004e-04
3.7305905905905905e+00	9.5147400000000000e-04
3.7306006006006007e+00	9.5400300000000003e-04
3.7306106106106105e+00	9.5653700000000003e-04
3.7306206206206207e+00	9.5907499999999999e-04
3.7306306306306305e+00	9.6161700000000001e-04
3.7306406406406407e+00	9.6416399999999999e-04
3.7306506506506505e+00	9.6671500000000004e-04
3.7306606606606607e+00	9.6927099999999996e-04
3.7306706706706705e+00	9.7183100000000004e-04
3.7306806806806807e+00	9.7439499999999997e-04
3.7306906906906905e+00	9.7696400000000009e-04
3.7307007007007007e+00	9.7953699999999994e-04
3.7307107107107109e+00	9.8211499999999998e-04
3.7307207207207207e+00	9.8469700000000009e-04
3.7307307307307309e+00	9.8728399999999995e-04
3.7307407407407407e+00	9.8987599999999999e-04
3.7307507507507509e+00	9.9247200000000010e-04
3.7307607607607607e+00	9.9507200000000006e-04
3.7307707707707709e+00	9.9767800000000011e-04
3.7307807807807807e+00	1.0002900000000000e-03
3.7307907907907909e+00	1.0028999999999999e-03
3.7308008008008007e+00	1.0055200000000000e-03
3.7308108108108109e+00	1.0081500000000000e-03
3.7308208208208207e+00	1.0107700000000000e-03
3.7308308308308309e+00	1.0134100000000000e-03
3.7308408408408407e+00	1.0160499999999999e-03
3.7308508508508509e+00	1.0186900000000000e-03
3.7308608608608607e+00	1.0213399999999999e-03
3.7308708708708709e+00	1.0239900000000000e-03
3.7308808808808811e+00	1.0266500000000000e-03
3.7308908908908909e+00	1.0293100000000001e-03
3.7309009009009011e+00	1.0319800000000001e-03
3.7309109109109109e+00	1.0346500000000000e-03
3.7309209209209211e+00	1.0373299999999999e-03
3.7309309309309309e+00	1.0400100000000001e-03
3.7309409409409411e+00	1.0426999999999999e-03
3.7309509509509509e+00	1.0453900000000000e-03
3.7309609609609611e+00	1.0480900000000000e-03
3.7309709709709709e+00	1.0507900000000000e-03
3.7309809809809811e+00	1.0535000000000000e-03
3.7309909909909909e+00	1.0562200000000001e-03
3.7310010010010011e+00	1.0589300000000000e-03
3.7310110110110108e+00	1.0616600000000001e-03
3.7310210210210211e+00	1.0643899999999999e-03
3.7310310310310308e+00	1.0671200000000000e-03
3.7310410410410411e+00	1.0698600000000000e-03
3.7310510510510508e+00	1.0726100000000001e-03
3.7310610610610611e+00	1.0753600000000000e-03
3.7310710710710713e+00	1.0781100000000000e-03
3.7310810810810811e+00	1.0808700000000001e-03
3.7310910910910913e+00	1.0836400000000001e-03
3.7311011011011010e+00	1.0864099999999999e-03
3.7311111111111113e+00	1.0891900000000001e-03
3.7311211211211210e+00	1.0919800000000000e-03
3.7311311311311313e+00	1.0947600000000000e-03
3.7311411411411410e+00	1.0975600000000000e-03
3.7311511511511513e+00	1.1003600000000001e-03
3.7311611611611610e+00	1.1031700000000001e-03
3.7311711711711713e+00	1.1059799999999999e-03
3.7311811811811810e+00	1.1088000000000001e-03
3.7311911911911912e+00	1.1116200000000000e-03
3.7312012012012010e+00	1.1144499999999999e-03
3.7312112112112112e+00	1.1172800000000000e-03
3.7312212212212210e+00	1.1201200000000001e-03
3.7312312312312312e+00	1.1229700000000000e-03
3.7312412412412415e+00	1.1258200000000000e-03
3.7312512512512512e+00	1.1286800000000000e-03
3.7312612612612615e+00	1.1315500000000000e-03
3.7312712712712712e+00	1.1344199999999999e-03
3.7312812812812814e+00	1.1372999999999999e-03
3.7312912912912912e+00	1.1401800000000000e-03
3.7313013013013014e+00	1.1430699999999999e-03
3.7313113113113112e+00	1.1459700000000001e-03
3.7313213213213214e+00	1.1488700000000000e-03
3.7313313313313312e+00	1.1517800000000000e-03
3.7313413413413414e+00	1.1546900000000001e-03
3.7313513513513512e+00	1.1576100000000001e-03
3.7313613613613614e+00	1.1605400000000001e-03
3.7313713713713712e+00	1.1634700000000000e-03
3.7313813813813814e+00	1.1664100000000001e-03
3.7313913913913912e+00	1.1693599999999999e-03
3.7314014014014014e+00	1.1723100000000000e-03
3.7314114114114116e+00	1.1752799999999999e-03
3.7314214214214214e+00	1.1782400000000001e-03
3.7314314314314316e+00	1.1812200000000000e-03
3.7314414414414414e+00	1.1842000000000001e-03
3.7314514514514516e+00	1.1871799999999999e-03
3.7314614614614614e+00	1.1901800000000001e-03
3.7314714714714716e+00	1.1931800000000001e-03
3.7314814814814814e+00	1.1961900000000000e-03
3.7314914914914916e+00	1.1992000000000001e-03
3.7315015015015014e+00	1.2022300000000001e-03
3.7315115115115116e+00	1.2052600000000001e-03
3.7315215215215214e+00	1.2082900000000001e-03
3.7315315315315316e+00	1.2113400000000000e-03
3.7315415415415414e+00	1.2143900000000001e-03
3.7315515515515516e+00	1.2174400000000000e-03
3.7315615615615614e+00	1.2205100000000000e-03
3.7315715715715716e+00	1.2235799999999999e-03
3.7315815815815818e+00	1.2266600000000001e-03
3.7315915915915916e+00	1.2297499999999999e-03
3.7316016016016018e+00	1.2328500000000000e-03
3.7316116116116116e+00	1.2359500000000000e-03
3.7316216216216218e+00	1.2390599999999999e-03
3.7316316316316316e+00	1.2421800000000001e-03
3.7316416416416418e+00	1.2453099999999999e-03
3.7316516516516516e+00	1.2484400000000000e-03
3.7316616616616618e+00	1.2515800000000000e-03
3.7316716716716716e+00	1.2547299999999999e-03
3.7316816816816818e+00	1.2578900000000000e-03
3.7316916916916916e+00	1.2610600000000000e-03
3.7317017017017018e+00	1.2642300000000001e-03
3.7317117117117116e+00	1.2674100000000001e-03
3.7317217217217218e+00	1.2706000000000000e-03
3.7317317317317316e+00	1.2738000000000001e-03
3.7317417417417418e+00	1.2770100000000001e-03
3.7317517517517516e+00	1.2802300000000000e-03
3.7317617617617618e+00	1.2834500000000000e-03
3.7317717717717720e+00	1.2866799999999999e-03
3.7317817817817818e+00	1.2899299999999999e-03
3.7317917917917920e+00	1.2931799999999999e-03
3.7318018018018018e+00	1.2964300000000001e-03
3.7318118118118120e+00	1.2997000000000000e-03
3.7318218218218218e+00	1.3029800000000000e-03
3.7318318318318320e+00	1.3062600000000001e-03
3.7318418418418418e+00	1.3095600000000000e-03
3.7318518518518520e+00	1.3128599999999999e-03
3.7318618618618618e+00	1.3161700000000000e-03
3.7318718718718720e+00	1.3194999999999999e-03
3.7318818818818817e+00	1.3228300000000001e-03
3.7318918918918920e+00	1.3261700000000000e-03
3.7319019019019017e+00	1.3295200000000001e-03
3.7319119119119120e+00	1.3328800000000000e-03
3.7319219219219217e+00	1.3362500000000000e-03
3.7319319319319320e+00	1.3396300000000001e-03
3.7319419419419422e+00	1.3430200000000001e-03
3.7319519519519520e+00	1.3464200000000001e-03
3.7319619619619622e+00	1.3498200000000001e-03
3.7319719719719719e+00	1.3532399999999999e-03
3.7319819819819822e+00	1.3566699999999999e-03
3.7319919919919919e+00	1.3601100000000001e-03
3.7320020020020022e+00	1.3635600000000000e-03
3.7320120120120119e+00	1.3670200000000000e-03
3.7320220220220222e+00	1.3704900000000000e-03
3.7320320320320319e+00	1.3739700000000000e-03
3.7320420420420422e+00	1.3774600000000001e-03
3.7320520520520519e+00	1.3809600000000001e-03
3.7320620620620621e+00	1.3844700000000001e-03
3.7320720720720719e+00	1.3879999999999999e-03
3.7320820820820821e+00	1.3915300000000000e-03
3.7320920920920919e+00	1.3950799999999999e-03
3.7321021021021021e+00	1.3986300000000001e-03
3.7321121121121124e+00	1.4021999999999999e-03
3.7321221221221221e+00	1.4057799999999999e-03
3.7321321321321324e+00	1.4093700000000001e-03
3.7321421421421421e+00	1.4129699999999999e-03
3.7321521521521523e+00	1.4165899999999999e-03
3.7321621621621621e+00	1.4202100000000001e-03
3.7321721721721723e+00	1.4238499999999999e-03
3.7321821821821821e+00	1.4274999999999999e-03
3.7321921921921923e+00	1.4311599999999999e-03
3.7322022022022021e+00	1.4348399999999999e-03
3.7322122122122123e+00	1.4385200000000000e-03
3.7322222222222221e+00	1.4422199999999999e-03
3.7322322322322323e+00	1.4459300000000000e-03
3.7322422422422421e+00	1.4496600000000000e-03
3.7322522522522523e+00	1.4533899999999999e-03
3.7322622622622621e+00	1.4571400000000000e-03
3.7322722722722723e+00	1.4609000000000000e-03
3.7322822822822825e+00	1.4646800000000001e-03
3.7322922922922923e+00	1.4684699999999999e-03
3.7323023023023025e+00	1.4722699999999999e-03
3.7323123123123123e+00	1.4760900000000000e-03
3.7323223223223225e+00	1.4799100000000001e-03
3.7323323323323323e+00	1.4837600000000000e-03
3.7323423423423425e+00	1.4876100000000001e-03
3.7323523523523523e+00	1.4914800000000001e-03
3.7323623623623625e+00	1.4953700000000000e-03
3.7323723723723723e+00	1.4992700000000000e-03
3.7323823823823825e+00	1.5031800000000000e-03
3.7323923923923923e+00	1.5071100000000001e-03
3.7324024024024025e+00	1.5110499999999999e-03
3.7324124124124123e+00	1.5150100000000000e-03
3.7324224224224225e+00	1.5189800000000001e-03
3.7324324324324323e+00	1.5229700000000000e-03
3.7324424424424425e+00	1.5269700000000001e-03
3.7324524524524523e+00	1.5309900000000001e-03
3.7324624624624625e+00	1.5350200000000000e-03
3.7324724724724727e+00	1.5390700000000000e-03
3.7324824824824825e+00	1.5431399999999999e-03
3.7324924924924927e+00	1.5472200000000000e-03
3.7325025025025025e+00	1.5513199999999999e-03
3.7325125125125127e+00	1.5554300000000000e-03
3.7325225225225225e+00	1.5595600000000000e-03
3.7325325325325327e+00	1.5637100000000001e-03
3.7325425425425425e+00	1.5678700000000001e-03
3.7325525525525527e+00	1.5720500000000000e-03
3.7325625625625625e+00	1.5762500000000000e-03
3.7325725725725727e+00	1.5804700000000001e-03
3.7325825825825825e+00	1.5847000000000001e-03
3.7325925925925927e+00	1.5889500000000000e-03
3.7326026026026025e+00	1.5932200000000000e-03
3.7326126126126127e+00	1.5975099999999999e-03
3.7326226226226225e+00	1.6018199999999999e-03
3.7326326326326327e+00	1.6061400000000000e-03
3.7326426426426429e+00	1.6104800000000001e-03
3.7326526526526527e+00	1.6148499999999999e-03
3.7326626626626629e+00	1.6192299999999999e-03
3.7326726726726727e+00	1.6236300000000000e-03
3.7326826826826829e+00	1.6280500000000000e-03
3.7326926926926927e+00	1.6324899999999999e-03
3.7327027027027029e+00	1.6369500000000001e-03
3.7327127127127127e+00	1.6414299999999999e-03
3.7327227227227229e+00	1.6459300000000001e-03
3.7327327327327327e+00	1.6504499999999999e-03
3.7327427427427429e+00	1.6549900000000001e-03
3.7327527527527526e+00	1.6595500000000001e-03
3.7327627627627629e+00	1.6641399999999999e-03
3.7327727727727726e+00	1.6687399999999999e-03
3.7327827827827829e+00	1.6733700000000000e-03
3.7327927927927926e+00	1.6780199999999999e-03
3.7328028028028029e+00	1.6826899999999999e-03
3.7328128128128131e+00	1.6873900000000000e-03
3.7328228228228229e+00	1.6921099999999999e-03
3.7328328328328331e+00	1.6968500000000000e-03
3.7328428428428428e+00	1.7016100000000001e-03
3.7328528528528531e+00	1.7064000000000001e-03
3.7328628628628628e+00	1.7112200000000001e-03
3.7328728728728731e+00	1.7160500000000000e-03
3.7328828828828828e+00	1.7209100000000000e-03
3.7328928928928931e+00	1.7258000000000000e-03
3.7329029029029028e+00	1.7307100000000001e-03
3.7329129129129131e+00	1.7356500000000000e-03
3.7329229229229228e+00	1.7406100000000001e-03
3.7329329329329330e+00	1.7455999999999999e-03
3.7329429429429428e+00	1.7506100000000001e-03
3.7329529529529530e+00	1.7556600000000000e-03
3.7329629629629628e+00	1.7607199999999999e-03
3.7329729729729730e+00	1.7658200000000000e-03
3.7329829829829833e+00	1.7709399999999999e-03
3.7329929929929930e+00	1.7761000000000001e-03
3.7330030030030033e+00	1.7812800000000001e-03
3.7330130130130130e+00	1.7864900000000000e-03
3.7330230230230232e+00	1.7917199999999999e-03
3.7330330330330330e+00	1.7969900000000000e-03
3.7330430430430432e+00	1.8022900000000000e-03
3.7330530530530530e+00	1.8076200000000000e-03
3.7330630630630632e+00	1.8129800000000001e-03
3.7330730730730730e+00	1.8183699999999999e-03
3.7330830830830832e+00	1.8237900000000000e-03
3.7330930930930930e+00	1.8292400000000000e-03
3.7331031031031032e+00	1.8347299999999999e-03
3.7331131131131130e+00	1.8402500000000001e-03
3.7331231231231232e+00	1.8458000000000001e-03
3.7331331331331330e+00	1.8513799999999999e-03
3.7331431431431432e+00	1.8569999999999999e-03
3.7331531531531530e+00	1.8626599999999999e-03
3.7331631631631632e+00	1.8683500000000000e-03
3.7331731731731734e+00	1.8740700000000000e-03
3.7331831831831832e+00	1.8798300000000001e-03
3.7331931931931934e+00	1.8856299999999999e-03
3.7332032032032032e+00	1.8914600000000000e-03
3.7332132132132134e+00	1.8973300000000000e-03
3.7332232232232232e+00	1.9032400000000001e-03
3.7332332332332334e+00	1.9091900000000001e-03
3.7332432432432432e+00	1.9151800000000001e-03
3.7332532532532534e+00	1.9212100000000000e-03
3.7332632632632632e+00	1.9272700000000000e-03
3.7332732732732734e+00	1.9333800000000000e-03
3.7332832832832832e+00	1.9395300000000001e-03
3.7332932932932934e+00	1.9457200000000000e-03
3.7333033033033032e+00	1.9519600000000000e-03
3.7333133133133134e+00	1.9582300000000000e-03
3.7333233233233232e+00	1.9645499999999998e-03
3.7333333333333334e+00	1.9709200000000001e-03
3.7333433433433436e+00	1.9773299999999998e-03
3.7333533533533534e+00	1.9837900000000000e-03
3.7333633633633636e+00	1.9902900000000000e-03
3.7333733733733734e+00	1.9968400000000002e-03
3.7333833833833836e+00	2.0034400000000000e-03
3.7333933933933934e+00	2.0100900000000000e-03
3.7334034034034036e+00	2.0167800000000001e-03
3.7334134134134134e+00	2.0235299999999999e-03
3.7334234234234236e+00	2.0303299999999999e-03
3.7334334334334334e+00	2.0371800000000000e-03
3.7334434434434436e+00	2.0440800000000002e-03
3.7334534534534534e+00	2.0510400000000001e-03
3.7334634634634636e+00	2.0580500000000001e-03
3.7334734734734734e+00	2.0651100000000002e-03
3.7334834834834836e+00	2.0722399999999999e-03
3.7334934934934934e+00	2.0794099999999999e-03
3.7335035035035036e+00	2.0866499999999998e-03
3.7335135135135138e+00	2.0939499999999998e-03
3.7335235235235236e+00	2.1013000000000000e-03
3.7335335335335338e+00	2.1087200000000001e-03
3.7335435435435436e+00	2.1161999999999999e-03
3.7335535535535538e+00	2.1237399999999998e-03
3.7335635635635636e+00	2.1313399999999998e-03
3.7335735735735738e+00	2.1390100000000002e-03
3.7335835835835836e+00	2.1467499999999998e-03
3.7335935935935938e+00	2.1545499999999999e-03
3.7336036036036035e+00	2.1624299999999999e-03
3.7336136136136138e+00	2.1703700000000000e-03
3.7336236236236235e+00	2.1783800000000002e-03
3.7336336336336338e+00	2.1864599999999999e-03
3.7336436436436435e+00	2.1946200000000000e-03
3.7336536536536538e+00	2.2028600000000001e-03
3.7336636636636635e+00	2.2111600000000002e-03
3.7336736736736738e+00	2.2195499999999998e-03
3.7336836836836835e+00	2.2280199999999998e-03
3.7336936936936937e+00	2.2365599999999999e-03
3.7337037037037040e+00	2.2451900000000002e-03
3.7337137137137137e+00	2.2539000000000001e-03
3.7337237237237240e+00	2.2626999999999999e-03
3.7337337337337337e+00	2.2715800000000000e-03
3.7337437437437440e+00	2.2805500000000001e-03
3.7337537537537537e+00	2.2896100000000001e-03
3.7337637637637640e+00	2.2987600000000000e-03
3.7337737737737737e+00	2.3080100000000001e-03
3.7337837837837839e+00	2.3173500000000001e-03
3.7337937937937937e+00	2.3267800000000001e-03
3.7338038038038039e+00	2.3363199999999998e-03
3.7338138138138137e+00	2.3459499999999999e-03
3.7338238238238239e+00	2.3556900000000001e-03
3.7338338338338337e+00	2.3655400000000002e-03
3.7338438438438439e+00	2.3754900000000001e-03
3.7338538538538537e+00	2.3855500000000002e-03
3.7338638638638639e+00	2.3957200000000001e-03
3.7338738738738741e+00	2.4060100000000001e-03
3.7338838838838839e+00	2.4164099999999999e-03
3.7338938938938941e+00	2.4269299999999999e-03
3.7339039039039039e+00	2.4375800000000000e-03
3.7339139139139141e+00	2.4483399999999998e-03
3.7339239239239239e+00	2.4592300000000002e-03
3.7339339339339341e+00	2.4702600000000002e-03
3.7339439439439439e+00	2.4814099999999999e-03
3.7339539539539541e+00	2.4927000000000000e-03
3.7339639639639639e+00	2.5041299999999998e-03
3.7339739739739741e+00	2.5156900000000001e-03
3.7339839839839839e+00	2.5274099999999999e-03
3.7339939939939941e+00	2.5392600000000002e-03
3.7340040040040039e+00	2.5512800000000000e-03
3.7340140140140141e+00	2.5634400000000002e-03
3.7340240240240239e+00	2.5757599999999999e-03
3.7340340340340341e+00	2.5882499999999998e-03
3.7340440440440443e+00	2.6009000000000002e-03
3.7340540540540541e+00	2.6137199999999999e-03
3.7340640640640643e+00	2.6267100000000000e-03
3.7340740740740741e+00	2.6398799999999998e-03
3.7340840840840843e+00	2.6532399999999999e-03
3.7340940940940941e+00	2.6667800000000001e-03
3.7341041041041043e+00	2.6805100000000001e-03
3.7341141141141141e+00	2.6944400000000002e-03
3.7341241241241243e+00	2.7085700000000000e-03
3.7341341341341341e+00	2.7228999999999999e-03
3.7341441441441443e+00	2.7374500000000002e-03
3.7341541541541541e+00	2.7522200000000001e-03
3.7341641641641643e+00	2.7672000000000000e-03
3.7341741741741741e+00	2.7824199999999999e-03
3.7341841841841843e+00	2.7978800000000000e-03
3.7341941941941941e+00	2.8135700000000000e-03
3.7342042042042043e+00	2.8295099999999999e-03
3.7342142142142145e+00	2.8457100000000000e-03
3.7342242242242243e+00	2.8621699999999998e-03
3.7342342342342345e+00	2.8789000000000002e-03
3.7342442442442443e+00	2.8959099999999998e-03
3.7342542542542545e+00	2.9131999999999999e-03
3.7342642642642643e+00	2.9307900000000000e-03
3.7342742742742745e+00	2.9486800000000000e-03
3.7342842842842843e+00	2.9668799999999999e-03
3.7342942942942945e+00	2.9854000000000000e-03
3.7343043043043043e+00	3.0042500000000000e-03
3.7343143143143145e+00	3.0234500000000000e-03
3.7343243243243243e+00	3.0429900000000002e-03
3.7343343343343345e+00	3.0628999999999999e-03
3.7343443443443443e+00	3.0831800000000000e-03
3.7343543543543545e+00	3.1038500000000000e-03
3.7343643643643643e+00	3.1249200000000002e-03
3.7343743743743745e+00	3.1464000000000002e-03
3.7343843843843842e+00	3.1683000000000002e-03
3.7343943943943945e+00	3.1906500000000002e-03
3.7344044044044047e+00	3.2134500000000001e-03
3.7344144144144145e+00	3.2367199999999998e-03
3.7344244244244247e+00	3.2604700000000001e-03
3.7344344344344345e+00	3.2847400000000000e-03
3.7344444444444447e+00	3.3095199999999998e-03
3.7344544544544545e+00	3.3348499999999999e-03
3.7344644644644647e+00	3.3607400000000001e-03
3.7344744744744744e+00	3.3872099999999999e-03
3.7344844844844847e+00	3.4142800000000000e-03
3.7344944944944944e+00	3.4419899999999998e-03
3.7345045045045047e+00	3.4703400000000001e-03
3.7345145145145144e+00	3.4993699999999999e-03
3.7345245245245247e+00	3.5291099999999998e-03
3.7345345345345344e+00	3.5595900000000001e-03
3.7345445445445447e+00	3.5908200000000002e-03
3.7345545545545544e+00	3.6228599999999999e-03
3.7345645645645646e+00	3.6557199999999999e-03
3.7345745745745749e+00	3.6894499999999999e-03
3.7345845845845846e+00	3.7240799999999998e-03
3.7345945945945949e+00	3.7596499999999998e-03
3.7346046046046046e+00	3.7962099999999999e-03
3.7346146146146149e+00	3.8338000000000001e-03
3.7346246246246246e+00	3.8724699999999998e-03
3.7346346346346349e+00	3.9122699999999998e-03
3.7346446446446446e+00	3.9532500000000002e-03
3.7346546546546548e+00	3.9954800000000000e-03
3.7346646646646646e+00	4.0390100000000000e-03
3.7346746746746748e+00	4.0839099999999996e-03
3.7346846846846846e+00	4.1302500000000002e-03
3.7346946946946948e+00	4.1781099999999996e-03
3.7347047047047046e+00	4.2275600000000000e-03
3.7347147147147148e+00	4.2786999999999999e-03
3.7347247247247246e+00	4.3316199999999996e-03
3.7347347347347348e+00	4.3864200000000002e-03
3.7347447447447450e+00	4.4432100000000004e-03
3.7347547547547548e+00	4.5021100000000001e-03
3.7347647647647650e+00	4.5632299999999997e-03
3.7347747747747748e+00	4.6267299999999999e-03
3.7347847847847850e+00	4.6927399999999999e-03
3.7347947947947948e+00	4.7614399999999996e-03
3.7348048048048050e+00	4.8329899999999997e-03
3.7348148148148148e+00	4.9075899999999999e-03
3.7348248248248250e+00	4.9854499999999998e-03
3.7348348348348348e+00	5.0667999999999998e-03
3.7348448448448450e+00	5.1518800000000002e-03
3.7348548548548548e+00	5.2409800000000001e-03
3.7348648648648650e+00	5.3344000000000004e-03
3.7348748748748748e+00	5.4324700000000000e-03
3.7348848848848850e+00	5.5355700000000001e-03
3.7348948948948948e+00	5.6441099999999999e-03
3.7349049049049050e+00	5.7585500000000003e-03
3.7349149149149152e+00	5.8793999999999999e-03
3.7349249249249250e+00	6.0072299999999997e-03
3.7349349349349352e+00	6.1426800000000002e-03
3.7349449449449450e+00	6.2864799999999997e-03
3.7349549549549552e+00	6.4394600000000001e-03
3.7349649649649650e+00	6.6025199999999997e-03
3.7349749749749752e+00	6.7767399999999998e-03
3.7349849849849850e+00	6.9633100000000003e-03
3.7349949949949952e+00	7.1636299999999998e-03
3.7350050050050050e+00	7.3793000000000001e-03
3.7350150150150152e+00	7.6121699999999997e-03
3.7350250250250250e+00	7.8644000000000006e-03
3.7350350350350352e+00	8.1385399999999997e-03
3.7350450450450450e+00	8.4375700000000001e-03
3.7350550550550552e+00	8.7650400000000000e-03
3.7350650650650650e+00	9.1252099999999999e-03
3.7350750750750752e+00	9.5232000000000008e-03
3.7350850850850850e+00	9.9652200000000003e-03
3.7350950950950952e+00	1.0458900000000000e-02
3.7351051051051054e+00	1.1013700000000000e-02
3.7351151151151152e+00	1.1641500000000001e-02
3.7351251251251254e+00	1.2357300000000000e-02
3.7351351351351352e+00	1.3180300000000001e-02
3.7351451451451454e+00	1.4135699999999999e-02
3.7351551551551552e+00	1.5256700000000000e-02
3.7351651651651654e+00	1.6588499999999999e-02
3.7351751751751752e+00	1.8193000000000001e-02
3.7351851851851854e+00	2.0157999999999999e-02
3.7351951951951952e+00	2.2611099999999999e-02
3.7352052052052054e+00	2.5743800000000001e-02
3.7352152152152152e+00	2.9855000000000000e-02
3.7352252252252254e+00	3.5432699999999998e-02
3.7352352352352352e+00	4.3318299999999997e-02
3.7352452452452454e+00	5.5060400000000002e-02
3.7352552552552551e+00	7.3742400000000000e-02
3.7352652652652654e+00	1.0606800000000000e-01
3.7352752752752756e+00	1.6765400000000000e-01
3.7352852852852854e+00	2.8986600000000001e-01
3.7352952952952956e+00	4.3956299999999998e-01
3.7353053053053054e+00	3.3366499999999999e-01
3.7353153153153156e+00	1.5572300000000000e-01
3.7353253253253254e+00	7.2795899999999997e-02
3.7353353353353356e+00	3.7402800000000000e-02
3.7353453453453453e+00	2.0747999999999999e-02
3.7353553553553556e+00	1.2110800000000000e-02
3.7353653653653653e+00	7.2851900000000004e-03
3.7353753753753756e+00	4.4401600000000003e-03
3.7353853853853853e+00	2.6996199999999998e-03
3.7353953953953956e+00	1.6104900000000000e-03
3.7354054054054053e+00	9.2306899999999999e-04
3.7354154154154156e+00	4.9248700000000000e-04
3.7354254254254253e+00	2.3101000000000000e-04
3.7354354354354355e+00	8.3602699999999998e-05
3.7354454454454458e+00	1.4702799999999999e-05
3.7354554554554555e+00	7.5960100000000003e-07
3.7354654654654658e+00	2.5851300000000001e-05
3.7354754754754755e+00	7.9030199999999994e-05
3.7354854854854858e+00	1.5266600000000001e-04
3.7354954954954955e+00	2.4138700000000000e-04
3.7355055055055058e+00	3.4138499999999998e-04
3.7355155155155155e+00	4.4995600000000000e-04
3.7355255255255257e+00	5.6518599999999997e-04
3.7355355355355355e+00	6.8573099999999997e-04
3.7355455455455457e+00	8.1067400000000005e-04
3.7355555555555555e+00	9.3941200000000004e-04
3.7355655655655657e+00	1.0715900000000001e-03
3.7355755755755755e+00	1.2070200000000001e-03
3.7355855855855857e+00	1.3457000000000000e-03
3.7355955955955955e+00	1.4877300000000000e-03
3.7356056056056057e+00	1.6333000000000001e-03
3.7356156156156159e+00	1.7827100000000001e-03
3.7356256256256257e+00	1.9363600000000000e-03
3.7356356356356359e+00	2.0947000000000001e-03
3.7356456456456457e+00	2.2582800000000001e-03
3.7356556556556559e+00	2.4277299999999999e-03
3.7356656656656657e+00	2.6037700000000000e-03
3.7356756756756759e+00	2.7872100000000000e-03
3.7356856856856857e+00	2.9789899999999999e-03
3.7356956956956959e+00	3.1801700000000000e-03
3.7357057057057057e+00	3.3919300000000000e-03
3.7357157157157159e+00	3.6156600000000001e-03
3.7357257257257257e+00	3.8529100000000002e-03
3.7357357357357359e+00	4.1054799999999999e-03
3.7357457457457457e+00	4.3754400000000004e-03
3.7357557557557559e+00	4.6652100000000004e-03
3.7357657657657657e+00	4.9775799999999997e-03
3.7357757757757759e+00	5.3158299999999997e-03
3.7357857857857857e+00	5.6838499999999998e-03
3.7357957957957959e+00	6.0862299999999998e-03
3.7358058058058061e+00	6.5284799999999997e-03
3.7358158158158159e+00	7.0172200000000002e-03
3.7358258258258261e+00	7.5604899999999996e-03
3.7358358358358359e+00	8.1681400000000008e-03
3.7358458458458461e+00	8.8523500000000001e-03
3.7358558558558559e+00	9.6282899999999994e-03
3.7358658658658661e+00	1.0515200000000001e-02
3.7358758758758759e+00	1.1537400000000000e-02
3.7358858858858861e+00	1.2726700000000001e-02
3.7358958958958959e+00	1.4124700000000000e-02
3.7359059059059061e+00	1.5786900000000000e-02
3.7359159159159159e+00	1.7788499999999999e-02
3.7359259259259261e+00	2.0233899999999999e-02
3.7359359359359359e+00	2.3271199999999999e-02
3.7359459459459461e+00	2.7115400000000001e-02
3.7359559559559559e+00	3.2088199999999997e-02
3.7359659659659661e+00	3.8687199999999998e-02
3.7359759759759763e+00	4.7711000000000003e-02
3.7359859859859861e+00	6.0494699999999998e-02
3.7359959959959963e+00	7.9369999999999996e-02
3.7360060060060061e+00	1.0856800000000000e-01
3.7360160160160163e+00	1.5583900000000001e-01
3.7360260260260261e+00	2.3378399999999999e-01
3.7360360360360363e+00	3.4947000000000000e-01
3.7360460460460461e+00	4.4477000000000000e-01
3.7360560560560563e+00	3.9535300000000001e-01
3.7360660660660661e+00	2.6250000000000001e-01
3.7360760760760763e+00	1.6104299999999999e-01
3.7360860860860861e+00	1.0133399999999999e-01
3.7360960960960963e+00	6.6905599999999996e-02
3.7361061061061061e+00	4.6234800000000000e-02
3.7361161161161163e+00	3.3189999999999997e-02
3.7361261261261260e+00	2.4571599999999999e-02
3.7361361361361363e+00	1.8649300000000001e-02
3.7361461461461465e+00	1.4442900000000000e-02
3.7361561561561563e+00	1.1370999999999999e-02
3.7361661661661665e+00	9.0745200000000008e-03
3.7361761761761763e+00	7.3232699999999998e-03
3.7361861861861865e+00	5.9649300000000002e-03
3.7361961961961963e+00	4.8958900000000000e-03
3.7362062062062065e+00	4.0438699999999998e-03
3.7362162162162162e+00	3.3573700000000001e-03
3.7362262262262265e+00	2.7989600000000001e-03
3.7362362362362362e+00	2.3409799999999999e-03
3.7362462462462465e+00	1.9626499999999998e-03
3.7362562562562562e+00	1.6481800000000000e-03
3.7362662662662665e+00	1.3853600000000000e-03
3.7362762762762762e+00	1.1647100000000000e-03
3.7362862862862865e+00	9.7872999999999992e-04
3.7362962962962962e+00	8.2146900000000002e-04
3.7363063063063064e+00	6.8814799999999997e-04
3.7363163163163167e+00	5.7490299999999998e-04
3.7363263263263264e+00	4.7858400000000000e-04
3.7363363363363367e+00	3.9660800000000001e-04
3.7363463463463464e+00	3.2683899999999999e-04
3.7363563563563567e+00	2.6750599999999998e-04
3.7363663663663664e+00	2.1712899999999999e-04
3.7363763763763767e+00	1.7446399999999999e-04
3.7363863863863864e+00	1.3846200000000000e-04
3.7363963963963966e+00	1.0823500000000000e-04
3.7364064064064064e+00	8.3027000000000003e-05
3.7364164164164166e+00	6.2191699999999996e-05
3.7364264264264264e+00	4.5174900000000000e-05
3.7364364364364366e+00	3.1500000000000000e-05
3.7364464464464464e+00	2.0755100000000001e-05
3.7364564564564566e+00	1.2583800000000000e-05
3.7364664664664664e+00	6.6762200000000003e-06
3.7364764764764766e+00	2.7626600000000000e-06
3.7364864864864864e+00	6.0750000000000001e-07
3.7364964964964966e+00	4.4658899999999998e-09
3.7365065065065068e+00	7.7256799999999999e-07
3.7365165165165166e+00	2.7526400000000000e-06
3.7365265265265268e+00	5.8044200000000004e-06
3.7365365365365366e+00	9.8040600000000005e-06
3.7365465465465468e+00	1.4642000000000000e-05
3.7365565565565566e+00	2.0221199999999999e-05
3.7365665665665668e+00	2.6455500000000001e-05
3.7365765765765766e+00	3.3268300000000001e-05
3.7365865865865868e+00	4.0591499999999999e-05
3.7365965965965966e+00	4.8364300000000000e-05
3.7366066066066068e+00	5.6532400000000001e-05
3.7366166166166166e+00	6.5047400000000003e-05
3.7366266266266268e+00	7.3866000000000001e-05
3.7366366366366366e+00	8.2949399999999996e-05
3.7366466466466468e+00	9.2262799999999994e-05
3.7366566566566566e+00	1.0177499999999999e-04
3.7366666666666668e+00	1.1145800000000000e-04
3.7366766766766770e+00	1.2128700000000001e-04
3.7366866866866868e+00	1.3123900000000001e-04
3.7366966966966970e+00	1.4129400000000001e-04
3.7367067067067068e+00	1.5143300000000000e-04
3.7367167167167170e+00	1.6164000000000000e-04
3.7367267267267268e+00	1.7190099999999999e-04
3.7367367367367370e+00	1.8220199999999999e-04
3.7367467467467468e+00	1.9253000000000000e-04
3.7367567567567570e+00	2.0287699999999999e-04
3.7367667667667668e+00	2.1322999999999999e-04
3.7367767767767770e+00	2.2358299999999999e-04
3.7367867867867868e+00	2.3392700000000001e-04
3.7367967967967970e+00	2.4425400000000001e-04
3.7368068068068068e+00	2.5455999999999998e-04
3.7368168168168170e+00	2.6483700000000003e-04
3.7368268268268268e+00	2.7508099999999999e-04
3.7368368368368370e+00	2.8528800000000002e-04
3.7368468468468472e+00	2.9545299999999999e-04
3.7368568568568570e+00	3.0557300000000001e-04
3.7368668668668672e+00	3.1564499999999998e-04
3.7368768768768770e+00	3.2566499999999999e-04
3.7368868868868872e+00	3.3563100000000003e-04
3.7368968968968970e+00	3.4554200000000001e-04
3.7369069069069072e+00	3.5539399999999998e-04
3.7369169169169170e+00	3.6518700000000000e-04
3.7369269269269272e+00	3.7491800000000002e-04
3.7369369369369370e+00	3.8458800000000000e-04
3.7369469469469472e+00	3.9419299999999998e-04
3.7369569569569570e+00	4.0373500000000001e-04
3.7369669669669672e+00	4.1321100000000003e-04
3.7369769769769769e+00	4.2262199999999999e-04
3.7369869869869872e+00	4.3196599999999999e-04
3.7369969969969969e+00	4.4124399999999998e-04
3.7370070070070072e+00	4.5045399999999998e-04
3.7370170170170169e+00	4.5959800000000003e-04
3.7370270270270272e+00	4.6867499999999999e-04
3.7370370370370374e+00	4.7768399999999998e-04
3.7370470470470472e+00	4.8662700000000000e-04
3.7370570570570574e+00	4.9550199999999999e-04
3.7370670670670671e+00	5.0431100000000002e-04
3.7370770770770774e+00	5.1305299999999997e-04
3.7370870870870871e+00	5.2172899999999996e-04
3.7370970970970974e+00	5.3033900000000001e-04
3.7371071071071071e+00	5.3888299999999998e-04
3.7371171171171174e+00	5.4736300000000004e-04
3.7371271271271271e+00	5.5577800000000004e-04
3.7371371371371374e+00	5.6412800000000000e-04
3.7371471471471471e+00	5.7241499999999995e-04
3.7371571571571574e+00	5.8063799999999997e-04
3.7371671671671671e+00	5.8879899999999998e-04
3.7371771771771773e+00	5.9689800000000000e-04
3.7371871871871871e+00	6.0493500000000002e-04
3.7371971971971973e+00	6.1291099999999995e-04
3.7372072072072076e+00	6.2082600000000000e-04
3.7372172172172173e+00	6.2868199999999998e-04
3.7372272272272276e+00	6.3647800000000000e-04
3.7372372372372373e+00	6.4421599999999997e-04
3.7372472472472476e+00	6.5189499999999999e-04
3.7372572572572573e+00	6.5951800000000000e-04
3.7372672672672675e+00	6.6708299999999996e-04
3.7372772772772773e+00	6.7459200000000001e-04
3.7372872872872875e+00	6.8204599999999995e-04
3.7372972972972973e+00	6.8944399999999999e-04
3.7373073073073075e+00	6.9678800000000005e-04
3.7373173173173173e+00	7.0407900000000003e-04
3.7373273273273275e+00	7.1131600000000003e-04
3.7373373373373373e+00	7.1850099999999997e-04
3.7373473473473475e+00	7.2563399999999996e-04
3.7373573573573573e+00	7.3271600000000001e-04
3.7373673673673675e+00	7.3974700000000002e-04
3.7373773773773777e+00	7.4672800000000000e-04
3.7373873873873875e+00	7.5365899999999995e-04
3.7373973973973977e+00	7.6054200000000001e-04
3.7374074074074075e+00	7.6737599999999995e-04
3.7374174174174177e+00	7.7416200000000001e-04
3.7374274274274275e+00	7.8090199999999999e-04
3.7374374374374377e+00	7.8759399999999997e-04
3.7374474474474475e+00	7.9424100000000000e-04
3.7374574574574577e+00	8.0084199999999996e-04
3.7374674674674675e+00	8.0739899999999999e-04
3.7374774774774777e+00	8.1391099999999995e-04
3.7374874874874875e+00	8.2037899999999999e-04
3.7374974974974977e+00	8.2680399999999999e-04
3.7375075075075075e+00	8.3318599999999997e-04
3.7375175175175177e+00	8.3952600000000005e-04
3.7375275275275275e+00	8.4582400000000001e-04
3.7375375375375377e+00	8.5208099999999998e-04
3.7375475475475479e+00	8.5829700000000005e-04
3.7375575575575577e+00	8.6447300000000004e-04
3.7375675675675679e+00	8.7060999999999996e-04
3.7375775775775777e+00	8.7670700000000001e-04
3.7375875875875879e+00	8.8276499999999998e-04
3.7375975975975977e+00	8.8878500000000001e-04
3.7376076076076079e+00	8.9476699999999998e-04
3.7376176176176177e+00	9.0071200000000002e-04
3.7376276276276279e+00	9.0662000000000002e-04
3.7376376376376377e+00	9.1249199999999999e-04
3.7376476476476479e+00	9.1832800000000005e-04
3.7376576576576577e+00	9.2412799999999997e-04
3.7376676676676679e+00	9.2989199999999998e-04
3.7376776776776777e+00	9.3562300000000001e-04
3.7376876876876879e+00	9.4131800000000002e-04
3.7376976976976977e+00	9.4698000000000004e-04
3.7377077077077079e+00	9.5260899999999999e-04
3.7377177177177177e+00	9.5820400000000004e-04
3.7377277277277279e+00	9.6376700000000003e-04
3.7377377377377381e+00	9.6929700000000004e-04
3.7377477477477479e+00	9.7479499999999998e-04
3.7377577577577581e+00	9.8026199999999997e-04
3.7377677677677679e+00	9.8569799999999991e-04
3.7377777777777781e+00	9.9110299999999991e-04
3.7377877877877879e+00	9.9647800000000008e-04
3.7377977977977981e+00	1.0018200000000001e-03
3.7378078078078079e+00	1.0071399999999999e-03
3.7378178178178181e+00	1.0124200000000000e-03
3.7378278278278279e+00	1.0176800000000000e-03
3.7378378378378381e+00	1.0229099999999999e-03
3.7378478478478478e+00	1.0281100000000000e-03
3.7378578578578581e+00	1.0332799999999999e-03
3.7378678678678678e+00	1.0384200000000000e-03
3.7378778778778781e+00	1.0435399999999999e-03
3.7378878878878878e+00	1.0486200000000001e-03
3.7378978978978981e+00	1.0536899999999999e-03
3.7379079079079083e+00	1.0587200000000000e-03
3.7379179179179181e+00	1.0637299999999999e-03
3.7379279279279283e+00	1.0687200000000000e-03
3.7379379379379380e+00	1.0736700000000001e-03
3.7379479479479483e+00	1.0786100000000000e-03
3.7379579579579580e+00	1.0835100000000000e-03
3.7379679679679683e+00	1.0884000000000000e-03
3.7379779779779780e+00	1.0932600000000000e-03
3.7379879879879883e+00	1.0980899999999999e-03
3.7379979979979980e+00	1.1029000000000000e-03
3.7380080080080083e+00	1.1076899999999999e-03
3.7380180180180180e+00	1.1124500000000001e-03
3.7380280280280282e+00	1.1171899999999999e-03
3.7380380380380380e+00	1.1219100000000001e-03
3.7380480480480482e+00	1.1266000000000000e-03
3.7380580580580580e+00	1.1312799999999999e-03
3.7380680680680682e+00	1.1359300000000001e-03
3.7380780780780785e+00	1.1405600000000001e-03
3.7380880880880882e+00	1.1451600000000001e-03
3.7380980980980985e+00	1.1497499999999999e-03
3.7381081081081082e+00	1.1543100000000000e-03
3.7381181181181184e+00	1.1588600000000001e-03
3.7381281281281282e+00	1.1633800000000001e-03
3.7381381381381384e+00	1.1678800000000000e-03
3.7381481481481482e+00	1.1723599999999999e-03
3.7381581581581584e+00	1.1768200000000001e-03
3.7381681681681682e+00	1.1812700000000001e-03
3.7381781781781784e+00	1.1856900000000001e-03
3.7381881881881882e+00	1.1900900000000000e-03
3.7381981981981984e+00	1.1944700000000000e-03
3.7382082082082082e+00	1.1988400000000001e-03
3.7382182182182184e+00	1.2031800000000001e-03
3.7382282282282282e+00	1.2075100000000000e-03
3.7382382382382384e+00	1.2118200000000000e-03
3.7382482482482486e+00	1.2161100000000001e-03
3.7382582582582584e+00	1.2203800000000001e-03
3.7382682682682686e+00	1.2246300000000000e-03
3.7382782782782784e+00	1.2288700000000000e-03
3.7382882882882886e+00	1.2330900000000001e-03
3.7382982982982984e+00	1.2372900000000000e-03
3.7383083083083086e+00	1.2414800000000001e-03
3.7383183183183184e+00	1.2456399999999999e-03
3.7383283283283286e+00	1.2497900000000000e-03
3.7383383383383384e+00	1.2539300000000001e-03
3.7383483483483486e+00	1.2580400000000000e-03
3.7383583583583584e+00	1.2621399999999999e-03
3.7383683683683686e+00	1.2662299999999999e-03
3.7383783783783784e+00	1.2703000000000000e-03
3.7383883883883886e+00	1.2743500000000000e-03
3.7383983983983984e+00	1.2783899999999999e-03
3.7384084084084086e+00	1.2824100000000001e-03
3.7384184184184184e+00	1.2864100000000000e-03
3.7384284284284286e+00	1.2903999999999999e-03
3.7384384384384388e+00	1.2943799999999999e-03
3.7384484484484486e+00	1.2983400000000000e-03
3.7384584584584588e+00	1.3022800000000001e-03
3.7384684684684686e+00	1.3062200000000001e-03
3.7384784784784788e+00	1.3101300000000001e-03
3.7384884884884886e+00	1.3140300000000001e-03
3.7384984984984988e+00	1.3179200000000000e-03
3.7385085085085086e+00	1.3217900000000000e-03
3.7385185185185188e+00	1.3256500000000000e-03
3.7385285285285286e+00	1.3295000000000000e-03
3.7385385385385388e+00	1.3333300000000000e-03
3.7385485485485486e+00	1.3371500000000001e-03
3.7385585585585588e+00	1.3409500000000000e-03
3.7385685685685686e+00	1.3447500000000000e-03
3.7385785785785788e+00	1.3485200000000000e-03
3.7385885885885886e+00	1.3522899999999999e-03
3.7385985985985988e+00	1.3560400000000000e-03
3.7386086086086090e+00	1.3597800000000001e-03
3.7386186186186188e+00	1.3635100000000001e-03
3.7386286286286290e+00	1.3672199999999999e-03
3.7386386386386388e+00	1.3709200000000001e-03
3.7386486486486490e+00	1.3746100000000001e-03
3.7386586586586588e+00	1.3782899999999999e-03
3.7386686686686690e+00	1.3819500000000001e-03
3.7386786786786788e+00	1.3856000000000001e-03
3.7386886886886890e+00	1.3892399999999999e-03
3.7386986986986988e+00	1.3928700000000000e-03
3.7387087087087090e+00	1.3964900000000000e-03
3.7387187187187187e+00	1.4000900000000001e-03
3.7387287287287290e+00	1.4036800000000000e-03
3.7387387387387387e+00	1.4072700000000000e-03
3.7387487487487490e+00	1.4108400000000000e-03
3.7387587587587587e+00	1.4143999999999999e-03
3.7387687687687690e+00	1.4179399999999999e-03
3.7387787787787792e+00	1.4214799999999999e-03
3.7387887887887890e+00	1.4250100000000000e-03
3.7387987987987992e+00	1.4285200000000000e-03
3.7388088088088089e+00	1.4320299999999999e-03
3.7388188188188192e+00	1.4355200000000000e-03
3.7388288288288289e+00	1.4390000000000000e-03
3.7388388388388392e+00	1.4424700000000000e-03
3.7388488488488489e+00	1.4459399999999999e-03
3.7388588588588592e+00	1.4493900000000001e-03
3.7388688688688689e+00	1.4528300000000000e-03
3.7388788788788792e+00	1.4562600000000000e-03
3.7388888888888889e+00	1.4596800000000001e-03
3.7388988988988991e+00	1.4630900000000000e-03
3.7389089089089089e+00	1.4664900000000000e-03
3.7389189189189191e+00	1.4698800000000000e-03
3.7389289289289289e+00	1.4732700000000000e-03
3.7389389389389391e+00	1.4766400000000000e-03
3.7389489489489494e+00	1.4800000000000000e-03
3.7389589589589591e+00	1.4833500000000000e-03
3.7389689689689694e+00	1.4867000000000001e-03
3.7389789789789791e+00	1.4900300000000000e-03
3.7389889889889893e+00	1.4933500000000001e-03
3.7389989989989991e+00	1.4966700000000001e-03
3.7390090090090093e+00	1.4999799999999999e-03
3.7390190190190191e+00	1.5032699999999999e-03
3.7390290290290293e+00	1.5065600000000001e-03
3.7390390390390391e+00	1.5098399999999999e-03
3.7390490490490493e+00	1.5131100000000000e-03
3.7390590590590591e+00	1.5163700000000000e-03
3.7390690690690693e+00	1.5196299999999999e-03
3.7390790790790791e+00	1.5228700000000000e-03
3.7390890890890893e+00	1.5261100000000000e-03
3.7390990990990991e+00	1.5293300000000000e-03
3.7391091091091093e+00	1.5325499999999999e-03
3.7391191191191191e+00	1.5357599999999999e-03
3.7391291291291293e+00	1.5389700000000000e-03
3.7391391391391395e+00	1.5421600000000001e-03
3.7391491491491493e+00	1.5453500000000000e-03
3.7391591591591595e+00	1.5485200000000001e-03
3.7391691691691693e+00	1.5516900000000001e-03
3.7391791791791795e+00	1.5548500000000000e-03
3.7391891891891893e+00	1.5580100000000001e-03
3.7391991991991995e+00	1.5611500000000001e-03
3.7392092092092093e+00	1.5642900000000001e-03
3.7392192192192195e+00	1.5674199999999999e-03
3.7392292292292293e+00	1.5705500000000000e-03
3.7392392392392395e+00	1.5736599999999999e-03
3.7392492492492493e+00	1.5767699999999999e-03
3.7392592592592595e+00	1.5798699999999999e-03
3.7392692692692693e+00	1.5829600000000000e-03
3.7392792792792795e+00	1.5860399999999999e-03
3.7392892892892893e+00	1.5891200000000001e-03
3.7392992992992995e+00	1.5921900000000001e-03
3.7393093093093097e+00	1.5952600000000000e-03
3.7393193193193195e+00	1.5983099999999999e-03
3.7393293293293297e+00	1.6013600000000000e-03
3.7393393393393395e+00	1.6044000000000000e-03
3.7393493493493497e+00	1.6074399999999999e-03
3.7393593593593595e+00	1.6104600000000000e-03
3.7393693693693697e+00	1.6134800000000000e-03
3.7393793793793795e+00	1.6165000000000001e-03
3.7393893893893897e+00	1.6195100000000000e-03
3.7393993993993995e+00	1.6225100000000000e-03
3.7394094094094097e+00	1.6255000000000000e-03
3.7394194194194195e+00	1.6284900000000000e-03
3.7394294294294297e+00	1.6314700000000001e-03
3.7394394394394395e+00	1.6344400000000000e-03
3.7394494494494497e+00	1.6374100000000000e-03
3.7394594594594595e+00	1.6403699999999999e-03
3.7394694694694697e+00	1.6433200000000000e-03
3.7394794794794799e+00	1.6462700000000000e-03
3.7394894894894897e+00	1.6492099999999999e-03
3.7394994994994999e+00	1.6521400000000001e-03
3.7395095095095097e+00	1.6550700000000000e-03
3.7395195195195199e+00	1.6580000000000000e-03
3.7395295295295297e+00	1.6609100000000000e-03
3.7395395395395399e+00	1.6638200000000001e-03
3.7395495495495497e+00	1.6667299999999999e-03
3.7395595595595599e+00	1.6696199999999999e-03
3.7395695695695697e+00	1.6725200000000000e-03
3.7395795795795799e+00	1.6754000000000001e-03
3.7395895895895896e+00	1.6782800000000001e-03
3.7395995995995999e+00	1.6811599999999999e-03
3.7396096096096096e+00	1.6840200000000000e-03
3.7396196196196199e+00	1.6868899999999999e-03
3.7396296296296296e+00	1.6897399999999999e-03
3.7396396396396399e+00	1.6925899999999999e-03
3.7396496496496501e+00	1.6954400000000001e-03
3.7396596596596599e+00	1.6982799999999999e-03
3.7396696696696701e+00	1.7011100000000000e-03
3.7396796796796798e+00	1.7039399999999999e-03
3.7396896896896901e+00	1.7067600000000001e-03
3.7396996996996998e+00	1.7095800000000000e-03
3.7397097097097101e+00	1.7123900000000000e-03
3.7397197197197198e+00	1.7152000000000001e-03
3.7397297297297301e+00	1.7179999999999999e-03
3.7397397397397398e+00	1.7207900000000000e-03
3.7397497497497501e+00	1.7235799999999999e-03
3.7397597597597598e+00	1.7263700000000001e-03
3.7397697697697700e+00	1.7291500000000000e-03
3.7397797797797798e+00	1.7319200000000001e-03
3.7397897897897900e+00	1.7346900000000001e-03
3.7397997997997998e+00	1.7374500000000000e-03
3.7398098098098100e+00	1.7402100000000001e-03
3.7398198198198198e+00	1.7429699999999999e-03
3.7398298298298300e+00	1.7457099999999999e-03
3.7398398398398403e+00	1.7484600000000001e-03
3.7398498498498500e+00	1.7512000000000001e-03
3.7398598598598602e+00	1.7539299999999999e-03
3.7398698698698700e+00	1.7566599999999999e-03
3.7398798798798802e+00	1.7593800000000001e-03
3.7398898898898900e+00	1.7621000000000000e-03
3.7398998998999002e+00	1.7648099999999999e-03
3.7399099099099100e+00	1.7675200000000001e-03
3.7399199199199202e+00	1.7702300000000000e-03
3.7399299299299300e+00	1.7729300000000000e-03
3.7399399399399402e+00	1.7756200000000001e-03
3.7399499499499500e+00	1.7783100000000000e-03
3.7399599599599602e+00	1.7810000000000000e-03
3.7399699699699700e+00	1.7836799999999999e-03
3.7399799799799802e+00	1.7863499999999999e-03
3.7399899899899900e+00	1.7890300000000000e-03
3.7400000000000002e+00	1.7916900000000001e-03
