3.7309999999999999e+00	0.0000000000000000e+00
3.7310020010005003e+00	0.0000000000000000e+00
3.7310040020010002e+00	1.0000000005838672e-07
3.7310060030015006e+00	1.0000000005838672e-07
3.7310080040020011e+00	2.9999999995311555e-07
3.7310100050025010e+00	4.0000000001150227e-07
3.7310120060030014e+00	-4.9999999995886668e-07
3.7310140070035018e+00	-3.0000000006413785e-07
3.7310160080040018e+00	0.0000000000000000e+00
3.7310180090045022e+00	1.9999999989472883e-07
3.7310200100050022e+00	5.0000000006988898e-07
3.7310220110055026e+00	-2.0000000000575113e-07
3.7310240120060030e+00	2.0000000011677344e-07
3.7310260130065029e+00	-5.0000000006988898e-07
3.7310280140070033e+00	-9.9999999947364415e-08
3.7310300150075038e+00	4.0000000001150227e-07
3.7310320160080037e+00	-1.9999999989472883e-07
3.7310340170085041e+00	2.9999999995311555e-07
3.7310360180090045e+00	-9.9999999947364415e-08
3.7310380190095045e+00	4.0000000001150227e-07
3.7310400200100049e+00	0.0000000000000000e+00
3.7310420210105053e+00	-4.0000000001150227e-07
3.7310440220110053e+00	2.9999999995311555e-07
3.7310460230115057e+00	0.0000000000000000e+00
3.7310480240120061e+00	-2.9999999995311555e-07
3.7310500250125060e+00	4.0000000001150227e-07
3.7310520260130065e+00	2.0000000011677344e-07
3.7310540270135064e+00	0.0000000000000000e+00
3.7310560280140068e+00	-9.9999999947364415e-08
3.7310580290145072e+00	-2.0000000000575113e-07
3.7310600300150072e+00	-3.0000000006413785e-07
3.7310620310155076e+00	-4.0000000001150227e-07
3.7310640320160080e+00	-3.9999999990047996e-07
3.7310660330165080e+00	-4.0000000001150227e-07
3.7310680340170084e+00	-2.9999999995311555e-07
3.7310700350175088e+00	-3.0000000006413785e-07
3.7310720360180087e+00	-1.0000000005838672e-07
3.7310740370185091e+00	0.0000000000000000e+00
3.7310760380190096e+00	1.9999999989472883e-07
3.7310780390195095e+00	4.0000000001150227e-07
3.7310800400200099e+00	-2.9999999995311555e-07
3.7310820410205103e+00	-1.0000000005838672e-07
3.7310840420210103e+00	2.9999999995311555e-07
3.7310860430215107e+00	-4.0000000001150227e-07
3.7310880440220107e+00	0.0000000000000000e+00
3.7310900450225111e+00	4.0000000001150227e-07
3.7310920460230115e+00	-1.0000000005838672e-07
3.7310940470235114e+00	4.0000000001150227e-07
3.7310960480240118e+00	-9.9999999947364415e-08
3.7310980490245123e+00	5.0000000006988898e-07
3.7311000500250122e+00	1.0000000005838672e-07
3.7311020510255126e+00	-2.9999999995311555e-07
3.7311040520260130e+00	4.0000000001150227e-07
3.7311060530265130e+00	9.9999999836342113e-08
3.7311080540270134e+00	-1.0000000005838672e-07
3.7311100550275138e+00	-3.0000000006413785e-07
3.7311120560280138e+00	5.0000000006988898e-07
3.7311140570285142e+00	2.9999999995311555e-07
3.7311160580290146e+00	2.0000000011677344e-07
3.7311180590295145e+00	2.0000000011677344e-07
3.7311200600300150e+00	1.0000000005838672e-07
3.7311220610305149e+00	1.9999999989472883e-07
3.7311240620310153e+00	1.9999999989472883e-07
3.7311260630315157e+00	2.9999999995311555e-07
3.7311280640320157e+00	4.0000000001150227e-07
3.7311300650325161e+00	-4.0000000001150227e-07
3.7311320660330165e+00	-2.0000000000575113e-07
3.7311340670335165e+00	0.0000000000000000e+00
3.7311360680340169e+00	2.9999999995311555e-07
3.7311380690345173e+00	-4.0000000001150227e-07
3.7311400700350172e+00	0.0000000000000000e+00
3.7311420710355176e+00	4.0000000001150227e-07
3.7311440720360181e+00	-2.0000000000575113e-07
3.7311460730365180e+00	2.9999999995311555e-07
3.7311480740370184e+00	-2.0000000000575113e-07
3.7311500750375188e+00	4.0000000001150227e-07
3.7311520760380188e+00	0.0000000000000000e+00
3.7311540770385192e+00	-2.9999999995311555e-07
3.7311560780390192e+00	2.9999999995311555e-07
3.7311580790395196e+00	1.0000000005838672e-07
3.7311600800400200e+00	-2.0000000000575113e-07
3.7311620810405199e+00	-3.0000000006413785e-07
3.7311640820410203e+00	-5.0000000006988898e-07
3.7311660830415208e+00	4.0000000001150227e-07
3.7311680840420207e+00	2.9999999995311555e-07
3.7311700850425211e+00	2.9999999995311555e-07
3.7311720860430215e+00	2.9999999995311555e-07
3.7311740870435215e+00	4.0000000001150227e-07
3.7311760880440219e+00	-5.0000000006988898e-07
3.7311780890445223e+00	-3.0000000006413785e-07
3.7311800900450223e+00	-9.9999999947364415e-08
3.7311820910455227e+00	1.0000000005838672e-07
3.7311840920460231e+00	4.0000000001150227e-07
3.7311860930465230e+00	-3.0000000006413785e-07
3.7311880940470235e+00	9.9999999836342113e-08
3.7311900950475234e+00	-4.9999999995886668e-07
3.7311920960480238e+00	0.0000000000000000e+00
3.7311940970485242e+00	-5.0000000006988898e-07
3.7311960980490242e+00	1.0000000005838672e-07
3.7311980990495246e+00	-2.9999999995311555e-07
3.7312001000500250e+00	2.9999999995311555e-07
3.7312021010505250e+00	0.0000000000000000e+00
3.7312041020510254e+00	-2.0000000000575113e-07
3.7312061030515258e+00	-5.0000000006988898e-07
3.7312081040520257e+00	4.0000000001150227e-07
3.7312101050525261e+00	2.9999999995311555e-07
3.7312121060530266e+00	1.9999999989472883e-07
3.7312141070535265e+00	2.0000000011677344e-07
3.7312161080540269e+00	1.9999999989472883e-07
3.7312181090545273e+00	2.9999999995311555e-07
3.7312201100550273e+00	4.0000000001150227e-07
3.7312221110555277e+00	-3.9999999990047996e-07
3.7312241120560281e+00	-2.0000000000575113e-07
3.7312261130565281e+00	1.0000000005838672e-07
3.7312281140570285e+00	4.0000000001150227e-07
3.7312301150575284e+00	-2.0000000000575113e-07
3.7312321160580288e+00	2.0000000011677344e-07
3.7312341170585293e+00	-4.0000000001150227e-07
3.7312361180590292e+00	2.0000000011677344e-07
3.7312381190595296e+00	-2.9999999995311555e-07
3.7312401200600300e+00	4.0000000001150227e-07
3.7312421210605300e+00	0.0000000000000000e+00
3.7312441220610304e+00	-2.0000000000575113e-07
3.7312461230615308e+00	-4.0000000001150227e-07
3.7312481240620308e+00	4.0000000001150227e-07
3.7312501250625312e+00	2.9999999995311555e-07
3.7312521260630316e+00	2.0000000011677344e-07
3.7312541270635315e+00	1.9999999989472883e-07
3.7312561280640320e+00	2.9999999995311555e-07
3.7312581290645324e+00	4.0000000001150227e-07
3.7312601300650323e+00	-4.9999999995886668e-07
3.7312621310655327e+00	-3.0000000006413785e-07
3.7312641320660327e+00	0.0000000000000000e+00
3.7312661330665331e+00	2.9999999995311555e-07
3.7312681340670335e+00	-3.0000000006413785e-07
3.7312701350675335e+00	1.0000000005838672e-07
3.7312721360680339e+00	-4.0000000001150227e-07
3.7312741370685343e+00	1.0000000005838672e-07
3.7312761380690342e+00	-2.9999999995311555e-07
3.7312781390695346e+00	4.0000000001150227e-07
3.7312801400700351e+00	1.0000000005838672e-07
3.7312821410705350e+00	-1.0000000005838672e-07
3.7312841420710354e+00	-2.9999999995311555e-07
3.7312861430715358e+00	-4.0000000001150227e-07
3.7312881440720358e+00	-4.0000000001150227e-07
3.7312901450725362e+00	-4.0000000001150227e-07
3.7312921460730366e+00	-4.0000000001150227e-07
3.7312941470735366e+00	-2.0000000000575113e-07
3.7312961480740370e+00	0.0000000000000000e+00
3.7312981490745369e+00	2.0000000011677344e-07
3.7313001500750373e+00	-4.9999999995886668e-07
3.7313021510755378e+00	-9.9999999947364415e-08
3.7313041520760377e+00	2.9999999995311555e-07
3.7313061530765381e+00	-2.0000000000575113e-07
3.7313081540770385e+00	4.0000000001150227e-07
3.7313101550775385e+00	0.0000000000000000e+00
3.7313121560780389e+00	-2.9999999995311555e-07
3.7313141570785393e+00	4.0000000001150227e-07
3.7313161580790393e+00	1.9999999989472883e-07
3.7313181590795397e+00	1.0000000005838672e-07
3.7313201600800401e+00	0.0000000000000000e+00
3.7313221610805400e+00	0.0000000000000000e+00
3.7313241620810405e+00	1.0000000005838672e-07
3.7313261630815409e+00	1.9999999989472883e-07
3.7313281640820408e+00	4.0000000001150227e-07
3.7313301650825412e+00	-2.9999999995311555e-07
3.7313321660830412e+00	0.0000000000000000e+00
3.7313341670835416e+00	4.0000000001150227e-07
3.7313361680840420e+00	-1.0000000005838672e-07
3.7313381690845420e+00	5.0000000006988898e-07
3.7313401700850424e+00	1.0000000005838672e-07
3.7313421710855428e+00	-3.0000000006413785e-07
3.7313441720860427e+00	5.0000000006988898e-07
3.7313461730865431e+00	2.9999999995311555e-07
3.7313481740870436e+00	2.0000000011677344e-07
3.7313501750875435e+00	1.9999999989472883e-07
3.7313521760880439e+00	1.9999999989472883e-07
3.7313541770885443e+00	2.9999999995311555e-07
3.7313561780890443e+00	5.0000000006988898e-07
3.7313581790895447e+00	-2.9999999995311555e-07
3.7313601800900451e+00	0.0000000000000000e+00
3.7313621810905451e+00	4.0000000001150227e-07
3.7313641820910455e+00	-9.9999999947364415e-08
3.7313661830915454e+00	4.0000000001150227e-07
3.7313681840920458e+00	1.0000000005838672e-07
3.7313701850925463e+00	-3.0000000006413785e-07
3.7313721860930462e+00	-4.9999999995886668e-07
3.7313741870935466e+00	4.0000000001150227e-07
3.7313761880940470e+00	2.9999999995311555e-07
3.7313781890945470e+00	2.9999999995311555e-07
3.7313801900950474e+00	4.0000000001150227e-07
3.7313821910955478e+00	-4.9999999995886668e-07
3.7313841920960478e+00	-2.0000000000575113e-07
3.7313861930965482e+00	1.0000000005838672e-07
3.7313881940970486e+00	5.0000000006988898e-07
3.7313901950975485e+00	0.0000000000000000e+00
3.7313921960980490e+00	-4.9999999995886668e-07
3.7313941970985494e+00	1.9999999989472883e-07
3.7313961980990493e+00	-1.0000000005838672e-07
3.7313981990995497e+00	-3.0000000006413785e-07
3.7314002001000497e+00	-4.0000000001150227e-07
3.7314022011005501e+00	-4.0000000001150227e-07
3.7314042021010505e+00	-4.0000000001150227e-07
3.7314062031015505e+00	-2.0000000000575113e-07
3.7314082041020509e+00	0.0000000000000000e+00
3.7314102051025513e+00	2.9999999995311555e-07
3.7314122061030512e+00	-3.0000000006413785e-07
3.7314142071035517e+00	1.9999999989472883e-07
3.7314162081040521e+00	-2.0000000000575113e-07
3.7314182091045520e+00	5.0000000006988898e-07
3.7314202101050524e+00	2.9999999995311555e-07
3.7314222111055528e+00	1.0000000005838672e-07
3.7314242121060528e+00	0.0000000000000000e+00
3.7314262131065532e+00	1.0000000005838672e-07
3.7314282141070536e+00	1.9999999989472883e-07
3.7314302151075536e+00	4.0000000001150227e-07
3.7314322161080540e+00	-2.9999999995311555e-07
3.7314342171085539e+00	1.9999999989472883e-07
3.7314362181090543e+00	-2.9999999995311555e-07
3.7314382191095548e+00	2.9999999995311555e-07
3.7314402201100547e+00	-1.0000000005838672e-07
3.7314422211105551e+00	-2.9999999995311555e-07
3.7314442221110555e+00	-4.0000000001150227e-07
3.7314462231115555e+00	-4.0000000001150227e-07
3.7314482241120559e+00	-3.0000000006413785e-07
3.7314502251125563e+00	-9.9999999947364415e-08
3.7314522261130563e+00	1.9999999989472883e-07
3.7314542271135567e+00	-4.0000000001150227e-07
3.7314562281140571e+00	1.0000000005838672e-07
3.7314582291145570e+00	-3.0000000006413785e-07
3.7314602301150575e+00	2.9999999995311555e-07
3.7314622311155579e+00	1.9999999989472883e-07
3.7314642321160578e+00	1.0000000005838672e-07
3.7314662331165582e+00	1.0000000005838672e-07
3.7314682341170582e+00	2.0000000011677344e-07
3.7314702351175586e+00	4.0000000001150227e-07
3.7314722361180590e+00	-2.0000000000575113e-07
3.7314742371185590e+00	1.9999999989472883e-07
3.7314762381190594e+00	-2.0000000000575113e-07
3.7314782391195598e+00	4.0000000001150227e-07
3.7314802401200597e+00	2.0000000011677344e-07
3.7314822411205602e+00	1.0000000005838672e-07
3.7314842421210606e+00	1.0000000005838672e-07
3.7314862431215605e+00	2.0000000011677344e-07
3.7314882441220609e+00	5.0000000006988898e-07
3.7314902451225613e+00	-2.0000000000575113e-07
3.7314922461230613e+00	2.9999999995311555e-07
3.7314942471235617e+00	-1.0000000005838672e-07
3.7314962481240621e+00	-3.9999999990047996e-07
3.7314982491245621e+00	4.0000000001150227e-07
3.7315002501250625e+00	4.0000000001150227e-07
3.7315022511255624e+00	4.0000000001150227e-07
3.7315042521260628e+00	-3.9999999990047996e-07
3.7315062531265633e+00	-9.9999999947364415e-08
3.7315082541270632e+00	4.0000000001150227e-07
3.7315102551275636e+00	-9.9999999947364415e-08
3.7315122561280640e+00	-4.0000000001150227e-07
3.7315142571285640e+00	5.0000000006988898e-07
3.7315162581290644e+00	4.0000000001150227e-07
3.7315182591295648e+00	-4.9999999995886668e-07
3.7315202601300648e+00	-3.0000000006413785e-07
3.7315222611305652e+00	1.0000000005838672e-07
3.7315242621310656e+00	-4.0000000001150227e-07
3.7315262631315655e+00	2.0000000011677344e-07
3.7315282641320660e+00	-9.9999999947364415e-08
3.7315302651325664e+00	-2.0000000000575113e-07
3.7315322661330663e+00	-2.0000000000575113e-07
3.7315342671335667e+00	0.0000000000000000e+00
3.7315362681340667e+00	2.9999999995311555e-07
3.7315382691345671e+00	-2.0000000000575113e-07
3.7315402701350675e+00	4.0000000001150227e-07
3.7315422711355675e+00	1.0000000005838672e-07
3.7315442721360679e+00	0.0000000000000000e+00
3.7315462731365683e+00	0.0000000000000000e+00
3.7315482741370682e+00	2.0000000011677344e-07
3.7315502751375687e+00	-4.9999999995886668e-07
3.7315522761380691e+00	0.0000000000000000e+00
3.7315542771385690e+00	-4.0000000001150227e-07
3.7315562781390694e+00	4.0000000001150227e-07
3.7315582791395698e+00	2.9999999995311555e-07
3.7315602801400698e+00	4.0000000001150227e-07
3.7315622811405702e+00	-3.0000000006413785e-07
3.7315642821410706e+00	1.0000000005838672e-07
3.7315662831415706e+00	-3.0000000006413785e-07
3.7315682841420710e+00	4.0000000001150227e-07
3.7315702851425709e+00	2.9999999995311555e-07
3.7315722861430713e+00	4.0000000001150227e-07
3.7315742871435718e+00	-4.0000000001150227e-07
3.7315762881440717e+00	0.0000000000000000e+00
3.7315782891445721e+00	-4.0000000001150227e-07
3.7315802901450725e+00	2.9999999995311555e-07
3.7315822911455725e+00	1.9999999989472883e-07
3.7315842921460729e+00	2.9999999995311555e-07
3.7315862931465733e+00	-4.0000000001150227e-07
3.7315882941470733e+00	0.0000000000000000e+00
3.7315902951475737e+00	-4.0000000001150227e-07
3.7315922961480741e+00	4.0000000001150227e-07
3.7315942971485740e+00	4.0000000001150227e-07
3.7315962981490745e+00	-4.0000000001150227e-07
3.7315982991495749e+00	0.0000000000000000e+00
3.7316003001500748e+00	-4.9999999995886668e-07
3.7316023011505752e+00	2.0000000011677344e-07
3.7316043021510752e+00	2.0000000011677344e-07
3.7316063031515756e+00	2.9999999995311555e-07
3.7316083041520760e+00	-4.0000000001150227e-07
3.7316103051525760e+00	1.0000000005838672e-07
3.7316123061530764e+00	-2.0000000000575113e-07
3.7316143071535768e+00	-2.0000000000575113e-07
3.7316163081540767e+00	-9.9999999947364415e-08
3.7316183091545772e+00	1.9999999989472883e-07
3.7316203101550776e+00	-3.0000000006413785e-07
3.7316223111555775e+00	5.0000000006988898e-07
3.7316243121560779e+00	5.0000000006988898e-07
3.7316263131565783e+00	-4.0000000001150227e-07
3.7316283141570783e+00	0.0000000000000000e+00
3.7316303151575787e+00	-4.0000000001150227e-07
3.7316323161580791e+00	5.0000000006988898e-07
3.7316343171585791e+00	-4.9999999995886668e-07
3.7316363181590795e+00	-2.0000000000575113e-07
3.7316383191595794e+00	2.9999999995311555e-07
3.7316403201600798e+00	1.0000000005838672e-07
3.7316423211605803e+00	0.0000000000000000e+00
3.7316443221610802e+00	1.9999999989472883e-07
3.7316463231615806e+00	-2.9999999995311555e-07
3.7316483241620810e+00	4.0000000001150227e-07
3.7316503251625810e+00	2.9999999995311555e-07
3.7316523261630814e+00	-4.9999999995886668e-07
3.7316543271635818e+00	-1.0000000005838672e-07
3.7316563281640818e+00	-4.0000000001150227e-07
3.7316583291645822e+00	-4.0000000001150227e-07
3.7316603301650826e+00	-2.0000000000575113e-07
3.7316623311655825e+00	2.0000000011677344e-07
3.7316643321660830e+00	-1.0000000005838672e-07
3.7316663331665834e+00	-1.0000000005838672e-07
3.7316683341670833e+00	1.9999999989472883e-07
3.7316703351675837e+00	-2.9999999995311555e-07
3.7316723361680841e+00	-4.9999999995886668e-07
3.7316743371685841e+00	-4.0000000001150227e-07
3.7316763381690845e+00	0.0000000000000000e+00
3.7316783391695845e+00	-3.9999999990047996e-07
3.7316803401700849e+00	-4.0000000001150227e-07
3.7316823411705853e+00	-2.0000000000575113e-07
3.7316843421710852e+00	2.9999999995311555e-07
3.7316863431715857e+00	1.9999999989472883e-07
3.7316883441720861e+00	2.9999999995311555e-07
3.7316903451725860e+00	-2.9999999995311555e-07
3.7316923461730864e+00	4.9999999984784438e-07
3.7316943471735868e+00	-4.9999999995886668e-07
3.7316963481740868e+00	-1.0000000005838672e-07
3.7316983491745872e+00	-4.0000000001150227e-07
3.7317003501750876e+00	-4.0000000001150227e-07
3.7317023511755876e+00	0.0000000000000000e+00
3.7317043521760880e+00	-2.9999999995311555e-07
3.7317063531765884e+00	-2.9999999995311555e-07
3.7317083541770883e+00	1.0000000005838672e-07
3.7317103551775888e+00	-2.0000000000575113e-07
3.7317123561780887e+00	-1.0000000005838672e-07
3.7317143571785891e+00	2.9999999995311555e-07
3.7317163581790895e+00	9.9999999836342113e-08
3.7317183591795895e+00	2.0000000011677344e-07
3.7317203601800899e+00	-3.0000000006413785e-07
3.7317223611805903e+00	-4.0000000001150227e-07
3.7317243621810903e+00	-1.0000000005838672e-07
3.7317263631815907e+00	-4.0000000001150227e-07
3.7317283641820911e+00	-3.9999999990047996e-07
3.7317303651825910e+00	0.0000000000000000e+00
3.7317323661830915e+00	-1.0000000005838672e-07
3.7317343671835919e+00	1.0000000005838672e-07
3.7317363681840918e+00	-2.0000000000575113e-07
3.7317383691845922e+00	-2.0000000000575113e-07
3.7317403701850926e+00	2.9999999995311555e-07
3.7317423711855926e+00	1.9999999989472883e-07
3.7317443721860930e+00	-4.0000000001150227e-07
3.7317463731865930e+00	4.0000000001150227e-07
3.7317483741870934e+00	-4.0000000001150227e-07
3.7317503751875938e+00	2.9999999995311555e-07
3.7317523761880937e+00	5.0000000006988898e-07
3.7317543771885942e+00	1.0000000005838672e-07
3.7317563781890946e+00	1.9999999989472883e-07
3.7317583791895945e+00	-2.9999999995311555e-07
3.7317603801900949e+00	-2.0000000000575113e-07
3.7317623811905953e+00	2.9999999995311555e-07
3.7317643821910953e+00	4.0000000001150227e-07
3.7317663831915957e+00	-9.9999999947364415e-08
3.7317683841920961e+00	0.0000000000000000e+00
3.7317703851925961e+00	-4.0000000001150227e-07
3.7317723861930965e+00	-3.0000000006413785e-07
3.7317743871935969e+00	2.9999999995311555e-07
3.7317763881940968e+00	-5.0000000006988898e-07
3.7317783891945973e+00	2.9999999995311555e-07
3.7317803901950972e+00	-4.0000000001150227e-07
3.7317823911955976e+00	5.0000000006988898e-07
3.7317843921960980e+00	0.0000000000000000e+00
3.7317863931965980e+00	0.0000000000000000e+00
3.7317883941970984e+00	-3.0000000006413785e-07
3.7317903951975988e+00	0.0000000000000000e+00
3.7317923961980988e+00	-2.0000000000575113e-07
3.7317943971985992e+00	4.0000000001150227e-07
3.7317963981990996e+00	-4.9999999995886668e-07
3.7317983991995995e+00	2.9999999995311555e-07
3.7318004002001000e+00	-2.0000000000575113e-07
3.7318024012006004e+00	-1.0000000005838672e-07
3.7318044022011003e+00	-3.0000000006413785e-07
3.7318064032016007e+00	1.9999999989472883e-07
3.7318084042021011e+00	4.0000000001150227e-07
3.7318104052026011e+00	4.0000000001150227e-07
3.7318124062031015e+00	0.0000000000000000e+00
3.7318144072036015e+00	4.0000000001150227e-07
3.7318164082041019e+00	-4.0000000001150227e-07
3.7318184092046023e+00	5.0000000006988898e-07
3.7318204102051022e+00	2.0000000011677344e-07
3.7318224112056027e+00	-2.9999999995311555e-07
3.7318244122061031e+00	0.0000000000000000e+00
3.7318264132066030e+00	1.0000000005838672e-07
3.7318284142071034e+00	9.9999999836342113e-08
3.7318304152076038e+00	-9.9999999947364415e-08
3.7318324162081038e+00	-4.9999999995886668e-07
3.7318344172086042e+00	9.9999999836342113e-08
3.7318364182091046e+00	-4.0000000001150227e-07
3.7318384192096046e+00	-1.0000000005838672e-07
3.7318404202101050e+00	2.9999999995311555e-07
3.7318424212106054e+00	-4.9999999995886668e-07
3.7318444222111053e+00	-2.0000000000575113e-07
3.7318464232116058e+00	0.0000000000000000e+00
3.7318484242121057e+00	2.0000000011677344e-07
3.7318504252126061e+00	4.9999999984784438e-07
3.7318524262131065e+00	-2.0000000000575113e-07
3.7318544272136065e+00	1.0000000005838672e-07
3.7318564282141069e+00	-4.0000000001150227e-07
3.7318584292146073e+00	1.0000000005838672e-07
3.7318604302151073e+00	-2.0000000000575113e-07
3.7318624312156077e+00	-2.9999999995311555e-07
3.7318644322161081e+00	-2.9999999995311555e-07
3.7318664332166080e+00	-9.9999999947364415e-08
3.7318684342171085e+00	4.0000000001150227e-07
3.7318704352176089e+00	1.0000000005838672e-07
3.7318724362181088e+00	1.0000000005838672e-07
3.7318744372186092e+00	4.0000000001150227e-07
3.7318764382191096e+00	0.0000000000000000e+00
3.7318784392196096e+00	0.0000000000000000e+00
3.7318804402201100e+00	4.0000000001150227e-07
3.7318824412206100e+00	2.0000000011677344e-07
3.7318844422211104e+00	5.0000000006988898e-07
3.7318864432216108e+00	2.0000000011677344e-07
3.7318884442221107e+00	-4.9999999995886668e-07
3.7318904452226112e+00	2.9999999995311555e-07
3.7318924462231116e+00	-3.0000000006413785e-07
3.7318944472236115e+00	-2.0000000000575113e-07
3.7318964482241119e+00	5.0000000006988898e-07
3.7318984492246123e+00	-9.9999999947364415e-08
3.7319004502251123e+00	0.0000000000000000e+00
3.7319024512256127e+00	0.0000000000000000e+00
3.7319044522261131e+00	-3.0000000006413785e-07
3.7319064532266131e+00	2.9999999995311555e-07
3.7319084542271135e+00	-9.9999999947364415e-08
3.7319104552276139e+00	4.0000000001150227e-07
3.7319124562281139e+00	-1.0000000005838672e-07
3.7319144572286143e+00	4.9999999984784438e-07
3.7319164582291142e+00	1.9999999989472883e-07
3.7319184592296146e+00	0.0000000000000000e+00
3.7319204602301150e+00	1.0000000005838672e-07
3.7319224612306150e+00	4.0000000001150227e-07
3.7319244622311154e+00	1.0000000005838672e-07
3.7319264632316158e+00	1.9999999989472883e-07
3.7319284642321158e+00	-2.0000000000575113e-07
3.7319304652326162e+00	-9.9999999947364415e-08
3.7319324662331166e+00	-4.0000000001150227e-07
3.7319344672336165e+00	0.0000000000000000e+00
3.7319364682341170e+00	1.0000000005838672e-07
3.7319384692346174e+00	0.0000000000000000e+00
3.7319404702351173e+00	-2.0000000000575113e-07
3.7319424712356177e+00	-4.0000000001150227e-07
3.7319444722361181e+00	-5.0000000006988898e-07
3.7319464732366181e+00	-5.0000000006988898e-07
3.7319484742371185e+00	-2.0000000000575113e-07
3.7319504752376185e+00	4.9999999984784438e-07
3.7319524762381189e+00	-5.0000000006988898e-07
3.7319544772386193e+00	1.9999999989472883e-07
3.7319564782391192e+00	4.0000000001150227e-07
3.7319584792396197e+00	-5.0000000006988898e-07
3.7319604802401201e+00	4.0000000001150227e-07
3.7319624812406200e+00	4.0000000001150227e-07
3.7319644822411204e+00	5.0000000006988898e-07
3.7319664832416208e+00	-9.9999999947364415e-08
3.7319684842421208e+00	-4.0000000001150227e-07
3.7319704852426212e+00	0.0000000000000000e+00
3.7319724862431216e+00	0.0000000000000000e+00
3.7319744872436216e+00	-9.9999999947364415e-08
3.7319764882441220e+00	-2.0000000000575113e-07
3.7319784892446224e+00	0.0000000000000000e+00
3.7319804902451224e+00	5.0000000006988898e-07
3.7319824912456228e+00	-4.0000000001150227e-07
3.7319844922461227e+00	4.0000000001150227e-07
3.7319864932466231e+00	2.9999999995311555e-07
3.7319884942471235e+00	2.9999999995311555e-07
3.7319904952476235e+00	-2.0000000000575113e-07
3.7319924962481239e+00	-9.9999999947364415e-08
3.7319944972486243e+00	0.0000000000000000e+00
3.7319964982491243e+00	2.0000000011677344e-07
3.7319984992496247e+00	-1.0000000005838672e-07
3.7320005002501251e+00	4.0000000001150227e-07
3.7320025012506250e+00	-1.0000000005838672e-07
3.7320045022511255e+00	-2.0000000000575113e-07
3.7320065032516259e+00	5.0000000006988898e-07
3.7320085042521258e+00	1.9999999989472883e-07
3.7320105052526262e+00	4.0000000001150227e-07
3.7320125062531266e+00	-4.9999999995886668e-07
3.7320145072536266e+00	0.0000000000000000e+00
3.7320165082541270e+00	1.0000000005838672e-07
3.7320185092546270e+00	-5.0000000006988898e-07
3.7320205102551274e+00	-3.0000000006413785e-07
3.7320225112556278e+00	1.0000000005838672e-07
3.7320245122561277e+00	4.0000000001150227e-07
3.7320265132566282e+00	1.9999999989472883e-07
3.7320285142571286e+00	0.0000000000000000e+00
3.7320305152576285e+00	-4.0000000001150227e-07
3.7320325162581289e+00	-2.0000000000575113e-07
3.7320345172586293e+00	2.0000000011677344e-07
3.7320365182591293e+00	-2.9999999995311555e-07
3.7320385192596297e+00	2.9999999995311555e-07
3.7320405202601301e+00	-2.0000000000575113e-07
3.7320425212606301e+00	2.9999999995311555e-07
3.7320445222611305e+00	-2.0000000000575113e-07
3.7320465232616309e+00	-4.0000000001150227e-07
3.7320485242621309e+00	-2.0000000000575113e-07
3.7320505252626313e+00	-2.0000000000575113e-07
3.7320525262631312e+00	1.0000000005838672e-07
3.7320545272636316e+00	2.9999999995311555e-07
3.7320565282641320e+00	-1.0000000005838672e-07
3.7320585292646320e+00	-9.9999999947364415e-08
3.7320605302651324e+00	2.9999999995311555e-07
3.7320625312656328e+00	0.0000000000000000e+00
3.7320645322661328e+00	-4.0000000001150227e-07
3.7320665332666332e+00	4.0000000001150227e-07
3.7320685342671336e+00	2.9999999995311555e-07
3.7320705352676335e+00	2.9999999995311555e-07
3.7320725362681340e+00	-5.0000000006988898e-07
3.7320745372686344e+00	-2.0000000000575113e-07
3.7320765382691343e+00	-2.0000000000575113e-07
3.7320785392696347e+00	1.0000000005838672e-07
3.7320805402701351e+00	2.9999999995311555e-07
3.7320825412706351e+00	-2.0000000000575113e-07
3.7320845422711355e+00	2.9999999995311555e-07
3.7320865432716355e+00	4.0000000001150227e-07
3.7320885442721359e+00	1.0000000005838672e-07
3.7320905452726363e+00	-4.9999999995886668e-07
3.7320925462731362e+00	-4.0000000001150227e-07
3.7320945472736367e+00	2.9999999995311555e-07
3.7320965482741371e+00	-1.0000000005838672e-07
3.7320985492746370e+00	1.0000000005838672e-07
3.7321005502751374e+00	1.9999999989472883e-07
3.7321025512756378e+00	-4.9999999995886668e-07
3.7321045522761378e+00	-4.9999999995886668e-07
3.7321065532766382e+00	5.0000000006988898e-07
3.7321085542771386e+00	-4.0000000001150227e-07
3.7321105552776386e+00	0.0000000000000000e+00
3.7321125562781390e+00	0.0000000000000000e+00
3.7321145572786394e+00	0.0000000000000000e+00
3.7321165582791394e+00	0.0000000000000000e+00
3.7321185592796398e+00	0.0000000000000000e+00
3.7321205602801402e+00	0.0000000000000000e+00
3.7321225612806401e+00	0.0000000000000000e+00
3.7321245622811405e+00	0.0000000000000000e+00
3.7321265632816405e+00	0.0000000000000000e+00
3.7321285642821409e+00	0.0000000000000000e+00
3.7321305652826413e+00	0.0000000000000000e+00
3.7321325662831413e+00	0.0000000000000000e+00
3.7321345672836417e+00	0.0000000000000000e+00
3.7321365682841421e+00	0.0000000000000000e+00
3.7321385692846420e+00	0.0000000000000000e+00
3.7321405702851425e+00	0.0000000000000000e+00
3.7321425712856429e+00	0.0000000000000000e+00
3.7321445722861428e+00	0.0000000000000000e+00
3.7321465732866432e+00	0.0000000000000000e+00
3.7321485742871436e+00	0.0000000000000000e+00
3.7321505752876436e+00	0.0000000000000000e+00
3.7321525762881440e+00	0.0000000000000000e+00
3.7321545772886444e+00	0.0000000000000000e+00
3.7321565782891444e+00	0.0000000000000000e+00
3.7321585792896448e+00	0.0000000000000000e+00
3.7321605802901447e+00	0.0000000000000000e+00
3.7321625812906452e+00	0.0000000000000000e+00
3.7321645822911456e+00	-4.0000000001150227e-07
3.7321665832916455e+00	2.2489999995656262e-07
3.7321685842921459e+00	4.0000000001150227e-07
3.7321705852926463e+00	0.0000000000000000e+00
3.7321725862931463e+00	0.0000000000000000e+00
3.7321745872936467e+00	0.0000000000000000e+00
3.7321765882941471e+00	0.0000000000000000e+00
3.7321785892946471e+00	0.0000000000000000e+00
3.7321805902951475e+00	0.0000000000000000e+00
3.7321825912956479e+00	0.0000000000000000e+00
3.7321845922961479e+00	0.0000000000000000e+00
3.7321865932966483e+00	0.0000000000000000e+00
3.7321885942971487e+00	0.0000000000000000e+00
3.7321905952976486e+00	4.0000000001150227e-07
3.7321925962981490e+00	-9.9999999947364415e-08
3.7321945972986490e+00	4.0000000001150227e-07
3.7321965982991494e+00	-4.0000000001150227e-07
3.7321985992996498e+00	5.0000000006988898e-07
3.7322006003001498e+00	4.0000000001150227e-07
3.7322026013006502e+00	-1.0000000005838672e-07
3.7322046023011506e+00	1.0000000005838672e-07
3.7322066033016505e+00	-2.0000000000575113e-07
3.7322086043021510e+00	-3.6000000003255650e-07
3.7322106053026514e+00	4.9999999918171056e-08
3.7322126063031513e+00	4.7000000003016851e-07
3.7322146073036517e+00	-4.7000000003016851e-07
3.7322166083041521e+00	-2.1999999999522402e-07
3.7322186093046521e+00	-4.5000000004069562e-07
3.7322206103051525e+00	-4.4100000007318840e-07
3.7322226113056529e+00	7.9000000097195766e-08
3.7322246123061529e+00	-4.2300000002715166e-07
3.7322266133066533e+00	-3.5499999995192155e-07
3.7322286143071532e+00	1.7178000000228622e-07
3.7322306153076537e+00	-3.0091000002840929e-07
3.7322326163081541e+00	-8.5299999952326289e-08
3.7322346173086540e+00	2.5100000011768486e-07
3.7322366183091544e+00	-4.3399999993809502e-07
3.7322386193096548e+00	-1.1399999999550658e-07
3.7322406203101548e+00	2.0400000000364571e-07
3.7322426213106552e+00	3.0799999994890470e-07
3.7322446223111556e+00	-3.4999999998230891e-07
3.7322466233116556e+00	2.4000000009571920e-07
3.7322486243121560e+00	-4.6999999991914621e-07
3.7322506253126564e+00	3.9000000007227698e-07
3.7322526263131564e+00	0.0000000000000000e+00
3.7322546273136568e+00	-2.0000000000575113e-07
3.7322566283141572e+00	5.0000000006988898e-07
3.7322586293146571e+00	-3.0000000039720476e-08
3.7322606303151575e+00	2.8000000007466497e-07
3.7322626313156575e+00	-3.8000000002202938e-07
3.7322646323161579e+00	3.0999999989234084e-07
3.7322666333166583e+00	-2.3000000004547161e-07
3.7322686343171583e+00	-4.8000000008041610e-07
3.7322706353176587e+00	1.4999999997655777e-07
3.7322726363181591e+00	3.1000000011438544e-07
3.7322746373186590e+00	-2.7999999996364267e-07
3.7322766383191595e+00	1.4000000003733248e-07
3.7322786393196599e+00	3.6999999997178179e-07
3.7322806403201598e+00	2.5000000003494449e-07
3.7322826413206602e+00	-3.6000000003255650e-07
3.7322846423211606e+00	4.6000000009094322e-07
3.7322866433216606e+00	-3.8999999996125467e-07
3.7322886443221610e+00	3.0000000039720476e-08
3.7322906453226614e+00	-3.1000000000336314e-07
3.7322926463231614e+00	-4.5000000004069562e-07
3.7322946473236618e+00	-4.0999999995072756e-07
3.7322966483241617e+00	-1.8000000001627825e-07
3.7322986493246622e+00	2.4000000009571920e-07
3.7323006503251626e+00	-1.4000000003733248e-07
3.7323026513256625e+00	-3.1000000000336314e-07
3.7323046523261629e+00	-2.3999999998469690e-07
3.7323066533266633e+00	1.0999999999761201e-07
3.7323086543271633e+00	-2.3999999998469690e-07
3.7323106553276637e+00	-2.4000000009571920e-07
3.7323126563281641e+00	1.2999999987606259e-07
3.7323146573286641e+00	-7.0000000018666242e-08
3.7323166583291645e+00	2.0000000011677344e-07
3.7323186593296649e+00	0.0000000000000000e+00
3.7323206603301649e+00	2.9999999995311555e-07
3.7323226613306653e+00	2.9999999995311555e-07
3.7323246623311657e+00	-1.0000000005838672e-07
3.7323266633316656e+00	2.0000000011677344e-07
3.7323286643321660e+00	2.9999999995311555e-07
3.7323306653326660e+00	1.0000000005838672e-07
3.7323326663331664e+00	-2.0000000000575113e-07
3.7323346673336668e+00	4.0000000001150227e-07
3.7323366683341668e+00	0.0000000000000000e+00
3.7323386693346672e+00	-4.0000000001150227e-07
3.7323406703351676e+00	2.0000000011677344e-07
3.7323426713356675e+00	-2.0000000000575113e-07
3.7323446723361680e+00	-3.0000000006413785e-07
3.7323466733366684e+00	-3.0000000006413785e-07
3.7323486743371683e+00	-9.9999999947364415e-08
3.7323506753376687e+00	4.0000000001150227e-07
3.7323526763381691e+00	2.0000000011677344e-07
3.7323546773386691e+00	2.9999999995311555e-07
3.7323566783391695e+00	-1.0000000005838672e-07
3.7323586793396699e+00	-9.9999999947364415e-08
3.7323606803401699e+00	2.9999999995311555e-07
3.7323626813406703e+00	2.9999999995311555e-07
3.7323646823411702e+00	-2.0000000000575113e-07
3.7323666833416707e+00	0.0000000000000000e+00
3.7323686843421711e+00	-2.9999999995311555e-07
3.7323706853426710e+00	1.0000000005838672e-07
3.7323726863431714e+00	2.0000000011677344e-07
3.7323746873436718e+00	1.0000000005838672e-07
3.7323766883441718e+00	-2.9999999995311555e-07
3.7323786893446722e+00	2.0000000011677344e-07
3.7323806903451726e+00	4.0000000001150227e-07
3.7323826913456726e+00	-4.0000000001150227e-07
3.7323846923461730e+00	-4.0000000001150227e-07
3.7323866933466734e+00	-4.0000000001150227e-07
3.7323886943471734e+00	-5.0000000006988898e-07
3.7323906953476738e+00	4.0000000001150227e-07
3.7323926963481742e+00	4.0000000001150227e-07
3.7323946973486741e+00	4.0000000001150227e-07
3.7323966983491745e+00	4.0000000001150227e-07
3.7323986993496745e+00	-3.9999999990047996e-07
3.7324007003501749e+00	-9.9999999947364415e-08
3.7324027013506753e+00	2.9999999995311555e-07
3.7324047023511753e+00	-1.0000000005838672e-07
3.7324067033516757e+00	-2.0000000000575113e-07
3.7324087043521761e+00	-2.0000000000575113e-07
3.7324107053526761e+00	2.0000000011677344e-07
3.7324127063531765e+00	-2.0000000000575113e-07
3.7324147073536769e+00	-2.9999999995311555e-07
3.7324167083541768e+00	-1.0000000005838672e-07
3.7324187093546772e+00	4.0000000001150227e-07
3.7324207103551776e+00	4.0000000001150227e-07
3.7324227113556776e+00	-2.9999999995311555e-07
3.7324247123561780e+00	4.0000000001150227e-07
3.7324267133566784e+00	-4.0000000001150227e-07
3.7324287143571784e+00	2.0000000011677344e-07
3.7324307153576788e+00	1.9999999989472883e-07
3.7324327163581787e+00	-2.0000000000575113e-07
3.7324347173586792e+00	-1.0000000005838672e-07
3.7324367183591796e+00	4.0000000001150227e-07
3.7324387193596795e+00	-4.0000000001150227e-07
3.7324407203601799e+00	2.9999999995311555e-07
3.7324427213606803e+00	-4.0000000001150227e-07
3.7324447223611803e+00	4.0000000001150227e-07
3.7324467233616807e+00	-9.9999999947364415e-08
3.7324487243621811e+00	1.0000000005838672e-07
3.7324507253626811e+00	-2.0000000000575113e-07
3.7324527263631815e+00	2.9999999995311555e-07
3.7324547273636819e+00	4.0000000001150227e-07
3.7324567283641819e+00	1.9999999989472883e-07
3.7324587293646823e+00	-3.0000000006413785e-07
3.7324607303651827e+00	0.0000000000000000e+00
3.7324627313656826e+00	0.0000000000000000e+00
3.7324647323661830e+00	-2.0000000000575113e-07
3.7324667333666830e+00	2.9999999995311555e-07
3.7324687343671834e+00	-4.0000000001150227e-07
3.7324707353676838e+00	-3.0000000006413785e-07
3.7324727363681838e+00	-2.9999999995311555e-07
3.7324747373686842e+00	4.0000000001150227e-07
3.7324767383691846e+00	0.0000000000000000e+00
3.7324787393696846e+00	-5.0000000006988898e-07
3.7324807403701850e+00	-2.0000000000575113e-07
3.7324827413706854e+00	1.0000000005838672e-07
3.7324847423711853e+00	2.0000000011677344e-07
3.7324867433716857e+00	2.0000000011677344e-07
3.7324887443721861e+00	1.9999999989472883e-07
3.7324907453726861e+00	1.0000000005838672e-07
3.7324927463731865e+00	-1.0000000005838672e-07
3.7324947473736869e+00	-3.0000000006413785e-07
3.7324967483741869e+00	5.0000000006988898e-07
3.7324987493746873e+00	2.0000000011677344e-07
3.7325007503751872e+00	0.0000000000000000e+00
3.7325027513756877e+00	-2.0000000000575113e-07
3.7325047523761881e+00	-4.0000000001150227e-07
3.7325067533766880e+00	4.0000000001150227e-07
3.7325087543771884e+00	2.9999999995311555e-07
3.7325107553776888e+00	2.0000000011677344e-07
3.7325127563781888e+00	1.9999999989472883e-07
3.7325147573786892e+00	2.9999999995311555e-07
3.7325167583791896e+00	4.0000000001150227e-07
3.7325187593796896e+00	-2.9999999995311555e-07
3.7325207603801900e+00	1.0000000005838672e-07
3.7325227613806904e+00	-4.0000000001150227e-07
3.7325247623811904e+00	2.9999999995311555e-07
3.7325267633816908e+00	1.0000000005838672e-07
3.7325287643821912e+00	0.0000000000000000e+00
3.7325307653826911e+00	2.0000000011677344e-07
3.7325327663831915e+00	5.0000000006988898e-07
3.7325347673836915e+00	0.0000000000000000e+00
3.7325367683841919e+00	-3.0000000006413785e-07
3.7325387693846923e+00	-4.0000000001150227e-07
3.7325407703851923e+00	-2.0000000000575113e-07
3.7325427713856927e+00	1.0000000005838672e-07
3.7325447723861931e+00	-2.0000000000575113e-07
3.7325467733866931e+00	-3.0000000006413785e-07
3.7325487743871935e+00	-2.0000000000575113e-07
3.7325507753876939e+00	2.9999999995311555e-07
3.7325527763881938e+00	0.0000000000000000e+00
3.7325547773886942e+00	0.0000000000000000e+00
3.7325567783891946e+00	2.9999999995311555e-07
3.7325587793896946e+00	0.0000000000000000e+00
3.7325607803901950e+00	0.0000000000000000e+00
3.7325627813906954e+00	2.9999999995311555e-07
3.7325647823911954e+00	0.0000000000000000e+00
3.7325667833916958e+00	1.0000000005838672e-07
3.7325687843921962e+00	-4.9999999995886668e-07
3.7325707853926962e+00	2.9999999995311555e-07
3.7325727863931966e+00	-4.0000000001150227e-07
3.7325747873936965e+00	2.0000000011677344e-07
3.7325767883941969e+00	1.9999999989472883e-07
3.7325787893946973e+00	-2.9999999995311555e-07
3.7325807903951973e+00	-4.0000000001150227e-07
3.7325827913956977e+00	0.0000000000000000e+00
3.7325847923961981e+00	-2.0000000000575113e-07
3.7325867933966981e+00	1.0000000005838672e-07
3.7325887943971985e+00	-1.0000000005838672e-07
3.7325907953976989e+00	1.9999999989472883e-07
3.7325927963981989e+00	0.0000000000000000e+00
3.7325947973986993e+00	2.9999999995311555e-07
3.7325967983991997e+00	1.0000000005838672e-07
3.7325987993996996e+00	-5.0000000006988898e-07
3.7326008004002000e+00	4.0000000001150227e-07
3.7326028014007004e+00	-1.0000000005838672e-07
3.7326048024012004e+00	0.0000000000000000e+00
3.7326068034017008e+00	-2.9999999995311555e-07
3.7326088044022008e+00	-1.0000000005838672e-07
3.7326108054027012e+00	-2.0000000000575113e-07
3.7326128064032016e+00	2.9999999995311555e-07
3.7326148074037016e+00	4.0000000001150227e-07
3.7326168084042020e+00	1.9999999989472883e-07
3.7326188094047024e+00	-4.0000000001150227e-07
3.7326208104052023e+00	-3.0000000006413785e-07
3.7326228114057027e+00	5.0000000006988898e-07
3.7326248124062031e+00	-1.0000000005838672e-07
3.7326268134067031e+00	1.0000000005838672e-07
3.7326288144072035e+00	0.0000000000000000e+00
3.7326308154077039e+00	-3.0000000006413785e-07
3.7326328164082039e+00	0.0000000000000000e+00
3.7326348174087043e+00	2.0000000011677344e-07
3.7326368184092047e+00	1.0000000005838672e-07
3.7326388194097047e+00	-2.0000000000575113e-07
3.7326408204102051e+00	2.9999999995311555e-07
3.7326428214107050e+00	-4.0000000001150227e-07
3.7326448224112054e+00	-3.0000000006413785e-07
3.7326468234117058e+00	-4.0000000001150227e-07
3.7326488244122058e+00	4.0000000001150227e-07
3.7326508254127062e+00	1.0000000005838672e-07
3.7326528264132066e+00	-2.9999999995311555e-07
3.7326548274137066e+00	1.0000000005838672e-07
3.7326568284142070e+00	5.0000000006988898e-07
3.7326588294147074e+00	-2.9999999995311555e-07
3.7326608304152074e+00	-9.9999999947364415e-08
3.7326628314157078e+00	1.0000000005838672e-07
3.7326648324162082e+00	2.0000000011677344e-07
3.7326668334167081e+00	4.0000000001150227e-07
3.7326688344172085e+00	5.0000000006988898e-07
3.7326708354177089e+00	-4.0000000001150227e-07
3.7326728364182089e+00	-3.0000000006413785e-07
3.7326748374187093e+00	-9.9999999947364415e-08
3.7326768384192093e+00	2.0000000011677344e-07
3.7326788394197097e+00	5.0000000006988898e-07
3.7326808404202101e+00	-1.0000000005838672e-07
3.7326828414207101e+00	4.0000000001150227e-07
3.7326848424212105e+00	1.0000000005838672e-07
3.7326868434217109e+00	-1.0000000005838672e-07
3.7326888444222108e+00	-2.0000000000575113e-07
3.7326908454227112e+00	0.0000000000000000e+00
3.7326928464232116e+00	2.9999999995311555e-07
3.7326948474237116e+00	-1.0000000005838672e-07
3.7326968484242120e+00	-4.0000000001150227e-07
3.7326988494247124e+00	-3.0000000006413785e-07
3.7327008504252124e+00	-9.9999999947364415e-08
3.7327028514257128e+00	-4.9999999995886668e-07
3.7327048524262132e+00	4.0000000001150227e-07
3.7327068534267132e+00	-4.0000000001150227e-07
3.7327088544272136e+00	1.9999999989472883e-07
3.7327108554277135e+00	1.0000000005838672e-07
3.7327128564282139e+00	4.0000000001150227e-07
3.7327148574287143e+00	2.0000000011677344e-07
3.7327168584292143e+00	2.9999999995311555e-07
3.7327188594297147e+00	-9.9999999947364415e-08
3.7327208604302151e+00	0.0000000000000000e+00
3.7327228614307151e+00	-4.0000000001150227e-07
3.7327248624312155e+00	-4.0000000001150227e-07
3.7327268634317159e+00	2.9999999995311555e-07
3.7327288644322159e+00	4.0000000001150227e-07
3.7327308654327163e+00	2.0000000011677344e-07
3.7327328664332167e+00	-4.0000000001150227e-07
3.7327348674337166e+00	-4.0000000001150227e-07
3.7327368684342170e+00	1.9999999989472883e-07
3.7327388694347174e+00	-4.0000000001150227e-07
3.7327408704352174e+00	-3.9999999990047996e-07
3.7327428714357178e+00	4.0000000001150227e-07
3.7327448724362178e+00	-1.0000000005838672e-07
3.7327468734367182e+00	2.9999999995311555e-07
3.7327488744372186e+00	4.0000000001150227e-07
3.7327508754377186e+00	4.0000000001150227e-07
3.7327528764382190e+00	1.9999999989472883e-07
3.7327548774387194e+00	-9.9999999947364415e-08
3.7327568784392193e+00	-4.0000000001150227e-07
3.7327588794397197e+00	1.9999999989472883e-07
3.7327608804402201e+00	-2.0000000000575113e-07
3.7327628814407201e+00	4.0000000001150227e-07
3.7327648824412205e+00	0.0000000000000000e+00
3.7327668834417209e+00	-3.0000000006413785e-07
3.7327688844422209e+00	-5.0000000006988898e-07
3.7327708854427213e+00	5.0000000006988898e-07
3.7327728864432217e+00	-4.0000000001150227e-07
3.7327748874437217e+00	-1.0000000005838672e-07
3.7327768884442221e+00	5.0000000006988898e-07
3.7327788894447220e+00	2.9999999995311555e-07
3.7327808904452224e+00	4.0000000001150227e-07
3.7327828914457228e+00	-1.0000000005838672e-07
3.7327848924462228e+00	-2.0000000000575113e-07
3.7327868934467232e+00	0.0000000000000000e+00
3.7327888944472236e+00	-3.0000000006413785e-07
3.7327908954477236e+00	0.0000000000000000e+00
3.7327928964482240e+00	-3.0000000006413785e-07
3.7327948974487244e+00	0.0000000000000000e+00
3.7327968984492244e+00	0.0000000000000000e+00
3.7327988994497248e+00	-4.9999999995886668e-07
3.7328009004502252e+00	-1.9999999989472883e-07
3.7328029014507251e+00	-2.0000000000575113e-07
3.7328049024512255e+00	-4.0000000001150227e-07
3.7328069034517259e+00	1.9999999989472883e-07
3.7328089044522259e+00	-2.9999999995311555e-07
3.7328109054527263e+00	1.0000000005838672e-07
3.7328129064532263e+00	-5.0000000006988898e-07
3.7328149074537267e+00	-9.9999999947364415e-08
3.7328169084542271e+00	2.9999999995311555e-07
3.7328189094547271e+00	-9.9999999947364415e-08
3.7328209104552275e+00	-4.0000000001150227e-07
3.7328229114557279e+00	-4.9999999995886668e-07
3.7328249124562278e+00	-2.0000000000575113e-07
3.7328269134567282e+00	2.9999999995311555e-07
3.7328289144572286e+00	1.9999999989472883e-07
3.7328309154577286e+00	-4.9999999995886668e-07
3.7328329164582290e+00	2.9999999995311555e-07
3.7328349174587294e+00	-3.0000000006413785e-07
3.7328369184592294e+00	-2.9999999995311555e-07
3.7328389194597298e+00	2.9999999995311555e-07
3.7328409204602302e+00	-3.0000000006413785e-07
3.7328429214607302e+00	-1.0000000005838672e-07
3.7328449224612306e+00	0.0000000000000000e+00
3.7328469234617305e+00	-1.0000000005838672e-07
3.7328489244622309e+00	-1.0000000005838672e-07
3.7328509254627313e+00	-9.9999999947364415e-08
3.7328529264632313e+00	1.0000000005838672e-07
3.7328549274637317e+00	4.0000000001150227e-07
3.7328569284642321e+00	1.0000000005838672e-07
3.7328589294647321e+00	1.0000000005838672e-07
3.7328609304652325e+00	-5.0000000006988898e-07
3.7328629314657329e+00	5.0000000006988898e-07
3.7328649324662329e+00	0.0000000000000000e+00
3.7328669334667333e+00	1.9999999989472883e-07
3.7328689344672337e+00	1.9999999989472883e-07
3.7328709354677336e+00	0.0000000000000000e+00
3.7328729364682340e+00	-3.0000000006413785e-07
3.7328749374687344e+00	5.0000000006988898e-07
3.7328769384692344e+00	2.9999999995311555e-07
3.7328789394697348e+00	4.0000000001150227e-07
3.7328809404702348e+00	-2.0000000000575113e-07
3.7328829414707352e+00	-4.9999999995886668e-07
3.7328849424712356e+00	-2.0000000000575113e-07
3.7328869434717356e+00	-2.9999999995311555e-07
3.7328889444722360e+00	2.9999999995311555e-07
3.7328909454727364e+00	-4.0000000001150227e-07
3.7328929464732363e+00	0.0000000000000000e+00
3.7328949474737367e+00	2.9999999995311555e-07
3.7328969484742371e+00	-2.0000000000575113e-07
3.7328989494747371e+00	-4.0000000001150227e-07
3.7329009504752375e+00	-3.0000000006413785e-07
3.7329029514757379e+00	4.0000000001150227e-07
3.7329049524762379e+00	-2.9999999995311555e-07
3.7329069534767383e+00	-2.0000000000575113e-07
3.7329089544772387e+00	-1.9999999989472883e-07
3.7329109554777387e+00	-2.0000000000575113e-07
3.7329129564782391e+00	0.0000000000000000e+00
3.7329149574787390e+00	-4.0000000001150227e-07
3.7329169584792394e+00	-4.9999999995886668e-07
3.7329189594797398e+00	1.9999999989472883e-07
3.7329209604802398e+00	-4.0000000001150227e-07
3.7329229614807402e+00	-9.9999999947364415e-08
3.7329249624812406e+00	2.9999999995311555e-07
3.7329269634817406e+00	0.0000000000000000e+00
3.7329289644822410e+00	1.0000000005838672e-07
3.7329309654827414e+00	-2.0000000000575113e-07
3.7329329664832414e+00	2.9999999995311555e-07
3.7329349674837418e+00	-2.9999999995311555e-07
3.7329369684842422e+00	2.9999999995311555e-07
3.7329389694847421e+00	2.9999999995311555e-07
3.7329409704852425e+00	-2.0000000000575113e-07
3.7329429714857429e+00	1.0000000005838672e-07
3.7329449724862429e+00	2.9999999995311555e-07
3.7329469734867433e+00	-2.0000000000575113e-07
3.7329489744872433e+00	-4.0000000001150227e-07
3.7329509754877437e+00	0.0000000000000000e+00
3.7329529764882441e+00	4.0000000001150227e-07
3.7329549774887441e+00	-1.9999999989472883e-07
3.7329569784892445e+00	-4.9999999995886668e-07
3.7329589794897449e+00	-9.9999999947364415e-08
3.7329609804902448e+00	1.0000000005838672e-07
3.7329629814907452e+00	-5.0000000006988898e-07
3.7329649824912456e+00	2.9999999995311555e-07
3.7329669834917456e+00	-2.0000000000575113e-07
3.7329689844922460e+00	1.9999999989472883e-07
3.7329709854927464e+00	-9.9999999947364415e-08
3.7329729864932464e+00	2.9999999995311555e-07
3.7329749874937468e+00	-4.9999999995886668e-07
3.7329769884942472e+00	0.0000000000000000e+00
3.7329789894947472e+00	0.0000000000000000e+00
3.7329809904952476e+00	0.0000000000000000e+00
3.7329829914957475e+00	2.9999999995311555e-07
3.7329849924962479e+00	1.9999999989472883e-07
3.7329869934967483e+00	9.9999999836342113e-08
3.7329889944972483e+00	4.0000000001150227e-07
3.7329909954977487e+00	-4.0000000001150227e-07
3.7329929964982491e+00	0.0000000000000000e+00
3.7329949974987491e+00	0.0000000000000000e+00
3.7329969984992495e+00	0.0000000000000000e+00
3.7329989994997499e+00	0.0000000000000000e+00
3.7330010005002499e+00	0.0000000000000000e+00
3.7330030015007503e+00	0.0000000000000000e+00
3.7330050025012507e+00	0.0000000000000000e+00
3.7330070035017506e+00	0.0000000000000000e+00
3.7330090045022510e+00	0.0000000000000000e+00
3.7330110055027514e+00	0.0000000000000000e+00
3.7330130065032514e+00	0.0000000000000000e+00
3.7330150075037518e+00	0.0000000000000000e+00
3.7330170085042522e+00	0.0000000000000000e+00
3.7330190095047522e+00	0.0000000000000000e+00
3.7330210105052526e+00	0.0000000000000000e+00
3.7330230115057526e+00	0.0000000000000000e+00
3.7330250125062530e+00	0.0000000000000000e+00
3.7330270135067534e+00	0.0000000000000000e+00
3.7330290145072533e+00	0.0000000000000000e+00
3.7330310155077537e+00	0.0000000000000000e+00
3.7330330165082541e+00	0.0000000000000000e+00
3.7330350175087541e+00	0.0000000000000000e+00
3.7330370185092545e+00	0.0000000000000000e+00
3.7330390195097549e+00	0.0000000000000000e+00
3.7330410205102549e+00	0.0000000000000000e+00
3.7330430215107553e+00	0.0000000000000000e+00
3.7330450225112557e+00	0.0000000000000000e+00
3.7330470235117557e+00	0.0000000000000000e+00
3.7330490245122561e+00	0.0000000000000000e+00
3.7330510255127565e+00	0.0000000000000000e+00
3.7330530265132564e+00	0.0000000000000000e+00
3.7330550275137568e+00	0.0000000000000000e+00
3.7330570285142568e+00	0.0000000000000000e+00
3.7330590295147572e+00	0.0000000000000000e+00
3.7330610305152576e+00	0.0000000000000000e+00
3.7330630315157576e+00	0.0000000000000000e+00
3.7330650325162580e+00	0.0000000000000000e+00
3.7330670335167584e+00	0.0000000000000000e+00
3.7330690345172584e+00	0.0000000000000000e+00
3.7330710355177588e+00	0.0000000000000000e+00
3.7330730365182592e+00	0.0000000000000000e+00
3.7330750375187591e+00	0.0000000000000000e+00
3.7330770385192595e+00	0.0000000000000000e+00
3.7330790395197599e+00	0.0000000000000000e+00
3.7330810405202599e+00	0.0000000000000000e+00
3.7330830415207603e+00	0.0000000000000000e+00
3.7330850425212607e+00	0.0000000000000000e+00
3.7330870435217607e+00	0.0000000000000000e+00
3.7330890445222611e+00	0.0000000000000000e+00
3.7330910455227611e+00	0.0000000000000000e+00
3.7330930465232615e+00	0.0000000000000000e+00
3.7330950475237619e+00	0.0000000000000000e+00
3.7330970485242618e+00	0.0000000000000000e+00
3.7330990495247622e+00	0.0000000000000000e+00
3.7331010505252626e+00	0.0000000000000000e+00
3.7331030515257626e+00	0.0000000000000000e+00
3.7331050525262630e+00	0.0000000000000000e+00
3.7331070535267634e+00	0.0000000000000000e+00
3.7331090545272634e+00	0.0000000000000000e+00
3.7331110555277638e+00	0.0000000000000000e+00
3.7331130565282642e+00	0.0000000000000000e+00
3.7331150575287642e+00	0.0000000000000000e+00
3.7331170585292646e+00	0.0000000000000000e+00
3.7331190595297650e+00	0.0000000000000000e+00
3.7331210605302649e+00	0.0000000000000000e+00
3.7331230615307653e+00	0.0000000000000000e+00
3.7331250625312653e+00	0.0000000000000000e+00
3.7331270635317657e+00	0.0000000000000000e+00
3.7331290645322661e+00	0.0000000000000000e+00
3.7331310655327661e+00	0.0000000000000000e+00
3.7331330665332665e+00	0.0000000000000000e+00
3.7331350675337669e+00	0.0000000000000000e+00
3.7331370685342669e+00	0.0000000000000000e+00
3.7331390695347673e+00	0.0000000000000000e+00
3.7331410705352677e+00	0.0000000000000000e+00
3.7331430715357676e+00	0.0000000000000000e+00
3.7331450725362680e+00	0.0000000000000000e+00
3.7331470735367684e+00	0.0000000000000000e+00
3.7331490745372684e+00	0.0000000000000000e+00
3.7331510755377688e+00	0.0000000000000000e+00
3.7331530765382692e+00	0.0000000000000000e+00
3.7331550775387692e+00	0.0000000000000000e+00
3.7331570785392696e+00	0.0000000000000000e+00
3.7331590795397696e+00	0.0000000000000000e+00
3.7331610805402700e+00	0.0000000000000000e+00
3.7331630815407704e+00	0.0000000000000000e+00
3.7331650825412703e+00	0.0000000000000000e+00
3.7331670835417707e+00	0.0000000000000000e+00
3.7331690845422711e+00	0.0000000000000000e+00
3.7331710855427711e+00	0.0000000000000000e+00
3.7331730865432715e+00	0.0000000000000000e+00
3.7331750875437719e+00	0.0000000000000000e+00
3.7331770885442719e+00	0.0000000000000000e+00
3.7331790895447723e+00	0.0000000000000000e+00
3.7331810905452727e+00	0.0000000000000000e+00
3.7331830915457727e+00	0.0000000000000000e+00
3.7331850925462731e+00	0.0000000000000000e+00
3.7331870935467735e+00	0.0000000000000000e+00
3.7331890945472734e+00	0.0000000000000000e+00
3.7331910955477738e+00	0.0000000000000000e+00
3.7331930965482738e+00	0.0000000000000000e+00
3.7331950975487742e+00	0.0000000000000000e+00
3.7331970985492746e+00	0.0000000000000000e+00
3.7331990995497746e+00	0.0000000000000000e+00
3.7332011005502750e+00	0.0000000000000000e+00
3.7332031015507754e+00	0.0000000000000000e+00
3.7332051025512754e+00	0.0000000000000000e+00
3.7332071035517758e+00	0.0000000000000000e+00
3.7332091045522762e+00	0.0000000000000000e+00
3.7332111055527761e+00	0.0000000000000000e+00
3.7332131065532765e+00	0.0000000000000000e+00
3.7332151075537769e+00	0.0000000000000000e+00
3.7332171085542769e+00	0.0000000000000000e+00
3.7332191095547773e+00	0.0000000000000000e+00
3.7332211105552777e+00	0.0000000000000000e+00
3.7332231115557777e+00	0.0000000000000000e+00
3.7332251125562781e+00	0.0000000000000000e+00
3.7332271135567781e+00	0.0000000000000000e+00
3.7332291145572785e+00	0.0000000000000000e+00
3.7332311155577789e+00	0.0000000000000000e+00
3.7332331165582788e+00	0.0000000000000000e+00
3.7332351175587792e+00	0.0000000000000000e+00
3.7332371185592796e+00	0.0000000000000000e+00
3.7332391195597796e+00	0.0000000000000000e+00
3.7332411205602800e+00	-1.0000000005838672e-07
3.7332431215607804e+00	-4.9999999995886668e-07
3.7332451225612804e+00	1.9999999989472883e-07
3.7332471235617808e+00	0.0000000000000000e+00
3.7332491245622812e+00	-9.9999999947364415e-08
3.7332511255627812e+00	2.0000000011677344e-07
3.7332531265632816e+00	-3.0000000006413785e-07
3.7332551275637820e+00	1.0000000005838672e-07
3.7332571285642819e+00	4.9000000013066369e-07
3.7332591295647823e+00	-7.0000000018666242e-08
3.7332611305652823e+00	-5.0000000029193359e-08
3.7332631315657827e+00	4.4999999992967332e-07
3.7332651325662831e+00	-2.5100000000666256e-07
3.7332671335667831e+00	1.1999999993683730e-07
3.7332691345672835e+00	-2.1999999999522402e-07
3.7332711355677839e+00	4.0000000001150227e-07
3.7332731365682839e+00	1.0000000005838672e-07
3.7332751375687843e+00	2.0000000011677344e-07
3.7332771385692847e+00	4.0000000001150227e-07
3.7332791395697846e+00	4.0000000001150227e-07
3.7332811405702850e+00	1.0000000005838672e-07
3.7332831415707854e+00	-3.0000000006413785e-07
3.7332851425712854e+00	0.0000000000000000e+00
3.7332871435717858e+00	0.0000000000000000e+00
3.7332891445722862e+00	0.0000000000000000e+00
3.7332911455727862e+00	0.0000000000000000e+00
3.7332931465732866e+00	0.0000000000000000e+00
3.7332951475737866e+00	0.0000000000000000e+00
3.7332971485742870e+00	0.0000000000000000e+00
3.7332991495747874e+00	0.0000000000000000e+00
3.7333011505752873e+00	0.0000000000000000e+00
3.7333031515757877e+00	0.0000000000000000e+00
3.7333051525762881e+00	0.0000000000000000e+00
3.7333071535767881e+00	0.0000000000000000e+00
3.7333091545772885e+00	0.0000000000000000e+00
3.7333111555777889e+00	0.0000000000000000e+00
3.7333131565782889e+00	0.0000000000000000e+00
3.7333151575787893e+00	0.0000000000000000e+00
3.7333171585792897e+00	0.0000000000000000e+00
3.7333191595797897e+00	0.0000000000000000e+00
3.7333211605802901e+00	0.0000000000000000e+00
3.7333231615807905e+00	0.0000000000000000e+00
3.7333251625812904e+00	0.0000000000000000e+00
3.7333271635817908e+00	0.0000000000000000e+00
3.7333291645822908e+00	0.0000000000000000e+00
3.7333311655827912e+00	0.0000000000000000e+00
3.7333331665832916e+00	0.0000000000000000e+00
3.7333351675837916e+00	0.0000000000000000e+00
3.7333371685842920e+00	0.0000000000000000e+00
3.7333391695847924e+00	0.0000000000000000e+00
3.7333411705852924e+00	0.0000000000000000e+00
3.7333431715857928e+00	0.0000000000000000e+00
3.7333451725862932e+00	0.0000000000000000e+00
3.7333471735867931e+00	0.0000000000000000e+00
3.7333491745872935e+00	0.0000000000000000e+00
3.7333511755877939e+00	0.0000000000000000e+00
3.7333531765882939e+00	0.0000000000000000e+00
3.7333551775887943e+00	0.0000000000000000e+00
3.7333571785892947e+00	0.0000000000000000e+00
3.7333591795897947e+00	0.0000000000000000e+00
3.7333611805902951e+00	0.0000000000000000e+00
3.7333631815907951e+00	0.0000000000000000e+00
3.7333651825912955e+00	0.0000000000000000e+00
3.7333671835917959e+00	0.0000000000000000e+00
3.7333691845922958e+00	0.0000000000000000e+00
3.7333711855927962e+00	0.0000000000000000e+00
3.7333731865932966e+00	0.0000000000000000e+00
3.7333751875937966e+00	0.0000000000000000e+00
3.7333771885942970e+00	0.0000000000000000e+00
3.7333791895947974e+00	0.0000000000000000e+00
3.7333811905952974e+00	0.0000000000000000e+00
3.7333831915957978e+00	0.0000000000000000e+00
3.7333851925962982e+00	0.0000000000000000e+00
3.7333871935967982e+00	0.0000000000000000e+00
3.7333891945972986e+00	0.0000000000000000e+00
3.7333911955977990e+00	0.0000000000000000e+00
3.7333931965982989e+00	0.0000000000000000e+00
3.7333951975987993e+00	0.0000000000000000e+00
3.7333971985992993e+00	0.0000000000000000e+00
3.7333991995997997e+00	0.0000000000000000e+00
3.7334012006003001e+00	0.0000000000000000e+00
3.7334032016008001e+00	0.0000000000000000e+00
3.7334052026013005e+00	0.0000000000000000e+00
3.7334072036018009e+00	0.0000000000000000e+00
3.7334092046023009e+00	0.0000000000000000e+00
3.7334112056028013e+00	0.0000000000000000e+00
3.7334132066033017e+00	0.0000000000000000e+00
3.7334152076038016e+00	0.0000000000000000e+00
3.7334172086043020e+00	0.0000000000000000e+00
3.7334192096048024e+00	-4.0000000001150227e-07
3.7334212106053024e+00	1.0000000005838672e-07
3.7334232116058028e+00	-2.0000000000575113e-07
3.7334252126063032e+00	-3.0000000006413785e-07
3.7334272136068032e+00	-2.0000000000575113e-07
3.7334292146073036e+00	2.9999999995311555e-07
3.7334312156078036e+00	-4.0000000001150227e-07
3.7334332166083040e+00	2.9999999995311555e-07
3.7334352176088044e+00	9.9999999836342113e-08
3.7334372186093043e+00	-2.9999999995311555e-07
3.7334392196098047e+00	4.0000000001150227e-07
3.7334412206103051e+00	1.0000000005838672e-07
3.7334432216108051e+00	1.9999999989472883e-07
3.7334452226113055e+00	0.0000000000000000e+00
3.7334472236118059e+00	0.0000000000000000e+00
3.7334492246123059e+00	-1.0000000005838672e-07
3.7334512256128063e+00	4.0000000001150227e-07
3.7334532266133067e+00	2.9999999995311555e-07
3.7334552276138067e+00	5.0000000006988898e-07
3.7334572286143071e+00	0.0000000000000000e+00
3.7334592296148075e+00	-1.0000000005838672e-07
3.7334612306153074e+00	4.0000000001150227e-07
3.7334632316158078e+00	-2.9999999995311555e-07
3.7334652326163082e+00	1.0000000005838672e-07
3.7334672336168082e+00	1.0000000005838672e-07
3.7334692346173086e+00	1.0000000005838672e-07
3.7334712356178086e+00	-4.0000000001150227e-07
3.7334732366183090e+00	1.9999999989472883e-07
3.7334752376188094e+00	-2.9999999995311555e-07
3.7334772386193094e+00	-5.0000000006988898e-07
3.7334792396198098e+00	-4.0000000001150227e-07
3.7334812406203102e+00	-1.9999999989472883e-07
3.7334832416208101e+00	-2.0000000000575113e-07
3.7334852426213105e+00	-4.0000000001150227e-07
3.7334872436218109e+00	1.0000000005838672e-07
3.7334892446223109e+00	4.0000000001150227e-07
3.7334912456228113e+00	4.0000000001150227e-07
3.7334932466233117e+00	2.0000000011677344e-07
3.7334952476238117e+00	0.0000000000000000e+00
3.7334972486243121e+00	-2.9999999995311555e-07
3.7334992496248125e+00	-2.0000000000575113e-07
3.7335012506253125e+00	2.0000000011677344e-07
3.7335032516258129e+00	2.9999999995311555e-07
3.7335052526263128e+00	2.9999999995311555e-07
3.7335072536268132e+00	-4.0000000001150227e-07
3.7335092546273136e+00	4.0000000001150227e-07
3.7335112556278136e+00	0.0000000000000000e+00
3.7335132566283140e+00	-1.0000000005838672e-07
3.7335152576288144e+00	5.0000000006988898e-07
3.7335172586293144e+00	0.0000000000000000e+00
3.7335192596298148e+00	1.0000000005838672e-07
3.7335212606303152e+00	1.0000000005838672e-07
3.7335232616308152e+00	-4.0000000001150227e-07
3.7335252626313156e+00	-9.9999999947364415e-08
3.7335272636318160e+00	-2.9999999995311555e-07
3.7335292646323159e+00	5.0000000006988898e-07
3.7335312656328163e+00	-2.9999999995311555e-07
3.7335332666333167e+00	0.0000000000000000e+00
3.7335352676338167e+00	0.0000000000000000e+00
3.7335372686343171e+00	1.9999999989472883e-07
3.7335392696348171e+00	2.9999999995311555e-07
3.7335412706353175e+00	-2.0000000000575113e-07
3.7335432716358179e+00	4.0000000001150227e-07
3.7335452726363179e+00	-1.9999999989472883e-07
3.7335472736368183e+00	-4.0000000001150227e-07
3.7335492746373187e+00	-4.9999999995886668e-07
3.7335512756378186e+00	2.0000000011677344e-07
3.7335532766383190e+00	2.9999999995311555e-07
3.7335552776388194e+00	-4.9999999995886668e-07
3.7335572786393194e+00	-3.0000000006413785e-07
3.7335592796398198e+00	4.0000000001150227e-07
3.7335612806403202e+00	5.0000000006988898e-07
3.7335632816408202e+00	-4.0000000001150227e-07
3.7335652826413206e+00	-4.9999999995886668e-07
3.7335672836418210e+00	0.0000000000000000e+00
3.7335692846423210e+00	-9.9999999947364415e-08
3.7335712856428214e+00	-1.0000000005838672e-07
3.7335732866433213e+00	-3.0000000006413785e-07
3.7335752876438217e+00	2.0000000011677344e-07
3.7335772886443221e+00	2.0000000011677344e-07
3.7335792896448221e+00	5.0000000006988898e-07
3.7335812906453225e+00	-2.0000000000575113e-07
3.7335832916458229e+00	0.0000000000000000e+00
3.7335852926463229e+00	0.0000000000000000e+00
3.7335872936468233e+00	4.0000000001150227e-07
3.7335892946473237e+00	2.0000000011677344e-07
3.7335912956478237e+00	2.0000000011677344e-07
3.7335932966483241e+00	1.9999999989472883e-07
3.7335952976488245e+00	1.0000000005838672e-07
3.7335972986493244e+00	-2.0000000000575113e-07
3.7335992996498248e+00	-1.9999999989472883e-08
3.7336013006503252e+00	-3.8000000002202938e-07
3.7336033016508252e+00	-4.5000000004069562e-07
3.7336053026513256e+00	-3.4999999998230891e-07
3.7336073036518256e+00	-2.1999999999522402e-07
3.7336093046523260e+00	-1.8000000001627825e-07
3.7336113056528264e+00	-3.6000000003255650e-07
3.7336133066533264e+00	1.3000000009810719e-07
3.7336153076538268e+00	1.7000000007705296e-07
3.7336173086543272e+00	-3.5999999992153420e-07
3.7336193096548271e+00	4.4999999992967332e-07
3.7336213106553275e+00	4.7999999996939380e-07
3.7336233116558279e+00	-3.8000000002202938e-07
3.7336253126563279e+00	-2.0999999994497642e-07
3.7336273136568283e+00	-1.1999999993683730e-07
3.7336293146573287e+00	-2.0000000000575113e-07
3.7336313156578287e+00	4.6000000009094322e-07
3.7336333166583291e+00	-2.2999999993444931e-07
3.7336353176588295e+00	-3.7000000008280409e-07
3.7336373186593295e+00	-1.9999999989472883e-08
3.7336393196598299e+00	-2.7999999996364267e-07
3.7336413206603298e+00	-2.3000000004547161e-07
3.7336433216608302e+00	7.0000000018666242e-08
3.7336453226613306e+00	-4.8000000008041610e-07
3.7336473236618306e+00	7.0000000018666242e-08
3.7336493246623310e+00	-3.7000000008280409e-07
3.7336513256628314e+00	1.4000000003733248e-07
3.7336533266633314e+00	-4.6999999991914621e-07
3.7336553276638318e+00	-2.7000000002441737e-07
3.7336573286643322e+00	-3.1000000000336314e-07
3.7336593296648322e+00	3.2999999999283602e-07
3.7336613306653326e+00	-4.0000000001150227e-07
3.7336633316658330e+00	4.3999999999044803e-07
3.7336653326663329e+00	-2.0999999994497642e-07
3.7336673336668333e+00	-4.0999999995072756e-07
3.7336693346673338e+00	-2.0999999994497642e-07
3.7336713356678337e+00	3.3999999993206131e-07
3.7336733366683341e+00	1.8000000001627825e-07
3.7336753376688341e+00	2.5999999997416978e-07
3.7336773386693345e+00	-4.5999999997992091e-07
3.7336793396698349e+00	-4.0000000089968069e-08
3.7336813406703349e+00	4.7999999996939380e-07
3.7336833416708353e+00	6.0000000079440952e-08
3.7336853426713357e+00	-3.6000000003255650e-07
3.7336873436718356e+00	1.8999999995550354e-07
3.7336893446723360e+00	-3.3999999993206131e-07
3.7336913456728364e+00	2.0000000100495186e-08
3.7336933466733364e+00	2.1000000005599873e-07
3.7336953476738368e+00	2.1000000005599873e-07
3.7336973486743372e+00	-3.9999999978945766e-08
3.7336993496748372e+00	4.4999999992967332e-07
3.7337013506753376e+00	-3.7999999991100708e-07
3.7337033516758380e+00	4.4999999992967332e-07
3.7337053526763380e+00	-1.0000000005838672e-07
3.7337073536768384e+00	-7.0000000018666242e-08
3.7337093546773383e+00	-4.9000000001964139e-07
3.7337113556778387e+00	-3.8999999996125467e-07
3.7337133566783391e+00	2.1000000005599873e-07
3.7337153576788391e+00	2.5000000003494449e-07
3.7337173586793395e+00	-2.7000000002441737e-07
3.7337193596798399e+00	-4.0000000001150227e-07
3.7337213606803399e+00	-1.6000000002680537e-07
3.7337233616808403e+00	4.2000000011199745e-07
3.7337253626813407e+00	3.2000000005361073e-07
3.7337273636818407e+00	-4.9999999995886668e-07
3.7337293646823411e+00	-5.0000000029193359e-08
3.7337313656828415e+00	-3.7999999991100708e-07
3.7337333666833414e+00	-4.9000000001964139e-07
3.7337353676838418e+00	-4.0999999995072756e-07
3.7337373686843423e+00	-1.8000000001627825e-07
3.7337393696848422e+00	1.9999999989472883e-07
3.7337413706853426e+00	-3.1000000000336314e-07
3.7337433716858426e+00	2.6999999991339507e-07
3.7337453726863430e+00	-7.0000000018666242e-08
3.7337473736868434e+00	-3.6999999997178179e-07
3.7337493746873434e+00	3.6999999997178179e-07
3.7337513756878438e+00	1.0999999999761201e-07
3.7337533766883442e+00	-1.4999999997655777e-07
3.7337553776888441e+00	-4.4999999992967332e-07
3.7337573786893445e+00	2.1000000005599873e-07
3.7337593796898449e+00	-2.0000000000575113e-07
3.7337613806903449e+00	3.1000000011438544e-07
3.7337633816908453e+00	-2.9000000001389026e-07
3.7337653826913457e+00	-1.0000000050247593e-08
3.7337673836918457e+00	1.3000000009810719e-07
3.7337693846923461e+00	1.1600000004996502e-07
3.7337713856928465e+00	-6.5999999909749363e-08
3.7337733866933465e+00	-4.3599999999255346e-07
3.7337753876938469e+00	-7.0000000240710847e-09
3.7337773886943468e+00	2.0400000000364571e-07
3.7337793896948472e+00	1.8300000004245476e-07
3.7337813906953476e+00	-8.4999999927504177e-08
3.7337833916958476e+00	3.8599999996336010e-07
3.7337853926963480e+00	-4.1900000002925708e-07
3.7337873936968484e+00	4.8700000010448719e-07
3.7337893946973484e+00	9.0999999979857193e-08
3.7337913956978488e+00	3.7900000005031131e-07
3.7337933966983492e+00	3.3900000007136555e-07
3.7337953976988492e+00	-4.1999999922381903e-08
3.7337973986993496e+00	2.2400000010414090e-07
3.7337993996998500e+00	1.2400000004575418e-07
3.7338014007003499e+00	-3.5399999998020348e-07
3.7338034017008503e+00	-2.1999999999522402e-07
3.7338054027013508e+00	-4.8699999999346488e-07
3.7338074037018507e+00	-1.6400000002469994e-07
3.7338094047023511e+00	-2.6500000005480473e-07
3.7338114057028511e+00	2.0200000006020957e-07
3.7338134067033515e+00	2.2600000004757703e-07
3.7338154077038519e+00	-2.0500000008638608e-07
3.7338174087043519e+00	-9.8999999975646347e-08
3.7338194097048523e+00	-4.6600000003227393e-07
3.7338214107053527e+00	-3.1700000002743423e-07
3.7338234117058526e+00	3.4000000015410592e-07
3.7338254127063530e+00	4.9499999987823173e-07
3.7338274137068534e+00	1.3799999987185174e-07
3.7338294147073534e+00	2.6200000013965052e-07
3.7338314157078538e+00	-1.4199999998076862e-07
3.7338334167083542e+00	-8.4000000066808411e-08
3.7338354177088542e+00	4.2800000010778660e-07
3.7338374187093546e+00	3.8700000004610047e-07
3.7338394197098550e+00	-2.1599999999732944e-07
3.7338414207103550e+00	-3.8800000001781854e-07
3.7338434217108554e+00	-1.3899999995459211e-07
3.7338454227113553e+00	-4.7400000002806308e-07
3.7338474237118557e+00	-4.0099999998322033e-07
3.7338494247123561e+00	7.0999999879362008e-08
3.7338514257128561e+00	-6.2999999994595157e-08
3.7338534267133565e+00	1.8800000001206740e-07
3.7338554277138569e+00	-1.8099999998799632e-07
3.7338574287143569e+00	-1.7799999996181981e-07
3.7338594297148573e+00	1.9100000003824391e-07
3.7338614307153577e+00	-8.1000000040631903e-08
3.7338634317158577e+00	0.0000000000000000e+00
3.7338654327163581e+00	4.2750000006641642e-07
3.7338674337168585e+00	1.9539999995821233e-07
3.7338694347173584e+00	2.9779999999313134e-07
3.7338714357178588e+00	-2.7130000002095755e-07
3.7338734367183593e+00	4.8219999992937801e-07
3.7338754377188592e+00	-4.4720000003106719e-07
3.7338774387193596e+00	-6.5200000065601671e-08
3.7338794397198596e+00	-3.7720000001240095e-07
3.7338814407203600e+00	-3.8869999996471449e-07
3.7338834417208604e+00	-1.0490000001972533e-07
3.7338854427213604e+00	4.6899999994742814e-07
3.7338874437218608e+00	3.2790000004112585e-07
3.7338894447223612e+00	4.6679999998744393e-07
3.7338914457228611e+00	-1.1909999997339327e-07
3.7338934467233615e+00	-4.3480000000428731e-07
3.7338954477238619e+00	-4.8489999993073241e-07
3.7338974487243619e+00	-2.7400000002231195e-07
3.7338994497248623e+00	1.9319999999822812e-07
3.7339014507253627e+00	-8.7639999923894152e-08
3.7339034517258627e+00	-1.2097000001709546e-07
3.7339054527263631e+00	8.8900000028147019e-08
3.7339074537268635e+00	-4.6224000005423704e-07
3.7339094547273635e+00	2.2143000011354275e-07
3.7339114557278639e+00	1.3584000013722175e-07
3.7339134567283643e+00	2.7697000004600625e-07
3.7339154577288642e+00	-3.5909899998021189e-07
3.7339174587293646e+00	2.2375099995031178e-07
3.7339194597298646e+00	2.1725599985700228e-08
3.7339214607303650e+00	3.1094200103609637e-08
3.7339234617308654e+00	2.4819200006298558e-07
3.7339254627313654e+00	-3.3058100001870372e-07
3.7339274637318658e+00	2.9123999989444371e-07
3.7339294647323662e+00	1.1018000001250527e-07
3.7339314657328662e+00	1.2282999994894794e-07
3.7339334667333666e+00	3.2583000009189789e-07
3.7339354677338670e+00	-2.8410999997063868e-07
3.7339374687343669e+00	2.8976999999485997e-07
3.7339394697348673e+00	4.4299999890640152e-08
3.7339414707353678e+00	-2.3699999962545348e-08
3.7339434717358677e+00	8.2799999967519966e-08
3.7339454727363681e+00	3.6080000009874880e-07
3.7339474737368685e+00	-1.9279999996513197e-07
3.7339494747373685e+00	4.1910000003753112e-07
3.7339514757378689e+00	1.9370000003959831e-07
3.7339534767383689e+00	1.2829999995744856e-07
3.7339554777388693e+00	2.1989999998694998e-07
3.7339574787393697e+00	4.6589999991297759e-07
3.7339594797398696e+00	-1.3630000006426002e-07
3.7339614807403700e+00	4.1049999999209774e-07
3.7339634817408704e+00	1.0389999993698495e-07
3.7339654827413704e+00	-5.8799999980152506e-08
3.7339674837418708e+00	-8.0000000068913835e-08
3.7339694847423712e+00	3.7800000018961555e-08
3.7339714857428712e+00	2.9229999998214851e-07
3.7339734867433716e+00	-3.1899999997087036e-07
3.7339754877438720e+00	2.0170000003538746e-07
3.7339774887443720e+00	-1.4800000003312164e-07
3.7339794897448724e+00	-3.7029999999660390e-07
3.7339814907453728e+00	-4.6750000004536219e-07
3.7339834917458727e+00	-4.4170000002008436e-07
3.7339854927463731e+00	-2.9499999998350290e-07
3.7339874937468731e+00	-2.9600000006624327e-08
3.7339894947473735e+00	3.5300000011950772e-07
3.7339914957478739e+00	-1.5100000005929815e-07
3.7339934967483739e+00	4.5900000000820285e-07
3.7339954977488743e+00	1.7899999993353788e-07
3.7339974987493747e+00	7.9999999957891532e-09
3.7339994997498747e+00	-5.7000000053264444e-08
3.7340015007503751e+00	-1.5999999991578306e-08
3.7340035017508755e+00	1.2799999993262645e-07
3.7340055027513754e+00	3.7299999999795830e-07
3.7340075037518758e+00	-2.8299999998981917e-07
3.7340095047523763e+00	1.5999999991578306e-07
3.7340115057528762e+00	-3.0200000000757399e-07
3.7340135067533766e+00	3.3100000007557639e-07
3.7340155077538770e+00	5.5999999970524073e-08
3.7340175087543770e+00	-1.2700000007193069e-07
3.7340195097548774e+00	-2.2099999996694208e-07
3.7340215107553774e+00	-2.2700000001929510e-07
3.7340235117558778e+00	-1.4699999995038127e-07
3.7340255127563782e+00	1.7999999935014444e-08
3.7340275137568781e+00	2.6600000002652280e-07
3.7340295147573785e+00	-4.0400000000939684e-07
3.7340315157578789e+00	6.0000000523530161e-09
3.7340335167583789e+00	4.9500000010027634e-07
3.7340355177588793e+00	6.2000000022877089e-08
3.7340375187593797e+00	-2.9600000006624327e-07
3.7340395197598797e+00	4.2200000005543359e-07
3.7340415207603801e+00	2.1199999999943486e-07
3.7340435217608805e+00	7.4999999988278887e-08
3.7340455227613805e+00	7.9999999957891532e-09
3.7340475237618809e+00	1.1000000021965661e-08
3.7340495247623813e+00	8.1999999901327669e-08
3.7340515257628812e+00	2.1999999999522402e-07
3.7340535267633816e+00	4.2399999999886973e-07
3.7340555277638816e+00	-3.0799999994890470e-07
3.7340575287643820e+00	2.3000000126671694e-08
3.7340595297648824e+00	4.1600000000308057e-07
3.7340615307653824e+00	-1.2900000001536682e-07
3.7340635317658828e+00	3.8499999988061973e-07
3.7340655327663832e+00	-4.1999999922381903e-08
3.7340675337668832e+00	-4.1100000003346793e-07
3.7340695347673836e+00	2.7599999996574809e-07
3.7340715357678840e+00	1.9000000017754815e-08
3.7340735367683839e+00	-1.8400000001417283e-07
3.7340755377688843e+00	-3.3300000001901253e-07
3.7340775387693848e+00	-4.3000000005122274e-07
3.7340795397698847e+00	-4.7499999999978115e-07
3.7340815407703851e+00	-4.7000000003016851e-07
3.7340835417708855e+00	-4.1600000000308057e-07
3.7340855427713855e+00	-3.1299999991851735e-07
3.7340875437718859e+00	-1.6199999997024150e-07
3.7340895447723859e+00	3.5000000009333121e-08
3.7340915457728863e+00	2.7899999999192460e-07
3.7340935467733867e+00	-4.3300000007739925e-07
3.7340955477738866e+00	-1.0099999991908248e-07
3.7340975487743870e+00	2.7400000002231195e-07
3.7340995497748874e+00	-3.0899999992062277e-07
3.7341015507753874e+00	1.4999999997655777e-07
3.7341035517758878e+00	-3.5000000009333121e-07
3.7341055527763882e+00	1.8900000009480777e-07
3.7341075537768882e+00	-2.3199999998890775e-07
3.7341095547773886e+00	3.8400000001992396e-07
3.7341115557778890e+00	3.8999999896205395e-08
3.7341135567783890e+00	-2.7099999999613544e-07
3.7341155577788894e+00	4.5599999998202634e-07
3.7341175587793898e+00	2.1800000005178788e-07
3.7341195597798897e+00	1.4999999908837935e-08
3.7341215607803901e+00	-1.5499999994617042e-07
3.7341235617808901e+00	-2.9199999995732639e-07
3.7341255627813905e+00	-3.9600000001360769e-07
3.7341275637818909e+00	-4.6899999994742814e-07
3.7341295647823909e+00	4.8999999990861909e-07
3.7341315657828913e+00	4.7900000010869803e-07
3.7341335667833917e+00	4.9700000004371248e-07
3.7341355677838917e+00	-4.5500000001030827e-07
3.7341375687843921e+00	-3.7899999993928901e-07
3.7341395697848925e+00	-2.7600000007677039e-07
3.7341415707853924e+00	-1.4500000000694513e-07
3.7341435717858928e+00	1.2999999965401798e-08
3.7341455727863933e+00	1.9600000000785656e-07
3.7341475737868932e+00	4.0499999998111491e-07
3.7341495747873936e+00	-3.6099999989325227e-07
3.7341515757878940e+00	-1.0299999997354092e-07
3.7341535767883940e+00	1.7800000007284211e-07
3.7341555777888944e+00	4.8299999999557031e-07
3.7341575787893944e+00	-1.9000000006652584e-07
3.7341595797898948e+00	1.6000000013782767e-07
3.7341615807903952e+00	-4.6899999994742814e-07
3.7341635817908951e+00	-7.7000000042737327e-08
3.7341655827913955e+00	3.3499999996244867e-07
3.7341675837918960e+00	-2.3199999998890775e-07
3.7341695847923959e+00	2.1999999999522402e-07
3.7341715857928963e+00	-3.0900000003164507e-07
3.7341735867933967e+00	1.8000000001627825e-07
3.7341755877938967e+00	-3.1200000005782158e-07
3.7341775887943971e+00	2.1300000008217523e-07
3.7341795897948975e+00	-2.4499999995430954e-07
3.7341815907953975e+00	3.1400000000125772e-07
3.7341835917958979e+00	-1.0999999999761201e-07
3.7341855927963983e+00	4.8100000005213417e-07
3.7341875937968982e+00	8.7000000092984919e-08
3.7341895947973986e+00	-2.9199999995732639e-07
3.7341915957978986e+00	3.4400000004097819e-07
3.7341935967983990e+00	-1.0000000050247593e-08
3.7341955977988994e+00	-3.4000000004308362e-07
3.7341975987993994e+00	3.4000000015410592e-07
3.7341995997998998e+00	3.0000000039720476e-08
3.7342016008004002e+00	-2.7000000002441737e-07
3.7342036018009002e+00	4.3999999999044803e-07
3.7342056028014006e+00	1.7000000007705296e-07
3.7342076038019010e+00	-8.9999999897116822e-08
3.7342096048024009e+00	-3.4000000004308362e-07
3.7342116058029013e+00	4.0999999995072756e-07
3.7342136068034018e+00	1.8000000001627825e-07
3.7342156078039017e+00	-3.9999999978945766e-08
3.7342176088044021e+00	-2.5000000003494449e-07
3.7342196098049025e+00	-4.5000000004069562e-07
3.7342216108054025e+00	3.6000000003255650e-07
3.7342236118059029e+00	1.8000000001627825e-07
3.7342256128064029e+00	0.0000000000000000e+00
3.7342276138069033e+00	-1.7000000007705296e-07
3.7342296148074037e+00	-3.2999999999283602e-07
3.7342316158079036e+00	-4.7999999996939380e-07
3.7342336168084040e+00	3.8000000013305169e-07
3.7342356178089045e+00	2.4000000009571920e-07
3.7342376188094044e+00	1.0999999999761201e-07
3.7342396198099048e+00	-1.9999999989472883e-08
3.7342416208104052e+00	-1.4000000003733248e-07
3.7342436218109052e+00	-2.5999999997416978e-07
3.7342456228114056e+00	-3.6000000003255650e-07
3.7342476238119060e+00	-4.6999999991914621e-07
3.7342496248124060e+00	4.3000000005122274e-07
3.7342516258129064e+00	3.3999999993206131e-07
3.7342536268134068e+00	2.5000000003494449e-07
3.7342556278139067e+00	1.5999999991578306e-07
3.7342576288144071e+00	7.9999999957891532e-08
3.7342596298149071e+00	0.0000000000000000e+00
3.7342616308154075e+00	-8.0000000068913835e-08
3.7342636318159079e+00	-1.4999999997655777e-07
3.7342656328164079e+00	-2.1999999999522402e-07
3.7342676338169083e+00	-2.9000000001389026e-07
3.7342696348174087e+00	-3.4999999998230891e-07
3.7342716358179087e+00	-4.2000000000097515e-07
3.7342736368184091e+00	-4.8000000008041610e-07
3.7342756378189095e+00	4.6000000009094322e-07
3.7342776388194094e+00	4.0000000001150227e-07
3.7342796398199098e+00	3.3999999993206131e-07
3.7342816408204103e+00	2.9000000001389026e-07
3.7342836418209102e+00	2.2999999993444931e-07
3.7342856428214106e+00	1.8000000001627825e-07
3.7342876438219110e+00	1.1999999993683730e-07
3.7342896448224110e+00	7.0000000018666242e-08
3.7342916458229114e+00	9.9999999392252903e-09
3.7342936468234114e+00	-3.9999999978945766e-08
3.7342956478239118e+00	-9.9999999947364415e-08
3.7342976488244122e+00	-1.5000000008758008e-07
3.7342996498249121e+00	-2.1000000005599873e-07
3.7343016508254125e+00	-2.7000000002441737e-07
3.7343036518259130e+00	-3.1999999994258843e-07
3.7343056528264129e+00	-3.8000000002202938e-07
3.7343076538269133e+00	-4.3999999999044803e-07
3.7343096548274137e+00	4.8999999990861909e-07
3.7343116558279137e+00	4.3000000005122274e-07
3.7343136568284141e+00	3.6000000003255650e-07
3.7343156578289145e+00	2.9000000001389026e-07
3.7343176588294145e+00	2.1999999999522402e-07
3.7343196598299149e+00	1.4999999997655777e-07
3.7343216608304153e+00	7.0000000018666242e-08
3.7343236618309152e+00	-1.0000000050247593e-08
3.7343256628314156e+00	-9.0000000008139125e-08
3.7343276638319156e+00	-1.6999999996603066e-07
3.7343296648324160e+00	-2.5999999997416978e-07
3.7343316658329164e+00	-3.4999999998230891e-07
3.7343336668334164e+00	-4.5000000004069562e-07
3.7343356678339168e+00	4.4999999992967332e-07
3.7343376688344172e+00	3.5000000009333121e-07
3.7343396698349172e+00	2.4000000009571920e-07
3.7343416708354176e+00	1.3000000009810719e-07
3.7343436718359180e+00	1.9999999878450581e-08
3.7343456728364179e+00	-1.0000000005838672e-07
3.7343476738369183e+00	-2.1999999999522402e-07
3.7343496748374188e+00	-3.4999999998230891e-07
3.7343516758379187e+00	-4.7999999996939380e-07
3.7343536768384191e+00	3.7999999991100708e-07
3.7343556778389195e+00	2.3999999987367460e-07
3.7343576788394195e+00	8.9999999897116822e-08
3.7343596798399199e+00	-5.9999999968418649e-08
3.7343616808404203e+00	-2.1999999999522402e-07
3.7343636818409203e+00	-3.7999999991100708e-07
3.7343656828414207e+00	4.4999999992967332e-07
3.7343676838419206e+00	2.8000000007466497e-07
3.7343696848424210e+00	1.0000000005838672e-07
3.7343716858429215e+00	-9.0000000008139125e-08
3.7343736868434214e+00	-2.7999999996364267e-07
3.7343756878439218e+00	-4.8000000008041610e-07
3.7343776888444222e+00	3.2000000005361073e-07
3.7343796898449222e+00	1.0999999999761201e-07
3.7343816908454226e+00	-9.9999999947364415e-08
3.7343836918459230e+00	-3.2999999999283602e-07
3.7343856928464230e+00	4.4999999992967332e-07
3.7343876938469234e+00	2.1000000005599873e-07
3.7343896948474238e+00	-3.0000000039720476e-08
3.7343916958479237e+00	-2.7999999996364267e-07
3.7343936968484241e+00	4.7000000003016851e-07
3.7343956978489246e+00	1.9999999989472883e-07
3.7343976988494245e+00	-5.9999999968418649e-08
3.7343996998499249e+00	-3.4000000004308362e-07
3.7344017008504249e+00	3.8000000013305169e-07
3.7344037018509253e+00	8.9999999897116822e-08
3.7344057028514257e+00	-2.1000000005599873e-07
3.7344077038519257e+00	4.7999999996939380e-07
3.7344097048524261e+00	1.7000000007705296e-07
3.7344117058529265e+00	-1.5000000008758008e-07
3.7344137068534264e+00	-4.7000000003016851e-07
3.7344157078539268e+00	1.8999999995550354e-07
3.7344177088544273e+00	-1.4999999997655777e-07
3.7344197098549272e+00	5.0000000006988898e-07
3.7344217108554276e+00	1.4000000003733248e-07
3.7344237118559280e+00	-2.3000000004547161e-07
3.7344257128564280e+00	4.0000000001150227e-07
3.7344277138569284e+00	2.0000000100495186e-08
3.7344297148574288e+00	-3.7000000008280409e-07
3.7344317158579288e+00	2.2999999993444931e-07
3.7344337168584292e+00	-1.8000000001627825e-07
3.7344357178589291e+00	4.0000000001150227e-07
3.7344377188594295e+00	-1.9999999989472883e-08
3.7344397198599300e+00	-4.5000000004069562e-07
3.7344417208604299e+00	1.0999999999761201e-07
3.7344437218609303e+00	-3.3999999993206131e-07
3.7344457228614307e+00	1.9999999989472883e-07
3.7344477238619307e+00	-2.5999999997416978e-07
3.7344497248624311e+00	2.5999999997416978e-07
3.7344517258629315e+00	-2.1999999999522402e-07
3.7344537268634315e+00	2.9000000001389026e-07
3.7344557278639319e+00	-2.1999999999522402e-07
3.7344577288644323e+00	2.6999999991339507e-07
3.7344597298649322e+00	-2.3999999998469690e-07
3.7344617308654326e+00	2.2999999993444931e-07
3.7344637318659331e+00	-3.1000000000336314e-07
3.7344657328664330e+00	1.4999999997655777e-07
3.7344677338669334e+00	-4.1000000006174986e-07
3.7344697348674334e+00	3.0000000039720476e-08
3.7344717358679338e+00	4.4999999992967332e-07
3.7344737368684342e+00	-1.2999999998708489e-07
3.7344757378689342e+00	2.8000000007466497e-07
3.7344777388694346e+00	-3.1999999994258843e-07
3.7344797398699350e+00	7.0000000018666242e-08
3.7344817408704349e+00	4.4999999992967332e-07
3.7344837418709353e+00	-1.8000000001627825e-07
3.7344857428714358e+00	1.8000000001627825e-07
3.7344877438719357e+00	-4.7000000003016851e-07
3.7344897448724361e+00	-1.2999999998708489e-07
3.7344917458729365e+00	1.9999999989472883e-07
3.7344937468734365e+00	-4.7000000003016851e-07
3.7344957478739369e+00	-1.5999999991578306e-07
3.7344977488744373e+00	1.4000000003733248e-07
3.7344997498749373e+00	4.3999999999044803e-07
3.7345017508754377e+00	-2.7999999996364267e-07
3.7345037518759376e+00	0.0000000000000000e+00
3.7345057528764380e+00	2.5999999997416978e-07
3.7345077538769385e+00	-4.9000000001964139e-07
3.7345097548774384e+00	-2.3999999998469690e-07
3.7345117558779388e+00	-9.9999999392252903e-09
3.7345137568784392e+00	2.1999999999522402e-07
3.7345157578789392e+00	4.3999999999044803e-07
3.7345177588794396e+00	-3.6000000003255650e-07
3.7345197598799400e+00	-1.5999999991578306e-07
3.7345217608804400e+00	1.9999999878450581e-08
3.7345237618809404e+00	2.0000000011677344e-07
3.7345257628814408e+00	3.6000000003255650e-07
3.7345277638819407e+00	-4.7999999996939380e-07
3.7345297648824411e+00	-3.3999999993206131e-07
3.7345317658829416e+00	-2.0000000000575113e-07
3.7345337668834415e+00	-7.9999999957891532e-08
3.7345357678839419e+00	3.9999999978945766e-08
3.7345377688844419e+00	1.4000000003733248e-07
3.7345397698849423e+00	2.4000000009571920e-07
3.7345417708854427e+00	3.2000000005361073e-07
3.7345437718859427e+00	3.9000000007227698e-07
3.7345457728864431e+00	4.5999999986889861e-07
3.7345477738869435e+00	-4.9000000001964139e-07
3.7345497748874434e+00	-4.5000000004069562e-07
3.7345517758879438e+00	-4.0999999995072756e-07
3.7345537768884443e+00	-3.8999999996125467e-07
3.7345557778889442e+00	-3.8000000002202938e-07
3.7345577788894446e+00	-3.8000000002202938e-07
3.7345597798899450e+00	-3.8000000002202938e-07
3.7345617808904450e+00	-4.0000000001150227e-07
3.7345637818909454e+00	-4.3000000005122274e-07
3.7345657828914458e+00	-4.6999999991914621e-07
3.7345677838919458e+00	4.7999999996939380e-07
3.7345697848924462e+00	4.2000000011199745e-07
3.7345717858929461e+00	3.4999999987128660e-07
3.7345737868934465e+00	2.7000000013543968e-07
3.7345757878939470e+00	1.8000000001627825e-07
3.7345777888944469e+00	7.0000000018666242e-08
3.7345797898949473e+00	-3.9999999978945766e-08
3.7345817908954477e+00	-1.6000000002680537e-07
3.7345837918959477e+00	-2.9999999995311555e-07
3.7345857928964481e+00	-4.3999999999044803e-07
3.7345877938969485e+00	4.0999999995072756e-07
3.7345897948974485e+00	2.3999999987367460e-07
3.7345917958979489e+00	7.0000000018666242e-08
3.7345937968984493e+00	-1.2000000004785960e-07
3.7345957978989492e+00	-3.2000000005361073e-07
3.7345977988994496e+00	4.7999999996939380e-07
3.7345997998999501e+00	2.5999999997416978e-07
3.7346018009004500e+00	3.0000000039720476e-08
3.7346038019009504e+00	-2.1000000005599873e-07
3.7346058029014504e+00	-4.5999999997992091e-07
3.7346078039019508e+00	2.8000000007466497e-07
3.7346098049024512e+00	9.9999999392252903e-09
3.7346118059029512e+00	-2.7000000002441737e-07
3.7346138069034516e+00	4.3999999999044803e-07
3.7346158079039520e+00	1.4000000003733248e-07
3.7346178089044519e+00	-1.6999999996603066e-07
3.7346198099049523e+00	-5.0000000006988898e-07
3.7346218109054528e+00	1.7000000007705296e-07
3.7346238119059527e+00	-1.8000000001627825e-07
3.7346258129064531e+00	4.7000000003016851e-07
3.7346278139069535e+00	1.0000000005838672e-07
3.7346298149074535e+00	-2.7000000002441737e-07
3.7346318159079539e+00	3.3999999993206131e-07
3.7346338169084543e+00	-5.9999999968418649e-08
3.7346358179089543e+00	-4.5999999997992091e-07
3.7346378189094547e+00	1.2000000015888190e-07
3.7346398199099546e+00	-3.1000000000336314e-07
3.7346418209104550e+00	2.5000000003494449e-07
3.7346438219109555e+00	-2.0000000000575113e-07
3.7346458229114554e+00	3.3999999993206131e-07
3.7346478239119558e+00	-1.2999999998708489e-07
3.7346498249124562e+00	3.7999999991100708e-07
3.7346518259129562e+00	-1.0999999999761201e-07
3.7346538269134566e+00	3.9000000007227698e-07
3.7346558279139570e+00	-1.2999999998708489e-07
3.7346578289144570e+00	3.4999999987128660e-07
3.7346598299149574e+00	-1.8999999995550354e-07
3.7346618309154578e+00	2.6999999991339507e-07
3.7346638319159577e+00	-2.9000000001389026e-07
3.7346658329164582e+00	1.4999999997655777e-07
3.7346678339169586e+00	-4.2999999994020044e-07
3.7346698349174585e+00	-1.9999999989472883e-08
3.7346718359179589e+00	3.7999999991100708e-07
3.7346738369184589e+00	-2.2999999993444931e-07
3.7346758379189593e+00	1.5999999991578306e-07
3.7346778389194597e+00	-4.7000000003016851e-07
3.7346798399199597e+00	-1.0999999999761201e-07
3.7346818409204601e+00	2.2999999993444931e-07
3.7346838419209605e+00	-4.3000000005122274e-07
3.7346858429214604e+00	-1.0000000005838672e-07
3.7346878439219608e+00	2.1999999999522402e-07
3.7346898449224613e+00	-4.8000000008041610e-07
3.7346918459229612e+00	-1.7999999990525595e-07
3.7346938469234616e+00	1.0999999999761201e-07
3.7346958479239620e+00	3.7999999991100708e-07
3.7346978489244620e+00	-3.4999999998230891e-07
3.7346998499249624e+00	-1.0000000005838672e-07
3.7347018509254628e+00	1.4999999997655777e-07
3.7347038519259628e+00	3.7999999991100708e-07
3.7347058529264632e+00	-4.0000000001150227e-07
3.7347078539269631e+00	-1.8000000001627825e-07
3.7347098549274635e+00	1.9999999878450581e-08
3.7347118559279640e+00	2.1000000005599873e-07
3.7347138569284639e+00	3.9000000007227698e-07
3.7347158579289643e+00	-4.3999999999044803e-07
3.7347178589294647e+00	-2.7999999996364267e-07
3.7347198599299647e+00	-1.2999999998708489e-07
3.7347218609304651e+00	9.9999999392252903e-09
3.7347238619309655e+00	1.4000000003733248e-07
3.7347258629314655e+00	2.5999999997416978e-07
3.7347278639319659e+00	3.6999999997178179e-07
3.7347298649324663e+00	4.7000000003016851e-07
3.7347318659329662e+00	-4.5000000004069562e-07
3.7347338669334667e+00	-3.6999999997178179e-07
3.7347358679339671e+00	-2.9999999995311555e-07
3.7347378689344670e+00	-2.3999999998469690e-07
3.7347398699349674e+00	-2.0000000000575113e-07
3.7347418709354674e+00	-1.6000000002680537e-07
3.7347438719359678e+00	-1.4000000003733248e-07
3.7347458729364682e+00	-1.1999999993683730e-07
3.7347478739369682e+00	-1.0999999999761201e-07
3.7347498749374686e+00	-1.2000000004785960e-07
3.7347518759379690e+00	-1.2999999998708489e-07
3.7347538769384689e+00	-1.6000000002680537e-07
3.7347558779389693e+00	-2.0000000000575113e-07
3.7347578789394698e+00	-2.3999999998469690e-07
3.7347598799399697e+00	-2.9999999995311555e-07
3.7347618809404701e+00	-3.6000000003255650e-07
3.7347638819409705e+00	-4.3999999999044803e-07
3.7347658829414705e+00	4.7000000003016851e-07
3.7347678839419709e+00	3.7999999991100708e-07
3.7347698849424713e+00	2.6999999991339507e-07
3.7347718859429713e+00	1.4999999997655777e-07
3.7347738869434717e+00	2.0000000100495186e-08
3.7347758879439716e+00	-1.0999999999761201e-07
3.7347778889444720e+00	-2.5999999997416978e-07
3.7347798899449725e+00	-4.2000000000097515e-07
3.7347818909454724e+00	4.0999999995072756e-07
3.7347838919459728e+00	2.3999999987367460e-07
3.7347858929464732e+00	5.0000000140215661e-08
3.7347878939469732e+00	-1.4999999997655777e-07
3.7347898949474736e+00	-3.6000000003255650e-07
3.7347918959479740e+00	4.1999999988995285e-07
3.7347938969484740e+00	1.8999999995550354e-07
3.7347958979489744e+00	-3.9999999978945766e-08
3.7347978989494748e+00	-2.9000000001389026e-07
3.7347998999499747e+00	4.4999999992967332e-07
3.7348019009504752e+00	1.8000000001627825e-07
3.7348039019509756e+00	-1.0000000005838672e-07
3.7348059029514755e+00	-3.8000000002202938e-07
3.7348079039519759e+00	3.2000000005361073e-07
3.7348099049524763e+00	9.9999999392252903e-09
3.7348119059529763e+00	-3.1000000000336314e-07
3.7348139069534767e+00	3.6000000003255650e-07
3.7348159079539767e+00	3.0000000039720476e-08
3.7348179089544771e+00	-3.1999999994258843e-07
3.7348199099549775e+00	3.2000000005361073e-07
3.7348219109554774e+00	-4.0000000089968069e-08
3.7348239119559778e+00	-4.2000000000097515e-07
3.7348259129564783e+00	1.8999999995550354e-07
3.7348279139569782e+00	-2.1000000005599873e-07
3.7348299149574786e+00	3.9000000007227698e-07
3.7348319159579790e+00	-3.0000000039720476e-08
3.7348339169584790e+00	-4.4999999992967332e-07
3.7348359179589794e+00	1.0999999999761201e-07
3.7348379189594798e+00	-3.2999999999283602e-07
3.7348399199599798e+00	2.1000000005599873e-07
3.7348419209604802e+00	-2.5999999997416978e-07
3.7348439219609806e+00	2.7000000013543968e-07
3.7348459229614805e+00	-2.1000000005599873e-07
3.7348479239619810e+00	2.9000000001389026e-07
3.7348499249624809e+00	-2.1000000005599873e-07
3.7348519259629813e+00	2.8000000007466497e-07
3.7348539269634817e+00	-2.5000000003494449e-07
3.7348559279639817e+00	2.1999999999522402e-07
3.7348579289644821e+00	-3.2000000005361073e-07
3.7348599299649825e+00	1.2999999987606259e-07
3.7348619309654825e+00	-4.3999999999044803e-07
3.7348639319659829e+00	-9.9999999392252903e-09
3.7348659329664833e+00	4.0999999995072756e-07
3.7348679339669832e+00	-1.8000000001627825e-07
3.7348699349674837e+00	2.1999999999522402e-07
3.7348719359679841e+00	-3.8999999996125467e-07
3.7348739369684840e+00	0.0000000000000000e+00
3.7348759379689844e+00	3.6999999997178179e-07
3.7348779389694848e+00	-2.7000000002441737e-07
3.7348799399699848e+00	7.9999999957891532e-08
3.7348819409704852e+00	4.3000000005122274e-07
3.7348839419709852e+00	-2.4000000009571920e-07
3.7348859429714856e+00	9.0000000119161427e-08
3.7348879439719860e+00	4.0000000001150227e-07
3.7348899449724859e+00	-2.9000000001389026e-07
3.7348919459729863e+00	0.0000000000000000e+00
3.7348939469734868e+00	2.9000000001389026e-07
3.7348959479739867e+00	-4.3000000005122274e-07
3.7348979489744871e+00	-1.6000000002680537e-07
3.7348999499749875e+00	1.0000000005838672e-07
3.7349019509754875e+00	3.5000000009333121e-07
3.7349039519759879e+00	-4.0999999995072756e-07
3.7349059529764883e+00	-1.8000000001627825e-07
3.7349079539769883e+00	3.9999999978945766e-08
3.7349099549774887e+00	2.5999999997416978e-07
3.7349119559779891e+00	4.5999999986889861e-07
3.7349139569784890e+00	-3.4999999998230891e-07
3.7349159579789895e+00	-1.5999999991578306e-07
3.7349179589794894e+00	2.0000000100495186e-08
3.7349199599799898e+00	1.8000000001627825e-07
3.7349219609804902e+00	3.3999999993206131e-07
3.7349239619809902e+00	4.8999999990861909e-07
3.7349259629814906e+00	-3.7000000008280409e-07
3.7349279639819910e+00	-2.3999999998469690e-07
3.7349299649824910e+00	-1.2000000004785960e-07
3.7349319659829914e+00	-9.9999999392252903e-09
3.7349339669834918e+00	1.0000000005838672e-07
3.7349359679839917e+00	1.8999999995550354e-07
3.7349379689844922e+00	2.8000000007466497e-07
3.7349399699849926e+00	3.5000000009333121e-07
3.7349419709854925e+00	4.2000000011199745e-07
3.7349439719859929e+00	4.7999999996939380e-07
3.7349459729864933e+00	-4.7000000003016851e-07
3.7349479739869933e+00	-4.3000000005122274e-07
3.7349499749874937e+00	-4.0000000001150227e-07
3.7349519759879937e+00	-3.8000000002202938e-07
3.7349539769884941e+00	-3.5999999992153420e-07
3.7349559779889945e+00	-3.5999999992153420e-07
3.7349579789894944e+00	-3.5999999992153420e-07
3.7349599799899948e+00	-3.8000000002202938e-07
3.7349619809904953e+00	-4.0000000001150227e-07
3.7349639819909952e+00	-4.2999999994020044e-07
3.7349659829914956e+00	-4.7000000003016851e-07
3.7349679839919960e+00	4.7999999996939380e-07
3.7349699849924960e+00	4.3000000005122274e-07
3.7349719859929964e+00	3.6000000003255650e-07
3.7349739869934968e+00	2.9000000001389026e-07
3.7349759879939968e+00	1.9999999989472883e-07
3.7349779889944972e+00	1.0999999999761201e-07
3.7349799899949976e+00	9.9999999392252903e-09
3.7349819909954975e+00	-1.0000000005838672e-07
3.7349839919959980e+00	-2.1999999999522402e-07
3.7349859929964979e+00	-3.4000000004308362e-07
3.7349879939969983e+00	-4.7999999996939380e-07
3.7349899949974987e+00	3.7999999991100708e-07
3.7349919959979987e+00	2.1999999999522402e-07
3.7349939969984991e+00	5.9999999857396347e-08
3.7349959979989995e+00	-1.0999999999761201e-07
3.7349979989994995e+00	-2.8999999990286796e-07
3.7349999999999999e+00	-4.6999999991914621e-07
