9.171850000000000488e-04
9.272679999999999725e-04
9.375120000000000458e-04
9.479249999999999612e-04
9.585140000000000457e-04
9.692859999999999757e-04
9.802509999999999089e-04
9.914179999999999868e-04
1.002800000000000089e-03
1.014399999999999937e-03
1.026229999999999937e-03
1.038309999999999971e-03
1.050649999999999978e-03
1.063259999999999900e-03
1.076160000000000051e-03
1.089370000000000095e-03
1.102899999999999974e-03
1.116779999999999943e-03
1.131030000000000100e-03
1.145659999999999951e-03
1.160709999999999910e-03
1.176210000000000016e-03
1.192190000000000090e-03
1.208679999999999954e-03
1.225720000000000021e-03
1.243350000000000054e-03
1.261629999999999913e-03
1.280600000000000011e-03
1.300329999999999932e-03
1.320879999999999971e-03
1.342330000000000086e-03
1.364769999999999959e-03
1.388279999999999983e-03
1.412990000000000036e-03
1.439009999999999899e-03
1.466499999999999922e-03
1.495620000000000022e-03
1.526570000000000097e-03
1.559580000000000081e-03
1.594909999999999948e-03
1.632879999999999965e-03
1.673879999999999986e-03
1.718370000000000097e-03
1.766879999999999970e-03
1.820119999999999941e-03
1.878909999999999912e-03
1.944310000000000092e-03
2.017660000000000113e-03
2.100669999999999794e-03
2.195589999999999868e-03
2.305429999999999806e-03
2.434250000000000216e-03
2.587750000000000206e-03
2.774089999999999889e-03
3.005410000000000026e-03
3.300449999999999912e-03
3.689720000000000066e-03
4.225979999999999841e-03
5.008249999999999681e-03
6.243460000000000155e-03
8.435780000000000362e-03
1.313839999999999973e-02
2.758050000000000085e-02
1.364740000000000120e-01
9.426350000000000007e-02
9.498289999999999511e-03
2.067939999999999882e-03
5.084280000000000049e-04
9.317839999999999543e-05
1.878369999999999898e-06
1.948950000000000034e-05
7.564709999999999609e-05
1.441629999999999951e-04
2.146039999999999938e-04
2.827649999999999803e-04
3.470699999999999957e-04
4.070920000000000116e-04
4.629090000000000093e-04
5.148070000000000467e-04
5.631460000000000458e-04
6.082940000000000005e-04
6.505999999999999847e-04
6.903830000000000340e-04
7.279279999999999735e-04
7.634879999999999922e-04
7.972860000000000233e-04
8.295190000000000246e-04
8.603589999999999936e-04
8.899589999999999541e-04
9.184539999999999718e-04
9.459619999999999531e-04
9.725899999999999563e-04
9.984340000000000836e-04
1.023580000000000063e-03
1.048090000000000003e-03
1.072059999999999897e-03
1.095520000000000001e-03
1.118559999999999997e-03
1.141199999999999984e-03
1.163509999999999978e-03
1.185529999999999961e-03
1.207289999999999969e-03
1.228839999999999924e-03
1.250210000000000080e-03
1.271430000000000043e-03
1.292540000000000008e-03
1.313560000000000075e-03
1.334520000000000064e-03
1.355459999999999955e-03
1.376400000000000063e-03
1.397360000000000052e-03
1.418369999999999961e-03
1.439460000000000045e-03
1.460649999999999969e-03
1.481960000000000048e-03
1.503420000000000104e-03
1.525059999999999957e-03
1.546899999999999924e-03
1.568970000000000043e-03
1.591289999999999979e-03
1.613889999999999986e-03
1.636800000000000104e-03
1.660049999999999937e-03
1.683669999999999958e-03
1.707689999999999989e-03
1.732150000000000009e-03
1.757080000000000057e-03
1.782530000000000052e-03
1.808520000000000093e-03
1.835110000000000040e-03
1.862329999999999932e-03
1.890250000000000003e-03
1.918900000000000076e-03
1.948359999999999892e-03
1.978680000000000022e-03
2.009930000000000050e-03
2.042180000000000210e-03
2.075510000000000028e-03
2.110020000000000211e-03
2.145779999999999910e-03
2.182920000000000086e-03
2.221550000000000087e-03
2.261800000000000008e-03
2.303799999999999945e-03
2.347720000000000189e-03
2.393740000000000104e-03
2.442049999999999863e-03
2.492890000000000210e-03
2.546490000000000212e-03
2.603149999999999822e-03
2.663190000000000175e-03
2.726989999999999883e-03
2.794969999999999920e-03
2.867619999999999978e-03
2.945510000000000142e-03
3.029299999999999961e-03
3.119770000000000008e-03
3.217840000000000023e-03
3.324590000000000097e-03
3.441309999999999942e-03
3.569580000000000149e-03
3.711299999999999842e-03
3.868780000000000049e-03
4.044930000000000400e-03
4.243359999999999840e-03
4.468650000000000226e-03
4.726720000000000227e-03
5.025260000000000143e-03
5.374519999999999818e-03
5.788399999999999969e-03
6.286130000000000016e-03
6.895120000000000242e-03
7.655539999999999741e-03
8.628479999999999137e-03
9.910890000000000324e-03
1.166490000000000062e-02
1.417999999999999990e-02
1.801830000000000098e-02
2.439770000000000133e-02
3.639019999999999755e-02
6.360230000000000050e-02
1.458949999999999969e-01
3.796180000000000110e-01
1.714330000000000020e-01
4.780630000000000296e-02
1.808070000000000163e-02
8.210139999999999452e-03
4.106020000000000156e-03
2.150399999999999794e-03
1.137879999999999968e-03
5.884420000000000015e-04
2.852439999999999815e-04
1.208009999999999976e-04
3.793870000000000320e-05
4.519489999999999821e-06
1.677559999999999995e-06
1.794509999999999866e-05
4.615470000000000044e-05
8.172750000000000652e-05
1.216880000000000045e-04
1.640799999999999876e-04
2.076070000000000064e-04
2.514069999999999868e-04
2.949100000000000072e-04
3.377450000000000265e-04
3.796720000000000064e-04
4.205459999999999949e-04
4.602850000000000019e-04
4.988510000000000253e-04
5.362360000000000477e-04
5.724530000000000026e-04
6.075269999999999586e-04
6.414930000000000328e-04
6.743930000000000194e-04
7.062700000000000531e-04
7.371689999999999753e-04
7.671359999999999681e-04
7.962149999999999653e-04
8.244500000000000092e-04
8.518830000000000022e-04
8.785550000000000477e-04
9.045050000000000008e-04
9.297679999999999790e-04
9.543810000000000227e-04
9.783769999999998926e-04
1.001790000000000016e-03
1.024640000000000056e-03
1.046959999999999991e-03
1.068780000000000077e-03
1.090119999999999978e-03
1.111009999999999949e-03
1.131459999999999931e-03
1.151499999999999963e-03
1.171149999999999925e-03
1.190419999999999976e-03
1.209339999999999938e-03
1.227910000000000026e-03
1.246160000000000063e-03
1.264099999999999989e-03
1.281739999999999963e-03
1.299100000000000081e-03
1.316190000000000068e-03
1.333009999999999924e-03
1.349589999999999904e-03
1.365920000000000068e-03
1.382030000000000021e-03
1.397919999999999979e-03
1.413600000000000100e-03
1.429069999999999950e-03
1.444360000000000002e-03
1.459449999999999940e-03
1.474370000000000021e-03
1.489110000000000086e-03
1.503690000000000018e-03
1.518110000000000032e-03
1.532369999999999913e-03
1.546489999999999974e-03
1.560460000000000059e-03
1.574300000000000048e-03
1.588000000000000002e-03
1.601580000000000018e-03
1.615029999999999938e-03
1.628370000000000078e-03
1.641590000000000063e-03
1.654700000000000051e-03
1.667700000000000042e-03
1.680599999999999976e-03
1.693400000000000070e-03
1.706100000000000108e-03
1.718710000000000029e-03
1.731230000000000052e-03
1.743659999999999958e-03
1.755999999999999965e-03
1.768260000000000014e-03
1.780450000000000045e-03
1.792559999999999900e-03
1.804590000000000014e-03
1.816549999999999892e-03
1.828439999999999970e-03
1.840260000000000029e-03
1.852020000000000012e-03
1.863709999999999976e-03
1.875340000000000080e-03
1.886920000000000047e-03
1.898429999999999996e-03
1.909880000000000085e-03
1.921289999999999977e-03
1.932630000000000068e-03
1.943929999999999964e-03
1.955179999999999939e-03
1.966369999999999837e-03
1.977519999999999972e-03
1.988619999999999971e-03
1.999680000000000207e-03
2.010699999999999814e-03
2.021670000000000151e-03
2.032599999999999858e-03
2.043489999999999803e-03
2.054339999999999986e-03
2.065159999999999912e-03
