6.953210000000000467e-04
7.028120000000000330e-04
7.104120000000000009e-04
7.181239999999999976e-04
7.259529999999999933e-04
7.339049999999999740e-04
7.419850000000000187e-04
7.501979999999999890e-04
7.585499999999999795e-04
7.670479999999999920e-04
7.756990000000000282e-04
7.845099999999999817e-04
7.934889999999999782e-04
8.026450000000000511e-04
8.119880000000000327e-04
8.215260000000000487e-04
8.312719999999999788e-04
8.412359999999999803e-04
8.514319999999999484e-04
8.618739999999999951e-04
8.725770000000000314e-04
8.835559999999999681e-04
8.948320000000000276e-04
9.064220000000000436e-04
9.183499999999999606e-04
9.306390000000000322e-04
9.433150000000000172e-04
9.564079999999999544e-04
9.699500000000000222e-04
9.839779999999999360e-04
9.985319999999998919e-04
1.013659999999999995e-03
1.029399999999999976e-03
1.045829999999999980e-03
1.062989999999999985e-03
1.080980000000000048e-03
1.099860000000000030e-03
1.119739999999999928e-03
1.140729999999999956e-03
1.162950000000000051e-03
1.186549999999999975e-03
1.211700000000000017e-03
1.238610000000000015e-03
1.267520000000000062e-03
1.298719999999999953e-03
1.332550000000000054e-03
1.369430000000000040e-03
1.409890000000000015e-03
1.454549999999999984e-03
1.504209999999999966e-03
1.559899999999999915e-03
1.622919999999999918e-03
1.694989999999999952e-03
1.778379999999999978e-03
1.876229999999999998e-03
1.992879999999999825e-03
2.134619999999999834e-03
2.310790000000000066e-03
2.535910000000000161e-03
2.833679999999999879e-03
3.245449999999999984e-03
3.849449999999999920e-03
4.811450000000000102e-03
6.543489999999999897e-03
1.035950000000000065e-02
2.283050000000000010e-02
1.397420000000000051e-01
4.969470000000000137e-02
5.492549999999999689e-03
1.180010000000000000e-03
2.631619999999999988e-04
3.417189999999999719e-05
7.947200000000000118e-07
3.172739999999999713e-05
8.394700000000000111e-05
1.416439999999999876e-04
1.987149999999999973e-04
2.528620000000000195e-04
3.033630000000000159e-04
3.501619999999999993e-04
3.934750000000000096e-04
4.336189999999999966e-04
4.709269999999999992e-04
5.057199999999999760e-04
5.382909999999999865e-04
5.689000000000000046e-04
5.977779999999999812e-04
6.251269999999999527e-04
6.511209999999999481e-04
6.759160000000000385e-04
6.996459999999999485e-04
7.224310000000000497e-04
7.443729999999999965e-04
7.655669999999999836e-04
7.860919999999999540e-04
8.060240000000000200e-04
8.254249999999999652e-04
8.443559999999999911e-04
8.628680000000000334e-04
8.810099999999999962e-04
8.988239999999999988e-04
9.163510000000000362e-04
9.336260000000000088e-04
9.506840000000000342e-04
9.675540000000000269e-04
9.842679999999999485e-04
1.000849999999999960e-03
1.017330000000000101e-03
1.033719999999999908e-03
1.050060000000000012e-03
1.066370000000000078e-03
1.082650000000000105e-03
1.098950000000000014e-03
1.115270000000000020e-03
1.131630000000000006e-03
1.148060000000000009e-03
1.164569999999999972e-03
1.181189999999999931e-03
1.197930000000000045e-03
1.214809999999999978e-03
1.231850000000000046e-03
1.249069999999999911e-03
1.266490000000000107e-03
1.284130000000000080e-03
1.302020000000000087e-03
1.320180000000000008e-03
1.338620000000000001e-03
1.357380000000000045e-03
1.376480000000000021e-03
1.395949999999999969e-03
1.415819999999999926e-03
1.436109999999999991e-03
1.456870000000000083e-03
1.478120000000000085e-03
1.499899999999999975e-03
1.522260000000000106e-03
1.545240000000000025e-03
1.568879999999999927e-03
1.593229999999999950e-03
1.618349999999999954e-03
1.644300000000000015e-03
1.671149999999999936e-03
1.698969999999999951e-03
1.727830000000000078e-03
1.757819999999999999e-03
1.789039999999999988e-03
1.821600000000000042e-03
1.855609999999999942e-03
1.891199999999999999e-03
1.928519999999999974e-03
1.967730000000000000e-03
2.009019999999999816e-03
2.052599999999999911e-03
2.098699999999999784e-03
2.147580000000000062e-03
2.199570000000000084e-03
2.255000000000000060e-03
2.314290000000000097e-03
2.377900000000000066e-03
2.446369999999999795e-03
2.520360000000000135e-03
2.600620000000000102e-03
2.688049999999999988e-03
2.783710000000000004e-03
2.888899999999999801e-03
3.005190000000000031e-03
3.134520000000000015e-03
3.279259999999999987e-03
3.442409999999999914e-03
3.627759999999999839e-03
3.840200000000000211e-03
4.086109999999999569e-03
4.373969999999999594e-03
4.715259999999999764e-03
5.125910000000000015e-03
5.628610000000000037e-03
6.256580000000000301e-03
7.060359999999999900e-03
8.120089999999999947e-03
9.569750000000000131e-03
1.164830000000000032e-02
1.481880000000000003e-02
2.008309999999999956e-02
2.995859999999999843e-02
5.227600000000000302e-02
1.193390000000000006e-01
3.157300000000000106e-01
1.503680000000000017e-01
4.195879999999999749e-02
1.590669999999999931e-02
7.272960000000000189e-03
3.677670000000000071e-03
1.956670000000000197e-03
1.058640000000000015e-03
5.654189999999999477e-04
2.880979999999999782e-04
1.329570000000000079e-04
5.006110000000000085e-05
1.127819999999999986e-05
4.303870000000000276e-08
6.248209999999999593e-06
2.354750000000000113e-05
4.786350000000000007e-05
7.652890000000000517e-05
1.077740000000000019e-04
1.404149999999999897e-04
1.736530000000000126e-04
2.069530000000000089e-04
2.399529999999999979e-04
2.724180000000000199e-04
3.041920000000000041e-04
3.351830000000000196e-04
3.653360000000000136e-04
3.946280000000000035e-04
4.230540000000000190e-04
4.506229999999999849e-04
4.773539999999999836e-04
5.032710000000000135e-04
5.284019999999999733e-04
5.527800000000000031e-04
5.764340000000000176e-04
5.993980000000000098e-04
6.217040000000000500e-04
6.433819999999999600e-04
6.644630000000000111e-04
6.849749999999999936e-04
7.049470000000000389e-04
7.244060000000000299e-04
7.433760000000000194e-04
7.618809999999999515e-04
7.799449999999999873e-04
7.975880000000000079e-04
8.148310000000000188e-04
8.316940000000000097e-04
8.481940000000000313e-04
8.643480000000000260e-04
8.801739999999999521e-04
8.956850000000000141e-04
9.108970000000000304e-04
9.258219999999999731e-04
9.404749999999999699e-04
9.548669999999999771e-04
9.690089999999999511e-04
9.829129999999999725e-04
9.965880000000000745e-04
1.010040000000000026e-03
1.023290000000000050e-03
1.036339999999999961e-03
1.049189999999999975e-03
1.061869999999999915e-03
1.074359999999999898e-03
1.086680000000000024e-03
1.098840000000000016e-03
1.110850000000000032e-03
1.122699999999999913e-03
1.134409999999999976e-03
1.145980000000000002e-03
1.157409999999999993e-03
1.168720000000000045e-03
1.179900000000000003e-03
1.190960000000000022e-03
1.201910000000000044e-03
1.212739999999999912e-03
1.223469999999999940e-03
1.234089999999999970e-03
1.244609999999999944e-03
1.255040000000000018e-03
1.265370000000000036e-03
1.275620000000000096e-03
1.285770000000000099e-03
1.295850000000000083e-03
1.305839999999999952e-03
1.315750000000000079e-03
1.325580000000000031e-03
1.335339999999999964e-03
1.345030000000000097e-03
1.354649999999999995e-03
1.364210000000000032e-03
1.373700000000000051e-03
1.383120000000000053e-03
1.392489999999999917e-03
1.401789999999999980e-03
1.411039999999999907e-03
1.420239999999999914e-03
1.429369999999999903e-03
1.438459999999999912e-03
1.447500000000000002e-03
1.456480000000000014e-03
1.465420000000000047e-03
1.474309999999999943e-03
1.483160000000000077e-03
1.491960000000000074e-03
1.500720000000000092e-03
1.509439999999999914e-03
1.518119999999999973e-03
1.526749999999999895e-03
1.535349999999999996e-03
1.543920000000000058e-03
1.552439999999999983e-03
1.560940000000000027e-03
