7.218699999999999986e-04
7.297049999999999804e-04
7.376629999999999472e-04
7.457499999999999936e-04
7.539699999999999657e-04
7.623299999999999738e-04
7.708370000000000196e-04
7.794969999999999807e-04
7.883189999999999989e-04
7.973089999999999518e-04
8.064769999999999968e-04
8.158319999999999505e-04
8.253839999999999701e-04
8.351440000000000122e-04
8.451230000000000330e-04
8.553360000000000520e-04
8.657950000000000411e-04
8.765160000000000355e-04
8.875149999999999619e-04
8.988099999999999952e-04
9.104220000000000325e-04
9.223719999999999706e-04
9.346839999999999706e-04
9.473840000000000082e-04
9.605009999999999980e-04
9.740690000000000416e-04
9.881219999999999153e-04
1.002700000000000032e-03
1.017850000000000048e-03
1.033620000000000068e-03
1.050069999999999953e-03
1.067259999999999997e-03
1.085269999999999941e-03
1.104170000000000021e-03
1.124060000000000076e-03
1.145060000000000045e-03
1.167269999999999983e-03
1.190859999999999965e-03
1.215989999999999909e-03
1.242859999999999928e-03
1.271699999999999957e-03
1.302800000000000008e-03
1.336490000000000074e-03
1.373180000000000104e-03
1.413369999999999948e-03
1.457680000000000043e-03
1.506860000000000057e-03
1.561899999999999964e-03
1.624039999999999989e-03
1.694889999999999895e-03
1.776620000000000022e-03
1.872140000000000002e-03
1.985479999999999971e-03
2.122409999999999922e-03
2.291409999999999801e-03
2.505460000000000152e-03
2.785419999999999823e-03
3.166829999999999819e-03
3.715040000000000182e-03
4.562970000000000394e-03
6.022079999999999968e-03
8.994709999999999511e-03
1.723039999999999988e-02
6.447039999999999715e-02
1.575830000000000009e-01
1.069870000000000022e-02
2.092559999999999820e-03
5.030930000000000298e-04
9.697700000000000341e-05
3.841350000000000076e-06
1.198920000000000034e-05
5.522930000000000330e-05
1.096749999999999960e-04
1.660219999999999903e-04
2.205820000000000101e-04
2.719940000000000118e-04
3.198930000000000219e-04
3.643450000000000226e-04
4.055929999999999909e-04
4.439380000000000040e-04
4.796849999999999855e-04
5.131260000000000335e-04
5.445219999999999748e-04
5.741080000000000402e-04
6.020910000000000194e-04
6.286549999999999907e-04
6.539570000000000409e-04
6.781400000000000362e-04
7.013259999999999460e-04
7.236239999999999686e-04
7.451299999999999894e-04
7.659309999999999686e-04
7.861009999999999873e-04
8.057090000000000475e-04
8.248150000000000100e-04
8.434760000000000131e-04
8.617390000000000379e-04
8.796509999999999573e-04
8.972529999999999829e-04
9.145820000000000468e-04
9.316720000000000340e-04
9.485570000000000460e-04
9.652659999999999973e-04
9.818270000000000036e-04
9.982660000000000405e-04
1.014609999999999991e-03
1.030880000000000078e-03
1.047090000000000087e-03
1.063279999999999998e-03
1.079459999999999968e-03
1.095650000000000096e-03
1.111870000000000046e-03
1.128139999999999915e-03
1.144489999999999960e-03
1.160919999999999964e-03
1.177459999999999965e-03
1.194130000000000061e-03
1.210949999999999917e-03
1.227929999999999907e-03
1.245100000000000070e-03
1.262480000000000069e-03
1.280090000000000004e-03
1.297959999999999912e-03
1.316099999999999952e-03
1.334539999999999945e-03
1.353299999999999989e-03
1.372430000000000004e-03
1.391929999999999990e-03
1.411839999999999927e-03
1.432200000000000010e-03
1.453040000000000061e-03
1.474400000000000059e-03
1.496319999999999985e-03
1.518830000000000093e-03
1.541990000000000027e-03
1.565839999999999984e-03
1.590449999999999980e-03
1.615869999999999937e-03
1.642170000000000088e-03
1.669410000000000078e-03
1.697680000000000022e-03
1.727060000000000097e-03
1.757660000000000082e-03
1.789559999999999935e-03
1.822899999999999911e-03
1.857810000000000104e-03
1.894419999999999958e-03
1.932920000000000081e-03
1.973470000000000172e-03
2.016309999999999891e-03
2.061649999999999941e-03
2.109779999999999902e-03
2.161010000000000101e-03
2.215710000000000075e-03
2.274270000000000111e-03
2.337200000000000215e-03
2.405050000000000156e-03
2.478489999999999860e-03
2.558309999999999838e-03
2.645440000000000205e-03
2.741019999999999828e-03
2.846420000000000113e-03
2.963299999999999875e-03
3.093719999999999890e-03
3.240269999999999956e-03
3.406189999999999912e-03
3.595660000000000089e-03
3.814070000000000134e-03
4.068590000000000401e-03
4.368829999999999762e-03
4.728050000000000135e-03
5.164929999999999868e-03
5.706580000000000159e-03
6.393779999999999950e-03
7.290269999999999737e-03
8.500840000000000826e-03
1.020859999999999997e-02
1.275910000000000065e-02
1.687500000000000111e-02
2.429009999999999850e-02
4.007100000000000245e-02
8.387949999999999573e-02
2.448150000000000048e-01
2.163360000000000005e-01
5.360249999999999737e-02
1.828950000000000020e-02
7.856449999999999198e-03
3.805729999999999790e-03
1.955880000000000118e-03
1.024369999999999925e-03
5.280629999999999482e-04
2.572079999999999809e-04
1.108729999999999937e-04
3.659620000000000039e-05
5.433669999999999765e-06
6.519919999999999530e-07
1.220969999999999933e-05
3.389989999999999708e-05
6.179580000000000218e-05
9.336749999999999672e-05
1.269649999999999880e-04
1.615010000000000111e-04
1.962619999999999990e-04
2.307750000000000122e-04
2.647370000000000235e-04
2.979529999999999982e-04
3.303059999999999915e-04
3.617320000000000257e-04
3.922029999999999852e-04
4.217119999999999766e-04
4.502740000000000193e-04
4.779089999999999944e-04
5.046490000000000264e-04
5.305279999999999458e-04
5.555809999999999785e-04
5.798469999999999796e-04
6.033629999999999896e-04
6.261650000000000332e-04
6.482900000000000424e-04
6.697720000000000106e-04
6.906450000000000393e-04
7.109380000000000430e-04
7.306839999999999993e-04
7.499089999999999923e-04
7.686410000000000291e-04
7.869049999999999613e-04
8.047249999999999499e-04
8.221230000000000161e-04
8.391199999999999484e-04
8.557359999999999533e-04
8.719900000000000047e-04
8.878999999999999523e-04
9.034820000000000481e-04
9.187509999999999861e-04
9.337230000000000182e-04
9.484110000000000240e-04
9.628290000000000069e-04
9.769880000000000318e-04
9.909000000000000707e-04
1.004579999999999926e-03
1.018030000000000063e-03
1.031259999999999989e-03
1.044290000000000019e-03
1.057130000000000092e-03
1.069770000000000052e-03
1.082229999999999998e-03
1.094520000000000085e-03
1.106640000000000098e-03
1.118599999999999976e-03
1.130410000000000095e-03
1.142070000000000021e-03
1.153579999999999970e-03
1.164960000000000041e-03
1.176210000000000016e-03
1.187340000000000053e-03
1.198339999999999995e-03
1.209220000000000000e-03
1.219999999999999947e-03
1.230659999999999957e-03
1.241219999999999910e-03
1.251670000000000083e-03
1.262029999999999923e-03
1.272300000000000080e-03
1.282469999999999964e-03
1.292560000000000106e-03
1.302559999999999916e-03
1.312479999999999983e-03
1.322320000000000093e-03
1.332089999999999967e-03
1.341780000000000099e-03
1.351399999999999997e-03
1.360950000000000094e-03
1.370429999999999955e-03
1.379840000000000016e-03
1.389199999999999940e-03
1.398490000000000063e-03
1.407720000000000108e-03
1.416900000000000017e-03
1.426020000000000065e-03
1.435089999999999977e-03
1.444100000000000028e-03
1.453059999999999942e-03
1.461980000000000094e-03
1.470849999999999892e-03
1.479669999999999987e-03
1.488439999999999945e-03
1.497169999999999924e-03
1.505859999999999924e-03
1.514509999999999945e-03
1.523119999999999986e-03
1.531680000000000107e-03
1.540209999999999973e-03
1.548710000000000017e-03
1.557170000000000082e-03
1.565589999999999950e-03
1.573979999999999997e-03
1.582330000000000065e-03
1.590660000000000034e-03
1.598950000000000024e-03
1.607209999999999975e-03
