3.7320000000000002e+00	7.8414600000000001e-02
3.7320050050050053e+00	7.8373799999999993e-02
3.7320100100100104e+00	7.8332899999999997e-02
3.7320150150150151e+00	7.8292000000000000e-02
3.7320200200200202e+00	7.8251000000000001e-02
3.7320250250250253e+00	7.8210100000000005e-02
3.7320300300300304e+00	7.8169000000000002e-02
3.7320350350350351e+00	7.8128000000000003e-02
3.7320400400400402e+00	7.8086900000000001e-02
3.7320450450450453e+00	7.8045699999999996e-02
3.7320500500500504e+00	7.8004500000000004e-02
3.7320550550550551e+00	7.7963299999999999e-02
3.7320600600600602e+00	7.7922000000000005e-02
3.7320650650650653e+00	7.7880699999999997e-02
3.7320700700700704e+00	7.7839300000000000e-02
3.7320750750750751e+00	7.7797900000000003e-02
3.7320800800800802e+00	7.7756400000000003e-02
3.7320850850850853e+00	7.7714800000000001e-02
3.7320900900900904e+00	7.7673199999999998e-02
3.7320950950950955e+00	7.7631400000000003e-02
3.7321001001001002e+00	7.7589699999999998e-02
3.7321051051051053e+00	7.7547800000000000e-02
3.7321101101101104e+00	7.7505900000000003e-02
3.7321151151151155e+00	7.7463900000000002e-02
3.7321201201201202e+00	7.7421799999999999e-02
3.7321251251251253e+00	7.7379600000000007e-02
3.7321301301301304e+00	7.7337299999999998e-02
3.7321351351351355e+00	7.7294900000000000e-02
3.7321401401401402e+00	7.7252399999999999e-02
3.7321451451451453e+00	7.7209799999999995e-02
3.7321501501501504e+00	7.7167100000000002e-02
3.7321551551551555e+00	7.7124200000000004e-02
3.7321601601601602e+00	7.7081300000000005e-02
3.7321651651651653e+00	7.7038200000000001e-02
3.7321701701701704e+00	7.6994999999999994e-02
3.7321751751751755e+00	7.6951599999999995e-02
3.7321801801801802e+00	7.6908000000000004e-02
3.7321851851851853e+00	7.6864299999999997e-02
3.7321901901901904e+00	7.6820500000000000e-02
3.7321951951951955e+00	7.6776399999999995e-02
3.7322002002002006e+00	7.6732200000000000e-02
3.7322052052052053e+00	7.6687800000000000e-02
3.7322102102102104e+00	7.6643100000000006e-02
3.7322152152152155e+00	7.6598299999999994e-02
3.7322202202202206e+00	7.6553200000000002e-02
3.7322252252252253e+00	7.6507900000000004e-02
3.7322302302302304e+00	7.6462299999999997e-02
3.7322352352352355e+00	7.6416499999999998e-02
3.7322402402402406e+00	7.6370400000000005e-02
3.7322452452452453e+00	7.6324000000000003e-02
3.7322502502502504e+00	7.6277200000000003e-02
3.7322552552552555e+00	7.6230199999999998e-02
3.7322602602602606e+00	7.6182799999999995e-02
3.7322652652652653e+00	7.6134999999999994e-02
3.7322702702702704e+00	7.6086799999999996e-02
3.7322752752752755e+00	7.6038200000000000e-02
3.7322802802802806e+00	7.5989200000000007e-02
3.7322852852852857e+00	7.5939699999999999e-02
3.7322902902902904e+00	7.5889700000000004e-02
3.7322952952952955e+00	7.5839100000000007e-02
3.7323003003003006e+00	7.5787999999999994e-02
3.7323053053053057e+00	7.5736300000000006e-02
3.7323103103103104e+00	7.5683899999999998e-02
3.7323153153153155e+00	7.5630799999999998e-02
3.7323203203203206e+00	7.5577000000000005e-02
3.7323253253253257e+00	7.5522400000000003e-02
3.7323303303303303e+00	7.5467000000000006e-02
3.7323353353353355e+00	7.5410599999999994e-02
3.7323403403403406e+00	7.5353199999999995e-02
3.7323453453453457e+00	7.5294799999999995e-02
3.7323503503503503e+00	7.5235200000000002e-02
3.7323553553553555e+00	7.5174400000000002e-02
3.7323603603603606e+00	7.5112200000000004e-02
3.7323653653653657e+00	7.5048500000000004e-02
3.7323703703703708e+00	7.4983200000000000e-02
3.7323753753753754e+00	7.4916200000000002e-02
3.7323803803803806e+00	7.4847200000000003e-02
3.7323853853853857e+00	7.4776099999999998e-02
3.7323903903903908e+00	7.4702699999999997e-02
3.7323953953953954e+00	7.4626700000000004e-02
3.7324004004004006e+00	7.4547900000000000e-02
3.7324054054054057e+00	7.4465799999999999e-02
3.7324104104104108e+00	7.4380299999999996e-02
3.7324154154154154e+00	7.4290700000000001e-02
3.7324204204204205e+00	7.4196700000000004e-02
3.7324254254254257e+00	7.4097600000000000e-02
3.7324304304304308e+00	7.3992699999999995e-02
3.7324354354354354e+00	7.3881299999999997e-02
3.7324404404404405e+00	7.3762200000000000e-02
3.7324454454454457e+00	7.3634300000000000e-02
3.7324504504504508e+00	7.3496199999999998e-02
3.7324554554554559e+00	7.3345900000000006e-02
3.7324604604604605e+00	7.3181300000000005e-02
3.7324654654654656e+00	7.2999300000000003e-02
3.7324704704704708e+00	7.2796299999999994e-02
3.7324754754754759e+00	7.2567400000000004e-02
3.7324804804804805e+00	7.2305900000000006e-02
3.7324854854854856e+00	7.2003100000000000e-02
3.7324904904904908e+00	7.1646399999999999e-02
3.7324954954954959e+00	7.1217500000000003e-02
3.7325005005005005e+00	7.0689100000000005e-02
3.7325055055055056e+00	7.0018200000000003e-02
3.7325105105105107e+00	6.9132299999999994e-02
3.7325155155155159e+00	6.7900299999999997e-02
3.7325205205205205e+00	6.6057500000000005e-02
3.7325255255255256e+00	6.2977199999999997e-02
3.7325305305305307e+00	5.6738700000000003e-02
3.7325355355355359e+00	3.7463900000000001e-02
3.7325405405405405e+00	3.1565300000000002e-01
3.7325455455455456e+00	1.0621800000000001e-01
3.7325505505505507e+00	9.1282100000000005e-02
3.7325555555555558e+00	8.5915199999999997e-02
3.7325605605605610e+00	8.3144599999999999e-02
3.7325655655655656e+00	8.1446099999999994e-02
3.7325705705705707e+00	8.0292900000000000e-02
3.7325755755755758e+00	7.9454700000000003e-02
3.7325805805805810e+00	7.8814899999999993e-02
3.7325855855855856e+00	7.8308100000000005e-02
3.7325905905905907e+00	7.7894800000000000e-02
3.7325955955955958e+00	7.7549800000000002e-02
3.7326006006006009e+00	7.7256000000000005e-02
3.7326056056056056e+00	7.7001799999999995e-02
3.7326106106106107e+00	7.6778799999999994e-02
3.7326156156156158e+00	7.6580800000000004e-02
3.7326206206206209e+00	7.6402999999999999e-02
3.7326256256256256e+00	7.6242099999999993e-02
3.7326306306306307e+00	7.6095099999999999e-02
3.7326356356356358e+00	7.5959899999999997e-02
3.7326406406406409e+00	7.5834700000000005e-02
3.7326456456456460e+00	7.5718199999999999e-02
3.7326506506506507e+00	7.5609099999999999e-02
3.7326556556556558e+00	7.5506400000000001e-02
3.7326606606606609e+00	7.5409500000000004e-02
3.7326656656656660e+00	7.5317599999999998e-02
3.7326706706706707e+00	7.5230000000000005e-02
3.7326756756756758e+00	7.5146500000000005e-02
3.7326806806806809e+00	7.5066400000000005e-02
3.7326856856856860e+00	7.4989500000000001e-02
3.7326906906906907e+00	7.4915499999999996e-02
3.7326956956956958e+00	7.4843999999999994e-02
3.7327007007007009e+00	7.4774900000000005e-02
3.7327057057057060e+00	7.4707899999999994e-02
3.7327107107107107e+00	7.4642899999999998e-02
3.7327157157157158e+00	7.4579599999999996e-02
3.7327207207207209e+00	7.4518000000000001e-02
3.7327257257257260e+00	7.4457800000000005e-02
3.7327307307307311e+00	7.4399099999999996e-02
3.7327357357357358e+00	7.4341599999999994e-02
3.7327407407407409e+00	7.4285400000000001e-02
3.7327457457457460e+00	7.4230199999999996e-02
3.7327507507507511e+00	7.4176000000000006e-02
3.7327557557557558e+00	7.4122800000000003e-02
3.7327607607607609e+00	7.4070600000000000e-02
3.7327657657657660e+00	7.4019100000000004e-02
3.7327707707707711e+00	7.3968400000000004e-02
3.7327757757757758e+00	7.3918499999999998e-02
3.7327807807807809e+00	7.3869199999999996e-02
3.7327857857857860e+00	7.3820600000000000e-02
3.7327907907907911e+00	7.3772599999999994e-02
3.7327957957957958e+00	7.3725200000000005e-02
3.7328008008008009e+00	7.3678300000000002e-02
3.7328058058058060e+00	7.3631900000000000e-02
3.7328108108108111e+00	7.3586100000000002e-02
3.7328158158158158e+00	7.3540599999999998e-02
3.7328208208208209e+00	7.3495699999999997e-02
3.7328258258258260e+00	7.3451100000000005e-02
3.7328308308308311e+00	7.3407000000000000e-02
3.7328358358358362e+00	7.3363200000000003e-02
3.7328408408408409e+00	7.3319800000000004e-02
3.7328458458458460e+00	7.3276700000000000e-02
3.7328508508508511e+00	7.3233900000000005e-02
3.7328558558558562e+00	7.3191500000000007e-02
3.7328608608608609e+00	7.3149400000000003e-02
3.7328658658658660e+00	7.3107500000000006e-02
3.7328708708708711e+00	7.3066000000000006e-02
3.7328758758758762e+00	7.3024599999999995e-02
3.7328808808808809e+00	7.2983599999999996e-02
3.7328858858858860e+00	7.2942800000000002e-02
3.7328908908908911e+00	7.2902200000000000e-02
3.7328958958958962e+00	7.2861899999999993e-02
3.7329009009009009e+00	7.2821700000000003e-02
3.7329059059059060e+00	7.2781799999999994e-02
3.7329109109109111e+00	7.2742100000000004e-02
3.7329159159159162e+00	7.2702500000000003e-02
3.7329209209209213e+00	7.2663199999999997e-02
3.7329259259259260e+00	7.2623999999999994e-02
3.7329309309309311e+00	7.2584999999999997e-02
3.7329359359359362e+00	7.2546200000000005e-02
3.7329409409409413e+00	7.2507600000000005e-02
3.7329459459459460e+00	7.2469099999999995e-02
3.7329509509509511e+00	7.2430700000000001e-02
3.7329559559559562e+00	7.2392499999999999e-02
3.7329609609609613e+00	7.2354500000000002e-02
3.7329659659659660e+00	7.2316599999999995e-02
3.7329709709709711e+00	7.2278800000000004e-02
3.7329759759759762e+00	7.2241200000000005e-02
3.7329809809809813e+00	7.2203600000000007e-02
3.7329859859859860e+00	7.2166300000000003e-02
3.7329909909909911e+00	7.2128999999999999e-02
3.7329959959959962e+00	7.2091799999999998e-02
3.7330010010010013e+00	7.2054800000000002e-02
3.7330060060060064e+00	7.2017899999999996e-02
3.7330110110110111e+00	7.1981100000000006e-02
3.7330160160160162e+00	7.1944300000000003e-02
3.7330210210210213e+00	7.1907700000000005e-02
3.7330260260260264e+00	7.1871199999999996e-02
3.7330310310310311e+00	7.1834800000000004e-02
3.7330360360360362e+00	7.1798500000000001e-02
3.7330410410410413e+00	7.1762300000000001e-02
3.7330460460460464e+00	7.1726200000000004e-02
3.7330510510510511e+00	7.1690100000000007e-02
3.7330560560560562e+00	7.1654200000000001e-02
3.7330610610610613e+00	7.1618299999999996e-02
3.7330660660660664e+00	7.1582499999999993e-02
3.7330710710710711e+00	7.1546899999999997e-02
3.7330760760760762e+00	7.1511199999999997e-02
3.7330810810810813e+00	7.1475700000000003e-02
3.7330860860860864e+00	7.1440199999999995e-02
3.7330910910910915e+00	7.1404899999999993e-02
3.7330960960960962e+00	7.1369600000000005e-02
3.7331011011011013e+00	7.1334300000000003e-02
3.7331061061061064e+00	7.1299199999999993e-02
3.7331111111111115e+00	7.1264099999999997e-02
3.7331161161161162e+00	7.1229000000000001e-02
3.7331211211211213e+00	7.1194099999999996e-02
3.7331261261261264e+00	7.1159200000000006e-02
3.7331311311311315e+00	7.1124400000000004e-02
3.7331361361361362e+00	7.1089600000000003e-02
3.7331411411411413e+00	7.1054900000000004e-02
3.7331461461461464e+00	7.1020299999999995e-02
3.7331511511511515e+00	7.0985699999999999e-02
3.7331561561561561e+00	7.0951200000000006e-02
3.7331611611611613e+00	7.0916800000000002e-02
3.7331661661661664e+00	7.0882399999999998e-02
3.7331711711711715e+00	7.0847999999999994e-02
3.7331761761761761e+00	7.0813799999999996e-02
3.7331811811811813e+00	7.0779499999999995e-02
3.7331861861861864e+00	7.0745400000000000e-02
3.7331911911911915e+00	7.0711300000000005e-02
3.7331961961961966e+00	7.0677199999999996e-02
3.7332012012012012e+00	7.0643200000000003e-02
3.7332062062062064e+00	7.0609199999999997e-02
3.7332112112112115e+00	7.0575299999999994e-02
3.7332162162162166e+00	7.0541499999999993e-02
3.7332212212212212e+00	7.0507700000000006e-02
3.7332262262262264e+00	7.0473900000000006e-02
3.7332312312312315e+00	7.0440199999999994e-02
3.7332362362362366e+00	7.0406600000000000e-02
3.7332412412412412e+00	7.0373000000000005e-02
3.7332462462462463e+00	7.0339399999999996e-02
3.7332512512512515e+00	7.0305900000000005e-02
3.7332562562562566e+00	7.0272399999999999e-02
3.7332612612612612e+00	7.0238999999999996e-02
3.7332662662662663e+00	7.0205600000000007e-02
3.7332712712712715e+00	7.0172300000000007e-02
3.7332762762762766e+00	7.0139000000000007e-02
3.7332812812812817e+00	7.0105700000000007e-02
3.7332862862862863e+00	7.0072499999999996e-02
3.7332912912912914e+00	7.0039400000000002e-02
3.7332962962962966e+00	7.0006299999999994e-02
3.7333013013013017e+00	6.9973199999999999e-02
3.7333063063063063e+00	6.9940199999999994e-02
3.7333113113113114e+00	6.9907200000000003e-02
3.7333163163163166e+00	6.9874199999999997e-02
3.7333213213213217e+00	6.9841299999999995e-02
3.7333263263263263e+00	6.9808400000000007e-02
3.7333313313313314e+00	6.9775599999999993e-02
3.7333363363363365e+00	6.9742799999999994e-02
3.7333413413413417e+00	6.9709999999999994e-02
3.7333463463463463e+00	6.9677299999999998e-02
3.7333513513513514e+00	6.9644600000000001e-02
3.7333563563563565e+00	6.9611999999999993e-02
3.7333613613613617e+00	6.9579400000000000e-02
3.7333663663663668e+00	6.9546800000000006e-02
3.7333713713713714e+00	6.9514300000000001e-02
3.7333763763763765e+00	6.9481799999999996e-02
3.7333813813813816e+00	6.9449399999999994e-02
3.7333863863863868e+00	6.9416900000000004e-02
3.7333913913913914e+00	6.9384500000000002e-02
3.7333963963963965e+00	6.9352200000000003e-02
3.7334014014014016e+00	6.9319900000000004e-02
3.7334064064064068e+00	6.9287600000000005e-02
3.7334114114114114e+00	6.9255399999999995e-02
3.7334164164164165e+00	6.9223099999999996e-02
3.7334214214214216e+00	6.9191000000000003e-02
3.7334264264264267e+00	6.9158800000000006e-02
3.7334314314314314e+00	6.9126699999999999e-02
3.7334364364364365e+00	6.9094600000000006e-02
3.7334414414414416e+00	6.9062600000000002e-02
3.7334464464464467e+00	6.9030599999999998e-02
3.7334514514514514e+00	6.8998599999999993e-02
3.7334564564564565e+00	6.8966700000000006e-02
3.7334614614614616e+00	6.8934800000000004e-02
3.7334664664664667e+00	6.8902900000000003e-02
3.7334714714714718e+00	6.8871000000000002e-02
3.7334764764764765e+00	6.8839200000000003e-02
3.7334814814814816e+00	6.8807400000000005e-02
3.7334864864864867e+00	6.8775699999999995e-02
3.7334914914914918e+00	6.8744000000000000e-02
3.7334964964964965e+00	6.8712300000000004e-02
3.7335015015015016e+00	6.8680599999999994e-02
3.7335065065065067e+00	6.8649000000000002e-02
3.7335115115115118e+00	6.8617399999999995e-02
3.7335165165165165e+00	6.8585800000000002e-02
3.7335215215215216e+00	6.8554299999999999e-02
3.7335265265265267e+00	6.8522799999999995e-02
3.7335315315315318e+00	6.8491300000000005e-02
3.7335365365365365e+00	6.8459800000000001e-02
3.7335415415415416e+00	6.8428400000000000e-02
3.7335465465465467e+00	6.8396999999999999e-02
3.7335515515515518e+00	6.8365700000000001e-02
3.7335565565565569e+00	6.8334300000000001e-02
3.7335615615615616e+00	6.8303000000000003e-02
3.7335665665665667e+00	6.8271799999999994e-02
3.7335715715715718e+00	6.8240499999999996e-02
3.7335765765765769e+00	6.8209300000000000e-02
3.7335815815815816e+00	6.8178100000000005e-02
3.7335865865865867e+00	6.8146999999999999e-02
3.7335915915915918e+00	6.8115800000000004e-02
3.7335965965965969e+00	6.8084699999999998e-02
3.7336016016016016e+00	6.8053600000000006e-02
3.7336066066066067e+00	6.8022600000000003e-02
3.7336116116116118e+00	6.7991599999999999e-02
3.7336166166166169e+00	6.7960599999999996e-02
3.7336216216216216e+00	6.7929600000000007e-02
3.7336266266266267e+00	6.7898700000000006e-02
3.7336316316316318e+00	6.7867800000000006e-02
3.7336366366366369e+00	6.7836900000000006e-02
3.7336416416416420e+00	6.7806000000000005e-02
3.7336466466466467e+00	6.7775199999999994e-02
3.7336516516516518e+00	6.7744399999999996e-02
3.7336566566566569e+00	6.7713599999999999e-02
3.7336616616616620e+00	6.7682900000000004e-02
3.7336666666666667e+00	6.7652199999999996e-02
3.7336716716716718e+00	6.7621500000000001e-02
3.7336766766766769e+00	6.7590800000000006e-02
3.7336816816816820e+00	6.7560200000000001e-02
3.7336866866866867e+00	6.7529599999999995e-02
3.7336916916916918e+00	6.7499000000000003e-02
3.7336966966966969e+00	6.7468399999999998e-02
3.7337017017017020e+00	6.7437899999999995e-02
3.7337067067067067e+00	6.7407300000000003e-02
3.7337117117117118e+00	6.7376900000000003e-02
3.7337167167167169e+00	6.7346400000000001e-02
3.7337217217217220e+00	6.7316000000000001e-02
3.7337267267267267e+00	6.7285499999999998e-02
3.7337317317317318e+00	6.7255200000000001e-02
3.7337367367367369e+00	6.7224800000000001e-02
3.7337417417417420e+00	6.7194500000000004e-02
3.7337467467467471e+00	6.7164199999999993e-02
3.7337517517517518e+00	6.7133899999999996e-02
3.7337567567567569e+00	6.7103599999999999e-02
3.7337617617617620e+00	6.7073400000000005e-02
3.7337667667667671e+00	6.7043199999999997e-02
3.7337717717717718e+00	6.7013000000000003e-02
3.7337767767767769e+00	6.6982799999999995e-02
3.7337817817817820e+00	6.6952700000000004e-02
3.7337867867867871e+00	6.6922599999999999e-02
3.7337917917917918e+00	6.6892499999999994e-02
3.7337967967967969e+00	6.6862400000000002e-02
3.7338018018018020e+00	6.6832400000000000e-02
3.7338068068068071e+00	6.6802399999999998e-02
3.7338118118118118e+00	6.6772399999999996e-02
3.7338168168168169e+00	6.6742399999999993e-02
3.7338218218218220e+00	6.6712499999999994e-02
3.7338268268268271e+00	6.6682599999999995e-02
3.7338318318318322e+00	6.6652699999999995e-02
3.7338368368368369e+00	6.6622799999999996e-02
3.7338418418418420e+00	6.6592899999999997e-02
3.7338468468468471e+00	6.6563100000000000e-02
3.7338518518518522e+00	6.6533300000000004e-02
3.7338568568568569e+00	6.6503599999999996e-02
3.7338618618618620e+00	6.6473800000000000e-02
3.7338668668668671e+00	6.6444100000000006e-02
3.7338718718718722e+00	6.6414399999999998e-02
3.7338768768768769e+00	6.6384700000000005e-02
3.7338818818818820e+00	6.6354999999999997e-02
3.7338868868868871e+00	6.6325400000000007e-02
3.7338918918918922e+00	6.6295800000000002e-02
3.7338968968968969e+00	6.6266199999999997e-02
3.7339019019019020e+00	6.6236600000000007e-02
3.7339069069069071e+00	6.6207100000000005e-02
3.7339119119119122e+00	6.6177600000000003e-02
3.7339169169169173e+00	6.6148100000000001e-02
3.7339219219219220e+00	6.6118600000000000e-02
3.7339269269269271e+00	6.6089099999999998e-02
3.7339319319319322e+00	6.6059699999999999e-02
3.7339369369369373e+00	6.6030300000000000e-02
3.7339419419419420e+00	6.6000900000000001e-02
3.7339469469469471e+00	6.5971600000000005e-02
3.7339519519519522e+00	6.5942200000000006e-02
3.7339569569569573e+00	6.5912899999999996e-02
3.7339619619619620e+00	6.5883600000000000e-02
3.7339669669669671e+00	6.5854300000000005e-02
3.7339719719719722e+00	6.5825099999999998e-02
3.7339769769769773e+00	6.5795900000000004e-02
3.7339819819819819e+00	6.5766699999999997e-02
3.7339869869869871e+00	6.5737500000000004e-02
3.7339919919919922e+00	6.5708299999999997e-02
3.7339969969969973e+00	6.5679199999999993e-02
3.7340020020020024e+00	6.5650100000000003e-02
3.7340070070070071e+00	6.5620999999999999e-02
3.7340120120120122e+00	6.5591899999999995e-02
3.7340170170170173e+00	6.5562800000000004e-02
3.7340220220220224e+00	6.5533800000000003e-02
3.7340270270270270e+00	6.5504800000000002e-02
3.7340320320320322e+00	6.5475800000000001e-02
3.7340370370370373e+00	6.5446900000000002e-02
3.7340420420420424e+00	6.5417900000000001e-02
3.7340470470470470e+00	6.5389000000000003e-02
3.7340520520520522e+00	6.5360100000000004e-02
3.7340570570570573e+00	6.5331200000000006e-02
3.7340620620620624e+00	6.5302399999999997e-02
3.7340670670670670e+00	6.5273499999999998e-02
3.7340720720720721e+00	6.5244700000000003e-02
3.7340770770770773e+00	6.5215899999999993e-02
3.7340820820820824e+00	6.5187200000000001e-02
3.7340870870870870e+00	6.5158400000000005e-02
3.7340920920920921e+00	6.5129699999999999e-02
3.7340970970970973e+00	6.5101000000000006e-02
3.7341021021021024e+00	6.5072300000000000e-02
3.7341071071071075e+00	6.5043699999999996e-02
3.7341121121121121e+00	6.5015000000000003e-02
3.7341171171171172e+00	6.4986400000000000e-02
3.7341221221221224e+00	6.4957799999999996e-02
3.7341271271271275e+00	6.4929200000000006e-02
3.7341321321321321e+00	6.4900700000000006e-02
3.7341371371371372e+00	6.4872100000000002e-02
3.7341421421421424e+00	6.4843600000000001e-02
3.7341471471471475e+00	6.4815100000000000e-02
3.7341521521521521e+00	6.4786600000000000e-02
3.7341571571571572e+00	6.4758200000000002e-02
3.7341621621621623e+00	6.4729800000000004e-02
3.7341671671671675e+00	6.4701300000000003e-02
3.7341721721721721e+00	6.4672999999999994e-02
3.7341771771771772e+00	6.4644599999999997e-02
3.7341821821821823e+00	6.4616199999999999e-02
3.7341871871871875e+00	6.4587900000000004e-02
3.7341921921921926e+00	6.4559599999999995e-02
3.7341971971971972e+00	6.4531300000000000e-02
3.7342022022022023e+00	6.4503099999999994e-02
3.7342072072072074e+00	6.4474799999999999e-02
3.7342122122122126e+00	6.4446600000000007e-02
3.7342172172172172e+00	6.4418400000000001e-02
3.7342222222222223e+00	6.4390199999999995e-02
3.7342272272272274e+00	6.4362000000000003e-02
3.7342322322322326e+00	6.4333899999999999e-02
3.7342372372372372e+00	6.4305799999999996e-02
3.7342422422422423e+00	6.4277699999999993e-02
3.7342472472472474e+00	6.4249600000000004e-02
3.7342522522522525e+00	6.4221500000000001e-02
3.7342572572572572e+00	6.4193500000000001e-02
3.7342622622622623e+00	6.4165500000000000e-02
3.7342672672672674e+00	6.4137500000000000e-02
3.7342722722722725e+00	6.4109500000000000e-02
3.7342772772772777e+00	6.4081500000000000e-02
3.7342822822822823e+00	6.4053600000000002e-02
3.7342872872872874e+00	6.4025600000000002e-02
3.7342922922922925e+00	6.3997700000000005e-02
3.7342972972972976e+00	6.3969899999999996e-02
3.7343023023023023e+00	6.3941999999999999e-02
3.7343073073073074e+00	6.3914200000000004e-02
3.7343123123123125e+00	6.3886299999999993e-02
3.7343173173173176e+00	6.3858499999999999e-02
3.7343223223223223e+00	6.3830799999999993e-02
3.7343273273273274e+00	6.3802999999999999e-02
3.7343323323323325e+00	6.3775299999999993e-02
3.7343373373373376e+00	6.3747499999999999e-02
3.7343423423423423e+00	6.3719799999999993e-02
3.7343473473473474e+00	6.3692100000000001e-02
3.7343523523523525e+00	6.3664499999999999e-02
3.7343573573573576e+00	6.3636799999999993e-02
3.7343623623623623e+00	6.3609200000000005e-02
3.7343673673673674e+00	6.3581600000000002e-02
3.7343723723723725e+00	6.3553999999999999e-02
3.7343773773773776e+00	6.3526500000000000e-02
3.7343823823823827e+00	6.3498899999999997e-02
3.7343873873873874e+00	6.3471399999999997e-02
3.7343923923923925e+00	6.3443899999999998e-02
3.7343973973973976e+00	6.3416399999999998e-02
3.7344024024024027e+00	6.3388899999999998e-02
3.7344074074074074e+00	6.3361500000000001e-02
3.7344124124124125e+00	6.3334000000000001e-02
3.7344174174174176e+00	6.3306600000000005e-02
3.7344224224224227e+00	6.3279199999999994e-02
3.7344274274274274e+00	6.3251900000000000e-02
3.7344324324324325e+00	6.3224500000000003e-02
3.7344374374374376e+00	6.3197199999999995e-02
3.7344424424424427e+00	6.3169900000000001e-02
3.7344474474474474e+00	6.3142599999999993e-02
3.7344524524524525e+00	6.3115299999999999e-02
3.7344574574574576e+00	6.3088000000000005e-02
3.7344624624624627e+00	6.3060800000000000e-02
3.7344674674674678e+00	6.3033599999999995e-02
3.7344724724724725e+00	6.3006400000000004e-02
3.7344774774774776e+00	6.2979199999999999e-02
3.7344824824824827e+00	6.2951999999999994e-02
3.7344874874874878e+00	6.2924900000000006e-02
3.7344924924924925e+00	6.2897800000000004e-02
3.7344974974974976e+00	6.2870700000000002e-02
3.7345025025025027e+00	6.2843599999999999e-02
3.7345075075075078e+00	6.2816499999999997e-02
3.7345125125125125e+00	6.2789499999999998e-02
3.7345175175175176e+00	6.2762399999999996e-02
3.7345225225225227e+00	6.2735399999999997e-02
3.7345275275275278e+00	6.2708399999999997e-02
3.7345325325325325e+00	6.2681500000000001e-02
3.7345375375375376e+00	6.2654500000000002e-02
3.7345425425425427e+00	6.2627600000000005e-02
3.7345475475475478e+00	6.2600699999999995e-02
3.7345525525525529e+00	6.2573799999999999e-02
3.7345575575575576e+00	6.2546900000000002e-02
3.7345625625625627e+00	6.2520000000000006e-02
3.7345675675675678e+00	6.2493199999999999e-02
3.7345725725725729e+00	6.2466399999999998e-02
3.7345775775775776e+00	6.2439599999999998e-02
3.7345825825825827e+00	6.2412799999999997e-02
3.7345875875875878e+00	6.2385999999999997e-02
3.7345925925925929e+00	6.2359299999999999e-02
3.7345975975975976e+00	6.2332499999999999e-02
3.7346026026026027e+00	6.2305800000000001e-02
3.7346076076076078e+00	6.2279099999999997e-02
3.7346126126126129e+00	6.2252399999999999e-02
3.7346176176176176e+00	6.2225799999999998e-02
3.7346226226226227e+00	6.2199100000000000e-02
3.7346276276276278e+00	6.2172499999999999e-02
3.7346326326326329e+00	6.2145899999999997e-02
3.7346376376376380e+00	6.2119300000000002e-02
3.7346426426426427e+00	6.2092799999999997e-02
3.7346476476476478e+00	6.2066200000000002e-02
3.7346526526526529e+00	6.2039700000000003e-02
3.7346576576576580e+00	6.2013199999999997e-02
3.7346626626626627e+00	6.1986699999999999e-02
3.7346676676676678e+00	6.1960200000000000e-02
3.7346726726726729e+00	6.1933799999999997e-02
3.7346776776776780e+00	6.1907299999999998e-02
3.7346826826826827e+00	6.1880900000000003e-02
3.7346876876876878e+00	6.1854500000000000e-02
3.7346926926926929e+00	6.1828099999999997e-02
3.7346976976976980e+00	6.1801799999999997e-02
3.7347027027027027e+00	6.1775400000000001e-02
3.7347077077077078e+00	6.1749100000000001e-02
3.7347127127127129e+00	6.1722800000000001e-02
3.7347177177177180e+00	6.1696500000000001e-02
3.7347227227227227e+00	6.1670200000000001e-02
3.7347277277277278e+00	6.1643999999999997e-02
3.7347327327327329e+00	6.1617699999999997e-02
3.7347377377377380e+00	6.1591500000000000e-02
3.7347427427427431e+00	6.1565300000000003e-02
3.7347477477477478e+00	6.1539099999999999e-02
3.7347527527527529e+00	6.1512900000000002e-02
3.7347577577577580e+00	6.1486800000000001e-02
3.7347627627627631e+00	6.1460700000000000e-02
3.7347677677677678e+00	6.1434500000000003e-02
3.7347727727727729e+00	6.1408400000000002e-02
3.7347777777777780e+00	6.1382399999999997e-02
3.7347827827827831e+00	6.1356300000000003e-02
3.7347877877877877e+00	6.1330299999999997e-02
3.7347927927927929e+00	6.1304200000000003e-02
3.7347977977977980e+00	6.1278199999999998e-02
3.7348028028028031e+00	6.1252200000000000e-02
3.7348078078078077e+00	6.1226299999999997e-02
3.7348128128128129e+00	6.1200299999999999e-02
3.7348178178178180e+00	6.1174399999999997e-02
3.7348228228228231e+00	6.1148500000000001e-02
3.7348278278278282e+00	6.1122599999999999e-02
3.7348328328328328e+00	6.1096699999999997e-02
3.7348378378378380e+00	6.1070800000000001e-02
3.7348428428428431e+00	6.1045000000000002e-02
3.7348478478478482e+00	6.1019100000000000e-02
3.7348528528528528e+00	6.0993300000000000e-02
3.7348578578578580e+00	6.0967500000000001e-02
3.7348628628628631e+00	6.0941700000000001e-02
3.7348678678678682e+00	6.0915999999999998e-02
3.7348728728728728e+00	6.0890199999999998e-02
3.7348778778778779e+00	6.0864500000000002e-02
3.7348828828828831e+00	6.0838799999999998e-02
3.7348878878878882e+00	6.0813100000000002e-02
3.7348928928928928e+00	6.0787399999999998e-02
3.7348978978978979e+00	6.0761799999999998e-02
3.7349029029029031e+00	6.0736100000000001e-02
3.7349079079079082e+00	6.0710500000000001e-02
3.7349129129129133e+00	6.0684900000000000e-02
3.7349179179179179e+00	6.0659299999999999e-02
3.7349229229229230e+00	6.0633800000000002e-02
3.7349279279279282e+00	6.0608200000000001e-02
3.7349329329329333e+00	6.0582700000000003e-02
3.7349379379379379e+00	6.0557100000000003e-02
3.7349429429429430e+00	6.0531599999999998e-02
3.7349479479479482e+00	6.0506200000000003e-02
3.7349529529529533e+00	6.0480699999999998e-02
3.7349579579579579e+00	6.0455200000000001e-02
3.7349629629629630e+00	6.0429799999999999e-02
3.7349679679679681e+00	6.0404399999999997e-02
3.7349729729729733e+00	6.0379000000000002e-02
3.7349779779779779e+00	6.0353600000000000e-02
3.7349829829829830e+00	6.0328199999999998e-02
3.7349879879879881e+00	6.0302900000000000e-02
3.7349929929929933e+00	6.0277600000000001e-02
3.7349979979979979e+00	6.0252300000000002e-02
3.7350030030030030e+00	6.0227000000000003e-02
3.7350080080080081e+00	6.0201699999999997e-02
3.7350130130130132e+00	6.0176399999999998e-02
3.7350180180180184e+00	6.0151200000000002e-02
3.7350230230230230e+00	6.0125900000000003e-02
3.7350280280280281e+00	6.0100700000000000e-02
3.7350330330330332e+00	6.0075499999999997e-02
3.7350380380380384e+00	6.0050399999999997e-02
3.7350430430430430e+00	6.0025200000000001e-02
3.7350480480480481e+00	6.0000100000000001e-02
3.7350530530530532e+00	5.9974899999999998e-02
3.7350580580580584e+00	5.9949799999999998e-02
3.7350630630630630e+00	5.9924699999999997e-02
3.7350680680680681e+00	5.9899599999999997e-02
3.7350730730730732e+00	5.9874600000000000e-02
3.7350780780780783e+00	5.9849500000000000e-02
3.7350830830830830e+00	5.9824500000000003e-02
3.7350880880880881e+00	5.9799499999999998e-02
3.7350930930930932e+00	5.9774500000000001e-02
3.7350980980980983e+00	5.9749499999999997e-02
3.7351031031031035e+00	5.9724600000000003e-02
3.7351081081081081e+00	5.9699599999999999e-02
3.7351131131131132e+00	5.9674699999999997e-02
3.7351181181181183e+00	5.9649800000000003e-02
3.7351231231231234e+00	5.9624900000000002e-02
3.7351281281281281e+00	5.9600000000000000e-02
3.7351331331331332e+00	5.9575200000000002e-02
3.7351381381381383e+00	5.9550300000000000e-02
3.7351431431431434e+00	5.9525500000000002e-02
3.7351481481481481e+00	5.9500699999999997e-02
3.7351531531531532e+00	5.9475899999999998e-02
3.7351581581581583e+00	5.9451100000000000e-02
3.7351631631631634e+00	5.9426399999999997e-02
3.7351681681681681e+00	5.9401599999999999e-02
3.7351731731731732e+00	5.9376900000000003e-02
3.7351781781781783e+00	5.9352200000000001e-02
3.7351831831831834e+00	5.9327499999999998e-02
3.7351881881881885e+00	5.9302800000000003e-02
3.7351931931931932e+00	5.9278100000000000e-02
3.7351981981981983e+00	5.9253500000000001e-02
3.7352032032032034e+00	5.9228900000000001e-02
3.7352082082082085e+00	5.9204199999999998e-02
3.7352132132132132e+00	5.9179599999999999e-02
3.7352182182182183e+00	5.9155100000000002e-02
3.7352232232232234e+00	5.9130500000000003e-02
3.7352282282282285e+00	5.9105999999999999e-02
3.7352332332332332e+00	5.9081399999999999e-02
3.7352382382382383e+00	5.9056900000000002e-02
3.7352432432432434e+00	5.9032399999999999e-02
3.7352482482482485e+00	5.9007900000000002e-02
3.7352532532532532e+00	5.8983500000000001e-02
3.7352582582582583e+00	5.8958999999999998e-02
3.7352632632632634e+00	5.8934599999999997e-02
3.7352682682682685e+00	5.8910200000000003e-02
3.7352732732732736e+00	5.8885800000000002e-02
3.7352782782782783e+00	5.8861400000000001e-02
3.7352832832832834e+00	5.8837000000000000e-02
3.7352882882882885e+00	5.8812600000000000e-02
3.7352932932932936e+00	5.8788300000000002e-02
3.7352982982982983e+00	5.8763999999999997e-02
3.7353033033033034e+00	5.8739699999999999e-02
3.7353083083083085e+00	5.8715400000000001e-02
3.7353133133133136e+00	5.8691100000000003e-02
3.7353183183183183e+00	5.8666900000000001e-02
3.7353233233233234e+00	5.8642600000000003e-02
3.7353283283283285e+00	5.8618400000000001e-02
3.7353333333333336e+00	5.8594199999999999e-02
3.7353383383383383e+00	5.8569999999999997e-02
3.7353433433433434e+00	5.8545800000000002e-02
3.7353483483483485e+00	5.8521700000000003e-02
3.7353533533533536e+00	5.8497500000000001e-02
3.7353583583583583e+00	5.8473400000000002e-02
3.7353633633633634e+00	5.8449300000000003e-02
3.7353683683683685e+00	5.8425199999999997e-02
3.7353733733733736e+00	5.8401099999999997e-02
3.7353783783783787e+00	5.8376999999999998e-02
3.7353833833833834e+00	5.8353000000000002e-02
3.7353883883883885e+00	5.8328999999999999e-02
3.7353933933933936e+00	5.8304900000000000e-02
3.7353983983983987e+00	5.8280899999999997e-02
3.7354034034034034e+00	5.8256900000000000e-02
3.7354084084084085e+00	5.8233000000000000e-02
3.7354134134134136e+00	5.8208999999999997e-02
3.7354184184184187e+00	5.8185099999999997e-02
3.7354234234234234e+00	5.8161200000000003e-02
3.7354284284284285e+00	5.8137300000000003e-02
3.7354334334334336e+00	5.8113400000000003e-02
3.7354384384384387e+00	5.8089500000000002e-02
3.7354434434434434e+00	5.8065600000000002e-02
3.7354484484484485e+00	5.8041799999999998e-02
3.7354534534534536e+00	5.8018000000000000e-02
3.7354584584584587e+00	5.7994100000000000e-02
3.7354634634634638e+00	5.7970300000000002e-02
3.7354684684684685e+00	5.7946600000000001e-02
3.7354734734734736e+00	5.7922800000000003e-02
3.7354784784784787e+00	5.7899100000000002e-02
3.7354834834834838e+00	5.7875299999999998e-02
3.7354884884884885e+00	5.7851600000000003e-02
3.7354934934934936e+00	5.7827900000000002e-02
3.7354984984984987e+00	5.7804200000000000e-02
3.7355035035035038e+00	5.7780499999999999e-02
3.7355085085085085e+00	5.7756900000000000e-02
3.7355135135135136e+00	5.7733199999999998e-02
3.7355185185185187e+00	5.7709600000000000e-02
3.7355235235235238e+00	5.7686000000000001e-02
3.7355285285285285e+00	5.7662400000000003e-02
3.7355335335335336e+00	5.7638799999999997e-02
3.7355385385385387e+00	5.7615300000000001e-02
3.7355435435435438e+00	5.7591700000000003e-02
3.7355485485485489e+00	5.7568200000000000e-02
3.7355535535535536e+00	5.7544699999999997e-02
3.7355585585585587e+00	5.7521200000000001e-02
3.7355635635635638e+00	5.7497699999999999e-02
3.7355685685685689e+00	5.7474200000000003e-02
3.7355735735735736e+00	5.7450800000000003e-02
3.7355785785785787e+00	5.7427300000000001e-02
3.7355835835835838e+00	5.7403900000000001e-02
3.7355885885885889e+00	5.7380500000000001e-02
3.7355935935935936e+00	5.7357100000000001e-02
3.7355985985985987e+00	5.7333700000000001e-02
3.7356036036036038e+00	5.7310300000000002e-02
3.7356086086086089e+00	5.7286999999999998e-02
3.7356136136136135e+00	5.7263700000000001e-02
3.7356186186186187e+00	5.7240300000000001e-02
3.7356236236236238e+00	5.7216999999999997e-02
3.7356286286286289e+00	5.7193800000000003e-02
3.7356336336336335e+00	5.7170499999999999e-02
3.7356386386386387e+00	5.7147200000000002e-02
3.7356436436436438e+00	5.7124000000000001e-02
3.7356486486486489e+00	5.7100800000000000e-02
3.7356536536536540e+00	5.7077500000000003e-02
3.7356586586586586e+00	5.7054399999999998e-02
3.7356636636636638e+00	5.7031199999999997e-02
3.7356686686686689e+00	5.7008000000000003e-02
3.7356736736736740e+00	5.6984899999999998e-02
3.7356786786786786e+00	5.6961699999999997e-02
3.7356836836836838e+00	5.6938599999999999e-02
3.7356886886886889e+00	5.6915500000000001e-02
3.7356936936936940e+00	5.6892400000000003e-02
3.7356986986986986e+00	5.6869299999999998e-02
3.7357037037037037e+00	5.6846300000000002e-02
3.7357087087087089e+00	5.6823199999999997e-02
3.7357137137137140e+00	5.6800200000000002e-02
3.7357187187187186e+00	5.6777200000000000e-02
3.7357237237237237e+00	5.6754199999999998e-02
3.7357287287287289e+00	5.6731200000000002e-02
3.7357337337337340e+00	5.6708200000000000e-02
3.7357387387387391e+00	5.6685300000000001e-02
3.7357437437437437e+00	5.6662299999999999e-02
3.7357487487487488e+00	5.6639399999999999e-02
3.7357537537537540e+00	5.6616500000000000e-02
3.7357587587587591e+00	5.6593600000000001e-02
3.7357637637637637e+00	5.6570700000000002e-02
3.7357687687687688e+00	5.6547899999999998e-02
3.7357737737737740e+00	5.6524999999999999e-02
3.7357787787787791e+00	5.6502200000000002e-02
3.7357837837837837e+00	5.6479399999999999e-02
3.7357887887887888e+00	5.6456500000000000e-02
3.7357937937937939e+00	5.6433799999999999e-02
3.7357987987987991e+00	5.6411000000000003e-02
3.7358038038038037e+00	5.6388199999999999e-02
3.7358088088088088e+00	5.6365499999999999e-02
3.7358138138138139e+00	5.6342700000000003e-02
3.7358188188188191e+00	5.6320000000000002e-02
3.7358238238238242e+00	5.6297300000000002e-02
3.7358288288288288e+00	5.6274600000000001e-02
3.7358338338338339e+00	5.6252000000000003e-02
3.7358388388388390e+00	5.6229300000000003e-02
3.7358438438438442e+00	5.6206699999999998e-02
3.7358488488488488e+00	5.6183999999999998e-02
3.7358538538538539e+00	5.6161400000000000e-02
3.7358588588588590e+00	5.6138800000000003e-02
3.7358638638638642e+00	5.6116199999999998e-02
3.7358688688688688e+00	5.6093700000000003e-02
3.7358738738738739e+00	5.6071099999999999e-02
3.7358788788788790e+00	5.6048599999999997e-02
3.7358838838838841e+00	5.6026100000000002e-02
3.7358888888888888e+00	5.6003600000000001e-02
3.7358938938938939e+00	5.5981099999999999e-02
3.7358988988988990e+00	5.5958599999999997e-02
3.7359039039039041e+00	5.5936100000000002e-02
3.7359089089089093e+00	5.5913699999999997e-02
3.7359139139139139e+00	5.5891200000000002e-02
3.7359189189189190e+00	5.5868800000000003e-02
3.7359239239239241e+00	5.5846399999999997e-02
3.7359289289289292e+00	5.5823999999999999e-02
3.7359339339339339e+00	5.5801600000000000e-02
3.7359389389389390e+00	5.5779299999999997e-02
3.7359439439439441e+00	5.5756899999999998e-02
3.7359489489489492e+00	5.5734600000000002e-02
3.7359539539539539e+00	5.5712299999999999e-02
3.7359589589589590e+00	5.5689900000000001e-02
3.7359639639639641e+00	5.5667700000000001e-02
3.7359689689689692e+00	5.5645399999999998e-02
3.7359739739739739e+00	5.5623100000000002e-02
3.7359789789789790e+00	5.5600900000000002e-02
3.7359839839839841e+00	5.5578599999999999e-02
3.7359889889889892e+00	5.5556399999999999e-02
3.7359939939939939e+00	5.5534199999999999e-02
3.7359989989989990e+00	5.5511999999999999e-02
3.7360040040040041e+00	5.5489799999999999e-02
3.7360090090090092e+00	5.5467700000000002e-02
3.7360140140140143e+00	5.5445500000000002e-02
3.7360190190190190e+00	5.5423399999999998e-02
3.7360240240240241e+00	5.5401300000000001e-02
3.7360290290290292e+00	5.5379200000000003e-02
3.7360340340340343e+00	5.5357099999999999e-02
3.7360390390390390e+00	5.5335000000000002e-02
3.7360440440440441e+00	5.5313000000000001e-02
3.7360490490490492e+00	5.5290899999999997e-02
3.7360540540540543e+00	5.5268900000000003e-02
3.7360590590590590e+00	5.5246900000000002e-02
3.7360640640640641e+00	5.5224900000000000e-02
3.7360690690690692e+00	5.5202899999999999e-02
3.7360740740740743e+00	5.5180899999999998e-02
3.7360790790790790e+00	5.5158899999999997e-02
3.7360840840840841e+00	5.5136999999999999e-02
3.7360890890890892e+00	5.5115100000000000e-02
3.7360940940940943e+00	5.5093099999999999e-02
3.7360990990990994e+00	5.5071200000000001e-02
3.7361041041041041e+00	5.5049300000000002e-02
3.7361091091091092e+00	5.5027500000000000e-02
3.7361141141141143e+00	5.5005600000000002e-02
3.7361191191191194e+00	5.4983799999999999e-02
3.7361241241241241e+00	5.4961900000000001e-02
3.7361291291291292e+00	5.4940099999999999e-02
3.7361341341341343e+00	5.4918300000000003e-02
3.7361391391391394e+00	5.4896500000000001e-02
3.7361441441441441e+00	5.4874699999999998e-02
3.7361491491491492e+00	5.4852999999999999e-02
3.7361541541541543e+00	5.4831199999999997e-02
3.7361591591591594e+00	5.4809499999999997e-02
3.7361641641641641e+00	5.4787799999999998e-02
3.7361691691691692e+00	5.4766099999999998e-02
3.7361741741741743e+00	5.4744399999999999e-02
3.7361791791791794e+00	5.4722699999999999e-02
3.7361841841841845e+00	5.4701000000000000e-02
3.7361891891891892e+00	5.4679400000000003e-02
3.7361941941941943e+00	5.4657799999999999e-02
3.7361991991991994e+00	5.4636100000000000e-02
3.7362042042042045e+00	5.4614500000000003e-02
3.7362092092092092e+00	5.4592900000000000e-02
3.7362142142142143e+00	5.4571399999999999e-02
3.7362192192192194e+00	5.4549800000000002e-02
3.7362242242242245e+00	5.4528199999999999e-02
3.7362292292292292e+00	5.4506699999999998e-02
3.7362342342342343e+00	5.4485199999999998e-02
3.7362392392392394e+00	5.4463699999999997e-02
3.7362442442442445e+00	5.4442200000000003e-02
3.7362492492492492e+00	5.4420700000000002e-02
3.7362542542542543e+00	5.4399200000000002e-02
3.7362592592592594e+00	5.4377799999999997e-02
3.7362642642642645e+00	5.4356300000000003e-02
3.7362692692692692e+00	5.4334899999999998e-02
3.7362742742742743e+00	5.4313500000000001e-02
3.7362792792792794e+00	5.4292100000000003e-02
3.7362842842842845e+00	5.4270699999999998e-02
3.7362892892892896e+00	5.4249400000000003e-02
3.7362942942942943e+00	5.4227999999999998e-02
3.7362992992992994e+00	5.4206699999999997e-02
3.7363043043043045e+00	5.4185299999999999e-02
3.7363093093093096e+00	5.4163999999999997e-02
3.7363143143143143e+00	5.4142700000000002e-02
3.7363193193193194e+00	5.4121400000000000e-02
3.7363243243243245e+00	5.4100200000000001e-02
3.7363293293293296e+00	5.4078899999999999e-02
3.7363343343343343e+00	5.4057700000000000e-02
3.7363393393393394e+00	5.4036399999999998e-02
3.7363443443443445e+00	5.4015199999999999e-02
3.7363493493493496e+00	5.3994000000000000e-02
3.7363543543543543e+00	5.3972800000000001e-02
3.7363593593593594e+00	5.3951699999999998e-02
3.7363643643643645e+00	5.3930499999999999e-02
3.7363693693693696e+00	5.3909300000000000e-02
3.7363743743743747e+00	5.3888199999999997e-02
3.7363793793793794e+00	5.3867100000000001e-02
3.7363843843843845e+00	5.3845999999999998e-02
3.7363893893893896e+00	5.3824900000000002e-02
3.7363943943943947e+00	5.3803799999999999e-02
3.7363993993993994e+00	5.3782700000000003e-02
3.7364044044044045e+00	5.3761700000000003e-02
3.7364094094094096e+00	5.3740700000000002e-02
3.7364144144144147e+00	5.3719599999999999e-02
3.7364194194194194e+00	5.3698599999999999e-02
3.7364244244244245e+00	5.3677599999999999e-02
3.7364294294294296e+00	5.3656599999999999e-02
3.7364344344344347e+00	5.3635700000000001e-02
3.7364394394394393e+00	5.3614700000000001e-02
3.7364444444444445e+00	5.3593799999999997e-02
3.7364494494494496e+00	5.3572900000000000e-02
3.7364544544544547e+00	5.3551900000000000e-02
3.7364594594594598e+00	5.3531000000000002e-02
3.7364644644644645e+00	5.3510200000000001e-02
3.7364694694694696e+00	5.3489299999999997e-02
3.7364744744744747e+00	5.3468399999999999e-02
3.7364794794794798e+00	5.3447599999999998e-02
3.7364844844844844e+00	5.3426700000000001e-02
3.7364894894894896e+00	5.3405899999999999e-02
3.7364944944944947e+00	5.3385099999999998e-02
3.7364994994994998e+00	5.3364300000000003e-02
3.7365045045045044e+00	5.3343599999999998e-02
3.7365095095095096e+00	5.3322799999999997e-02
3.7365145145145147e+00	5.3302000000000002e-02
3.7365195195195198e+00	5.3281299999999997e-02
3.7365245245245244e+00	5.3260599999999998e-02
3.7365295295295295e+00	5.3239900000000000e-02
3.7365345345345347e+00	5.3219200000000001e-02
3.7365395395395398e+00	5.3198500000000003e-02
3.7365445445445444e+00	5.3177799999999997e-02
3.7365495495495495e+00	5.3157200000000002e-02
3.7365545545545547e+00	5.3136500000000003e-02
3.7365595595595598e+00	5.3115900000000001e-02
3.7365645645645649e+00	5.3095299999999998e-02
3.7365695695695695e+00	5.3074700000000002e-02
3.7365745745745746e+00	5.3054100000000000e-02
3.7365795795795798e+00	5.3033499999999997e-02
3.7365845845845849e+00	5.3012999999999998e-02
3.7365895895895895e+00	5.2992400000000002e-02
3.7365945945945946e+00	5.2971900000000002e-02
3.7365995995995998e+00	5.2951400000000003e-02
3.7366046046046049e+00	5.2930900000000003e-02
3.7366096096096095e+00	5.2910400000000003e-02
3.7366146146146146e+00	5.2889899999999997e-02
3.7366196196196197e+00	5.2869399999999997e-02
3.7366246246246249e+00	5.2849000000000000e-02
3.7366296296296295e+00	5.2828500000000000e-02
3.7366346346346346e+00	5.2808099999999997e-02
3.7366396396396397e+00	5.2787700000000000e-02
3.7366446446446449e+00	5.2767300000000003e-02
3.7366496496496500e+00	5.2746899999999999e-02
3.7366546546546546e+00	5.2726500000000003e-02
3.7366596596596597e+00	5.2706200000000002e-02
3.7366646646646648e+00	5.2685799999999998e-02
3.7366696696696700e+00	5.2665499999999997e-02
3.7366746746746746e+00	5.2645200000000003e-02
3.7366796796796797e+00	5.2624900000000002e-02
3.7366846846846848e+00	5.2604600000000001e-02
3.7366896896896900e+00	5.2584300000000000e-02
3.7366946946946946e+00	5.2564100000000002e-02
3.7366996996996997e+00	5.2543800000000002e-02
3.7367047047047048e+00	5.2523599999999997e-02
3.7367097097097099e+00	5.2503300000000003e-02
3.7367147147147146e+00	5.2483099999999998e-02
3.7367197197197197e+00	5.2462900000000000e-02
3.7367247247247248e+00	5.2442799999999998e-02
3.7367297297297299e+00	5.2422600000000000e-02
3.7367347347347351e+00	5.2402400000000002e-02
3.7367397397397397e+00	5.2382300000000000e-02
3.7367447447447448e+00	5.2362199999999998e-02
3.7367497497497499e+00	5.2342000000000000e-02
3.7367547547547550e+00	5.2321899999999998e-02
3.7367597597597597e+00	5.2301899999999998e-02
3.7367647647647648e+00	5.2281800000000003e-02
3.7367697697697699e+00	5.2261700000000001e-02
3.7367747747747750e+00	5.2241700000000002e-02
3.7367797797797797e+00	5.2221600000000000e-02
3.7367847847847848e+00	5.2201600000000001e-02
3.7367897897897899e+00	5.2181600000000002e-02
3.7367947947947950e+00	5.2161600000000002e-02
3.7367997997997997e+00	5.2141600000000003e-02
3.7368048048048048e+00	5.2121700000000000e-02
3.7368098098098099e+00	5.2101700000000001e-02
3.7368148148148150e+00	5.2081799999999998e-02
3.7368198198198201e+00	5.2061900000000001e-02
3.7368248248248248e+00	5.2041900000000002e-02
3.7368298298298299e+00	5.2021999999999999e-02
3.7368348348348350e+00	5.2002199999999998e-02
3.7368398398398401e+00	5.1982300000000002e-02
3.7368448448448448e+00	5.1962399999999999e-02
3.7368498498498499e+00	5.1942599999999998e-02
3.7368548548548550e+00	5.1922700000000002e-02
3.7368598598598601e+00	5.1902900000000002e-02
3.7368648648648648e+00	5.1883100000000001e-02
3.7368698698698699e+00	5.1863300000000001e-02
3.7368748748748750e+00	5.1843599999999997e-02
3.7368798798798801e+00	5.1823800000000003e-02
3.7368848848848848e+00	5.1804000000000003e-02
3.7368898898898899e+00	5.1784299999999998e-02
3.7368948948948950e+00	5.1764600000000001e-02
3.7368998998999001e+00	5.1744900000000003e-02
3.7369049049049048e+00	5.1725199999999999e-02
3.7369099099099099e+00	5.1705500000000001e-02
3.7369149149149150e+00	5.1685799999999997e-02
3.7369199199199201e+00	5.1666200000000002e-02
3.7369249249249252e+00	5.1646499999999998e-02
3.7369299299299299e+00	5.1626900000000003e-02
3.7369349349349350e+00	5.1607300000000002e-02
3.7369399399399401e+00	5.1587700000000000e-02
3.7369449449449452e+00	5.1568099999999999e-02
3.7369499499499499e+00	5.1548499999999997e-02
3.7369549549549550e+00	5.1528900000000002e-02
3.7369599599599601e+00	5.1509399999999997e-02
3.7369649649649652e+00	5.1489899999999998e-02
3.7369699699699699e+00	5.1470299999999997e-02
3.7369749749749750e+00	5.1450799999999998e-02
3.7369799799799801e+00	5.1431299999999999e-02
3.7369849849849852e+00	5.1411900000000003e-02
3.7369899899899899e+00	5.1392399999999998e-02
3.7369949949949950e+00	5.1372899999999999e-02
3.7370000000000001e+00	5.1353500000000003e-02
