3.7320000000000002e+00	7.9975599999999994e-02
3.7320050050050053e+00	7.9934099999999994e-02
3.7320100100100104e+00	7.9892500000000005e-02
3.7320150150150151e+00	7.9850900000000002e-02
3.7320200200200202e+00	7.9809300000000000e-02
3.7320250250250253e+00	7.9767699999999997e-02
3.7320300300300304e+00	7.9726000000000005e-02
3.7320350350350351e+00	7.9684199999999997e-02
3.7320400400400402e+00	7.9642500000000005e-02
3.7320450450450453e+00	7.9600699999999996e-02
3.7320500500500504e+00	7.9558799999999999e-02
3.7320550550550551e+00	7.9516900000000001e-02
3.7320600600600602e+00	7.9474900000000001e-02
3.7320650650650653e+00	7.9432900000000001e-02
3.7320700700700704e+00	7.9390900000000000e-02
3.7320750750750751e+00	7.9348699999999994e-02
3.7320800800800802e+00	7.9306600000000005e-02
3.7320850850850853e+00	7.9264299999999996e-02
3.7320900900900904e+00	7.9222000000000001e-02
3.7320950950950955e+00	7.9179600000000003e-02
3.7321001001001002e+00	7.9137200000000005e-02
3.7321051051051053e+00	7.9094600000000001e-02
3.7321101101101104e+00	7.9051999999999997e-02
3.7321151151151155e+00	7.9009300000000005e-02
3.7321201201201202e+00	7.8966599999999998e-02
3.7321251251251253e+00	7.8923699999999999e-02
3.7321301301301304e+00	7.8880699999999998e-02
3.7321351351351355e+00	7.8837599999999994e-02
3.7321401401401402e+00	7.8794500000000003e-02
3.7321451451451453e+00	7.8751199999999993e-02
3.7321501501501504e+00	7.8707799999999994e-02
3.7321551551551555e+00	7.8664300000000006e-02
3.7321601601601602e+00	7.8620599999999999e-02
3.7321651651651653e+00	7.8576800000000002e-02
3.7321701701701704e+00	7.8532900000000003e-02
3.7321751751751755e+00	7.8488799999999997e-02
3.7321801801801802e+00	7.8444600000000003e-02
3.7321851851851853e+00	7.8400200000000003e-02
3.7321901901901904e+00	7.8355599999999997e-02
3.7321951951951955e+00	7.8310900000000003e-02
3.7322002002002006e+00	7.8266000000000002e-02
3.7322052052052053e+00	7.8220799999999993e-02
3.7322102102102104e+00	7.8175499999999995e-02
3.7322152152152155e+00	7.8129900000000002e-02
3.7322202202202206e+00	7.8084200000000006e-02
3.7322252252252253e+00	7.8038099999999999e-02
3.7322302302302304e+00	7.7991800000000000e-02
3.7322352352352355e+00	7.7945299999999995e-02
3.7322402402402406e+00	7.7898400000000007e-02
3.7322452452452453e+00	7.7851299999999998e-02
3.7322502502502504e+00	7.7803800000000006e-02
3.7322552552552555e+00	7.7756000000000006e-02
3.7322602602602606e+00	7.7707799999999994e-02
3.7322652652652653e+00	7.7659300000000001e-02
3.7322702702702704e+00	7.7610399999999996e-02
3.7322752752752755e+00	7.7561000000000005e-02
3.7322802802802806e+00	7.7511200000000002e-02
3.7322852852852857e+00	7.7460899999999999e-02
3.7322902902902904e+00	7.7410099999999996e-02
3.7322952952952955e+00	7.7358700000000002e-02
3.7323003003003006e+00	7.7306700000000006e-02
3.7323053053053057e+00	7.7254199999999995e-02
3.7323103103103104e+00	7.7201000000000006e-02
3.7323153153153155e+00	7.7146999999999993e-02
3.7323203203203206e+00	7.7092300000000002e-02
3.7323253253253257e+00	7.7036800000000002e-02
3.7323303303303303e+00	7.6980400000000004e-02
3.7323353353353355e+00	7.6923099999999994e-02
3.7323403403403406e+00	7.6864699999999994e-02
3.7323453453453457e+00	7.6805300000000007e-02
3.7323503503503503e+00	7.6744599999999996e-02
3.7323553553553555e+00	7.6682700000000006e-02
3.7323603603603606e+00	7.6619300000000001e-02
3.7323653653653657e+00	7.6554399999999995e-02
3.7323703703703708e+00	7.6487899999999998e-02
3.7323753753753754e+00	7.6419500000000001e-02
3.7323803803803806e+00	7.6349100000000003e-02
3.7323853853853857e+00	7.6276499999999997e-02
3.7323903903903908e+00	7.6201500000000005e-02
3.7323953953953954e+00	7.6123800000000005e-02
3.7324004004004006e+00	7.6043100000000002e-02
3.7324054054054057e+00	7.5958999999999999e-02
3.7324104104104108e+00	7.5871200000000000e-02
3.7324154154154154e+00	7.5779299999999994e-02
3.7324204204204205e+00	7.5682500000000000e-02
3.7324254254254257e+00	7.5580400000000006e-02
3.7324304304304308e+00	7.5472200000000003e-02
3.7324354354354354e+00	7.5356900000000004e-02
3.7324404404404405e+00	7.5233400000000006e-02
3.7324454454454457e+00	7.5100500000000001e-02
3.7324504504504508e+00	7.4956400000000006e-02
3.7324554554554559e+00	7.4799099999999993e-02
3.7324604604604605e+00	7.4625999999999998e-02
3.7324654654654656e+00	7.4433899999999997e-02
3.7324704704704708e+00	7.4218300000000001e-02
3.7324754754754759e+00	7.3973700000000003e-02
3.7324804804804805e+00	7.3692199999999999e-02
3.7324854854854856e+00	7.3363300000000006e-02
3.7324904904904908e+00	7.2971599999999998e-02
3.7324954954954959e+00	7.2494400000000001e-02
3.7325005005005005e+00	7.1896900000000000e-02
3.7325055055055056e+00	7.1121900000000002e-02
3.7325105105105107e+00	7.0069699999999999e-02
3.7325155155155159e+00	6.8548200000000004e-02
3.7325205205205205e+00	6.6135600000000003e-02
3.7325255255255256e+00	6.1690500000000002e-02
3.7325305305305307e+00	5.0714700000000001e-02
3.7325355355355359e+00	3.5230700000000001e-05
3.7325405405405405e+00	1.2560900000000000e-01
3.7325455455455456e+00	9.6569100000000005e-02
3.7325505505505507e+00	8.8980100000000006e-02
3.7325555555555558e+00	8.5481500000000002e-02
3.7325605605605610e+00	8.3459900000000004e-02
3.7325655655655656e+00	8.2136799999999996e-02
3.7325705705705707e+00	8.1198900000000004e-02
3.7325755755755758e+00	8.0495899999999995e-02
3.7325805805805810e+00	7.9946600000000007e-02
3.7325855855855856e+00	7.9503500000000005e-02
3.7325905905905907e+00	7.9136700000000004e-02
3.7325955955955958e+00	7.8826599999999997e-02
3.7326006006006009e+00	7.8559900000000002e-02
3.7326056056056056e+00	7.8326999999999994e-02
3.7326106106106107e+00	7.8120999999999996e-02
3.7326156156156158e+00	7.7936900000000003e-02
3.7326206206206209e+00	7.7770500000000006e-02
3.7326256256256256e+00	7.7618999999999994e-02
3.7326306306306307e+00	7.7479999999999993e-02
3.7326356356356358e+00	7.7351600000000006e-02
3.7326406406406409e+00	7.7232099999999998e-02
3.7326456456456460e+00	7.7120499999999995e-02
3.7326506506506507e+00	7.7015600000000003e-02
3.7326556556556558e+00	7.6916600000000002e-02
3.7326606606606609e+00	7.6822900000000000e-02
3.7326656656656660e+00	7.6733700000000002e-02
3.7326706706706707e+00	7.6648599999999997e-02
3.7326756756756758e+00	7.6567099999999999e-02
3.7326806806806809e+00	7.6488899999999999e-02
3.7326856856856860e+00	7.6413599999999998e-02
3.7326906906906907e+00	7.6340900000000003e-02
3.7326956956956958e+00	7.6270699999999997e-02
3.7327007007007009e+00	7.6202599999999995e-02
3.7327057057057060e+00	7.6136599999999999e-02
3.7327107107107107e+00	7.6072299999999995e-02
3.7327157157157158e+00	7.6009699999999999e-02
3.7327207207207209e+00	7.5948699999999994e-02
3.7327257257257260e+00	7.5888999999999998e-02
3.7327307307307311e+00	7.5830700000000001e-02
3.7327357357357358e+00	7.5773599999999997e-02
3.7327407407407409e+00	7.5717599999999996e-02
3.7327457457457460e+00	7.5662599999999997e-02
3.7327507507507511e+00	7.5608599999999998e-02
3.7327557557557558e+00	7.5555499999999998e-02
3.7327607607607609e+00	7.5503299999999995e-02
3.7327657657657660e+00	7.5451799999999999e-02
3.7327707707707711e+00	7.5401099999999999e-02
3.7327757757757758e+00	7.5351100000000004e-02
3.7327807807807809e+00	7.5301800000000002e-02
3.7327857857857860e+00	7.5253000000000000e-02
3.7327907907907911e+00	7.5204900000000005e-02
3.7327957957957958e+00	7.5157299999999996e-02
3.7328008008008009e+00	7.5110200000000002e-02
3.7328058058058060e+00	7.5063599999999994e-02
3.7328108108108111e+00	7.5017500000000001e-02
3.7328158158158158e+00	7.4971800000000005e-02
3.7328208208208209e+00	7.4926599999999996e-02
3.7328258258258260e+00	7.4881699999999995e-02
3.7328308308308311e+00	7.4837200000000006e-02
3.7328358358358362e+00	7.4793100000000001e-02
3.7328408408408409e+00	7.4749300000000005e-02
3.7328458458458460e+00	7.4705900000000006e-02
3.7328508508508511e+00	7.4662800000000001e-02
3.7328558558558562e+00	7.4619900000000003e-02
3.7328608608608609e+00	7.4577400000000002e-02
3.7328658658658660e+00	7.4535100000000007e-02
3.7328708708708711e+00	7.4493199999999996e-02
3.7328758758758762e+00	7.4451400000000001e-02
3.7328808808808809e+00	7.4409900000000001e-02
3.7328858858858860e+00	7.4368699999999996e-02
3.7328908908908911e+00	7.4327599999999994e-02
3.7328958958958962e+00	7.4286800000000000e-02
3.7329009009009009e+00	7.4246199999999998e-02
3.7329059059059060e+00	7.4205800000000002e-02
3.7329109109109111e+00	7.4165599999999998e-02
3.7329159159159162e+00	7.4125600000000000e-02
3.7329209209209213e+00	7.4085700000000004e-02
3.7329259259259260e+00	7.4046100000000004e-02
3.7329309309309311e+00	7.4006600000000006e-02
3.7329359359359362e+00	7.3967199999999997e-02
3.7329409409409413e+00	7.3927999999999994e-02
3.7329459459459460e+00	7.3888999999999996e-02
3.7329509509509511e+00	7.3850200000000005e-02
3.7329559559559562e+00	7.3811399999999999e-02
3.7329609609609613e+00	7.3772799999999999e-02
3.7329659659659660e+00	7.3734400000000005e-02
3.7329709709709711e+00	7.3696100000000000e-02
3.7329759759759762e+00	7.3657899999999998e-02
3.7329809809809813e+00	7.3619799999999999e-02
3.7329859859859860e+00	7.3581800000000003e-02
3.7329909909909911e+00	7.3543999999999998e-02
3.7329959959959962e+00	7.3506299999999997e-02
3.7330010010010013e+00	7.3468699999999998e-02
3.7330060060060064e+00	7.3431200000000002e-02
3.7330110110110111e+00	7.3393799999999995e-02
3.7330160160160162e+00	7.3356500000000005e-02
3.7330210210210213e+00	7.3319300000000004e-02
3.7330260260260264e+00	7.3282299999999995e-02
3.7330310310310311e+00	7.3245299999999999e-02
3.7330360360360362e+00	7.3208400000000007e-02
3.7330410410410413e+00	7.3171600000000003e-02
3.7330460460460464e+00	7.3134900000000003e-02
3.7330510510510511e+00	7.3098200000000002e-02
3.7330560560560562e+00	7.3061699999999993e-02
3.7330610610610613e+00	7.3025199999999998e-02
3.7330660660660664e+00	7.2988899999999995e-02
3.7330710710710711e+00	7.2952600000000006e-02
3.7330760760760762e+00	7.2916400000000006e-02
3.7330810810810813e+00	7.2880200000000006e-02
3.7330860860860864e+00	7.2844199999999998e-02
3.7330910910910915e+00	7.2808200000000003e-02
3.7330960960960962e+00	7.2772299999999998e-02
3.7331011011011013e+00	7.2736400000000007e-02
3.7331061061061064e+00	7.2700600000000004e-02
3.7331111111111115e+00	7.2664900000000004e-02
3.7331161161161162e+00	7.2629299999999994e-02
3.7331211211211213e+00	7.2593699999999997e-02
3.7331261261261264e+00	7.2558200000000003e-02
3.7331311311311315e+00	7.2522799999999998e-02
3.7331361361361362e+00	7.2487399999999994e-02
3.7331411411411413e+00	7.2452100000000005e-02
3.7331461461461464e+00	7.2416900000000006e-02
3.7331511511511515e+00	7.2381699999999993e-02
3.7331561561561561e+00	7.2346499999999994e-02
3.7331611611611613e+00	7.2311500000000001e-02
3.7331661661661664e+00	7.2276499999999994e-02
3.7331711711711715e+00	7.2241500000000000e-02
3.7331761761761761e+00	7.2206599999999996e-02
3.7331811811811813e+00	7.2171700000000005e-02
3.7331861861861864e+00	7.2136900000000004e-02
3.7331911911911915e+00	7.2102200000000005e-02
3.7331961961961966e+00	7.2067500000000007e-02
3.7332012012012012e+00	7.2032899999999997e-02
3.7332062062062064e+00	7.1998300000000001e-02
3.7332112112112115e+00	7.1963799999999994e-02
3.7332162162162166e+00	7.1929300000000002e-02
3.7332212212212212e+00	7.1894899999999998e-02
3.7332262262262264e+00	7.1860499999999994e-02
3.7332312312312315e+00	7.1826100000000004e-02
3.7332362362362366e+00	7.1791800000000003e-02
3.7332412412412412e+00	7.1757600000000005e-02
3.7332462462462463e+00	7.1723400000000007e-02
3.7332512512512515e+00	7.1689299999999997e-02
3.7332562562562566e+00	7.1655200000000002e-02
3.7332612612612612e+00	7.1621099999999993e-02
3.7332662662662663e+00	7.1587100000000001e-02
3.7332712712712715e+00	7.1553099999999994e-02
3.7332762762762766e+00	7.1519200000000005e-02
3.7332812812812817e+00	7.1485300000000002e-02
3.7332862862862863e+00	7.1451500000000001e-02
3.7332912912912914e+00	7.1417700000000001e-02
3.7332962962962966e+00	7.1383900000000000e-02
3.7333013013013017e+00	7.1350200000000003e-02
3.7333063063063063e+00	7.1316500000000005e-02
3.7333113113113114e+00	7.1282899999999996e-02
3.7333163163163166e+00	7.1249300000000002e-02
3.7333213213213217e+00	7.1215700000000007e-02
3.7333263263263263e+00	7.1182200000000001e-02
3.7333313313313314e+00	7.1148699999999995e-02
3.7333363363363365e+00	7.1115300000000006e-02
3.7333413413413417e+00	7.1081900000000003e-02
3.7333463463463463e+00	7.1048500000000001e-02
3.7333513513513514e+00	7.1015200000000001e-02
3.7333563563563565e+00	7.0981900000000001e-02
3.7333613613613617e+00	7.0948700000000003e-02
3.7333663663663668e+00	7.0915500000000006e-02
3.7333713713713714e+00	7.0882299999999995e-02
3.7333763763763765e+00	7.0849200000000001e-02
3.7333813813813816e+00	7.0816000000000004e-02
3.7333863863863868e+00	7.0782999999999999e-02
3.7333913913913914e+00	7.0749900000000004e-02
3.7333963963963965e+00	7.0717000000000002e-02
3.7334014014014016e+00	7.0683999999999997e-02
3.7334064064064068e+00	7.0651099999999994e-02
3.7334114114114114e+00	7.0618200000000006e-02
3.7334164164164165e+00	7.0585300000000004e-02
3.7334214214214216e+00	7.0552500000000004e-02
3.7334264264264267e+00	7.0519700000000005e-02
3.7334314314314314e+00	7.0486900000000005e-02
3.7334364364364365e+00	7.0454199999999995e-02
3.7334414414414416e+00	7.0421499999999998e-02
3.7334464464464467e+00	7.0388900000000004e-02
3.7334514514514514e+00	7.0356199999999994e-02
3.7334564564564565e+00	7.0323600000000000e-02
3.7334614614614616e+00	7.0291099999999995e-02
3.7334664664664667e+00	7.0258600000000004e-02
3.7334714714714718e+00	7.0226100000000000e-02
3.7334764764764765e+00	7.0193599999999995e-02
3.7334814814814816e+00	7.0161200000000007e-02
3.7334864864864867e+00	7.0128800000000005e-02
3.7334914914914918e+00	7.0096400000000003e-02
3.7334964964964965e+00	7.0064000000000001e-02
3.7335015015015016e+00	7.0031700000000002e-02
3.7335065065065067e+00	6.9999500000000006e-02
3.7335115115115118e+00	6.9967199999999993e-02
3.7335165165165165e+00	6.9934999999999997e-02
3.7335215215215216e+00	6.9902800000000001e-02
3.7335265265265267e+00	6.9870600000000005e-02
3.7335315315315318e+00	6.9838499999999998e-02
3.7335365365365365e+00	6.9806400000000005e-02
3.7335415415415416e+00	6.9774299999999997e-02
3.7335465465465467e+00	6.9742299999999993e-02
3.7335515515515518e+00	6.9710300000000003e-02
3.7335565565565569e+00	6.9678299999999999e-02
3.7335615615615616e+00	6.9646299999999994e-02
3.7335665665665667e+00	6.9614400000000007e-02
3.7335715715715718e+00	6.9582500000000005e-02
3.7335765765765769e+00	6.9550699999999993e-02
3.7335815815815816e+00	6.9518800000000006e-02
3.7335865865865867e+00	6.9486999999999993e-02
3.7335915915915918e+00	6.9455199999999995e-02
3.7335965965965969e+00	6.9423499999999999e-02
3.7336016016016016e+00	6.9391700000000001e-02
3.7336066066066067e+00	6.9360000000000005e-02
3.7336116116116118e+00	6.9328399999999998e-02
3.7336166166166169e+00	6.9296700000000003e-02
3.7336216216216216e+00	6.9265099999999996e-02
3.7336266266266267e+00	6.9233500000000003e-02
3.7336316316316318e+00	6.9202000000000000e-02
3.7336366366366369e+00	6.9170400000000007e-02
3.7336416416416420e+00	6.9138900000000003e-02
3.7336466466466467e+00	6.9107399999999999e-02
3.7336516516516518e+00	6.9075999999999999e-02
3.7336566566566569e+00	6.9044599999999998e-02
3.7336616616616620e+00	6.9013099999999994e-02
3.7336666666666667e+00	6.8981799999999996e-02
3.7336716716716718e+00	6.8950399999999995e-02
3.7336766766766769e+00	6.8919099999999997e-02
3.7336816816816820e+00	6.8887799999999999e-02
3.7336866866866867e+00	6.8856500000000001e-02
3.7336916916916918e+00	6.8825300000000006e-02
3.7336966966966969e+00	6.8794099999999997e-02
3.7337017017017020e+00	6.8762900000000002e-02
3.7337067067067067e+00	6.8731700000000007e-02
3.7337117117117118e+00	6.8700600000000001e-02
3.7337167167167169e+00	6.8669499999999994e-02
3.7337217217217220e+00	6.8638400000000002e-02
3.7337267267267267e+00	6.8607299999999996e-02
3.7337317317317318e+00	6.8576300000000007e-02
3.7337367367367369e+00	6.8545300000000003e-02
3.7337417417417420e+00	6.8514300000000000e-02
3.7337467467467471e+00	6.8483299999999997e-02
3.7337517517517518e+00	6.8452399999999997e-02
3.7337567567567569e+00	6.8421499999999996e-02
3.7337617617617620e+00	6.8390599999999996e-02
3.7337667667667671e+00	6.8359699999999995e-02
3.7337717717717718e+00	6.8328899999999998e-02
3.7337767767767769e+00	6.8298100000000000e-02
3.7337817817817820e+00	6.8267300000000003e-02
3.7337867867867871e+00	6.8236500000000005e-02
3.7337917917917918e+00	6.8205799999999997e-02
3.7337967967967969e+00	6.8174999999999999e-02
3.7338018018018020e+00	6.8144300000000005e-02
3.7338068068068071e+00	6.8113699999999999e-02
3.7338118118118118e+00	6.8083000000000005e-02
3.7338168168168169e+00	6.8052399999999999e-02
3.7338218218218220e+00	6.8021799999999993e-02
3.7338268268268271e+00	6.7991300000000005e-02
3.7338318318318322e+00	6.7960699999999999e-02
3.7338368368368369e+00	6.7930199999999996e-02
3.7338418418418420e+00	6.7899699999999993e-02
3.7338468468468471e+00	6.7869200000000005e-02
3.7338518518518522e+00	6.7838800000000005e-02
3.7338568568568569e+00	6.7808300000000002e-02
3.7338618618618620e+00	6.7777900000000002e-02
3.7338668668668671e+00	6.7747500000000002e-02
3.7338718718718722e+00	6.7717200000000005e-02
3.7338768768768769e+00	6.7686800000000005e-02
3.7338818818818820e+00	6.7656499999999994e-02
3.7338868868868871e+00	6.7626199999999997e-02
3.7338918918918922e+00	6.7596000000000003e-02
3.7338968968968969e+00	6.7565700000000006e-02
3.7339019019019020e+00	6.7535499999999998e-02
3.7339069069069071e+00	6.7505300000000004e-02
3.7339119119119122e+00	6.7475099999999996e-02
3.7339169169169173e+00	6.7445000000000005e-02
3.7339219219219220e+00	6.7414900000000000e-02
3.7339269269269271e+00	6.7384799999999995e-02
3.7339319319319322e+00	6.7354700000000003e-02
3.7339369369369373e+00	6.7324599999999998e-02
3.7339419419419420e+00	6.7294599999999996e-02
3.7339469469469471e+00	6.7264599999999994e-02
3.7339519519519522e+00	6.7234600000000005e-02
3.7339569569569573e+00	6.7204600000000003e-02
3.7339619619619620e+00	6.7174700000000004e-02
3.7339669669669671e+00	6.7144700000000002e-02
3.7339719719719722e+00	6.7114800000000002e-02
3.7339769769769773e+00	6.7085000000000006e-02
3.7339819819819819e+00	6.7055100000000006e-02
3.7339869869869871e+00	6.7025299999999996e-02
3.7339919919919922e+00	6.6995499999999999e-02
3.7339969969969973e+00	6.6965700000000003e-02
3.7340020020020024e+00	6.6935900000000007e-02
3.7340070070070071e+00	6.6906199999999999e-02
3.7340120120120122e+00	6.6876400000000003e-02
3.7340170170170173e+00	6.6846699999999995e-02
3.7340220220220224e+00	6.6817100000000004e-02
3.7340270270270270e+00	6.6787399999999997e-02
3.7340320320320322e+00	6.6757800000000006e-02
3.7340370370370373e+00	6.6728200000000001e-02
3.7340420420420424e+00	6.6698599999999997e-02
3.7340470470470470e+00	6.6669000000000006e-02
3.7340520520520522e+00	6.6639400000000001e-02
3.7340570570570573e+00	6.6609900000000000e-02
3.7340620620620624e+00	6.6580399999999998e-02
3.7340670670670670e+00	6.6550899999999996e-02
3.7340720720720721e+00	6.6521499999999997e-02
3.7340770770770773e+00	6.6491999999999996e-02
3.7340820820820824e+00	6.6462599999999997e-02
3.7340870870870870e+00	6.6433199999999998e-02
3.7340920920920921e+00	6.6403799999999999e-02
3.7340970970970973e+00	6.6374500000000003e-02
3.7341021021021024e+00	6.6345100000000004e-02
3.7341071071071075e+00	6.6315799999999994e-02
3.7341121121121121e+00	6.6286499999999998e-02
3.7341171171171172e+00	6.6257300000000005e-02
3.7341221221221224e+00	6.6227999999999995e-02
3.7341271271271275e+00	6.6198800000000002e-02
3.7341321321321321e+00	6.6169599999999995e-02
3.7341371371371372e+00	6.6140400000000002e-02
3.7341421421421424e+00	6.6111199999999995e-02
3.7341471471471475e+00	6.6082100000000005e-02
3.7341521521521521e+00	6.6053000000000001e-02
3.7341571571571572e+00	6.6023899999999996e-02
3.7341621621621623e+00	6.5994800000000006e-02
3.7341671671671675e+00	6.5965700000000002e-02
3.7341721721721721e+00	6.5936700000000001e-02
3.7341771771771772e+00	6.5907700000000000e-02
3.7341821821821823e+00	6.5878699999999998e-02
3.7341871871871875e+00	6.5849699999999997e-02
3.7341921921921926e+00	6.5820699999999996e-02
3.7341971971971972e+00	6.5791799999999998e-02
3.7342022022022023e+00	6.5762899999999999e-02
3.7342072072072074e+00	6.5734000000000001e-02
3.7342122122122126e+00	6.5705100000000002e-02
3.7342172172172172e+00	6.5676300000000007e-02
3.7342222222222223e+00	6.5647399999999995e-02
3.7342272272272274e+00	6.5618599999999999e-02
3.7342322322322326e+00	6.5589800000000004e-02
3.7342372372372372e+00	6.5561099999999997e-02
3.7342422422422423e+00	6.5532300000000002e-02
3.7342472472472474e+00	6.5503599999999995e-02
3.7342522522522525e+00	6.5474900000000003e-02
3.7342572572572572e+00	6.5446199999999996e-02
3.7342622622622623e+00	6.5417500000000003e-02
3.7342672672672674e+00	6.5388900000000000e-02
3.7342722722722725e+00	6.5360199999999993e-02
3.7342772772772777e+00	6.5331600000000004e-02
3.7342822822822823e+00	6.5303000000000000e-02
3.7342872872872874e+00	6.5274499999999999e-02
3.7342922922922925e+00	6.5245899999999996e-02
3.7342972972972976e+00	6.5217399999999995e-02
3.7343023023023023e+00	6.5188899999999994e-02
3.7343073073073074e+00	6.5160399999999993e-02
3.7343123123123125e+00	6.5131900000000006e-02
3.7343173173173176e+00	6.5103499999999995e-02
3.7343223223223223e+00	6.5074999999999994e-02
3.7343273273273274e+00	6.5046599999999996e-02
3.7343323323323325e+00	6.5018199999999998e-02
3.7343373373373376e+00	6.4989900000000003e-02
3.7343423423423423e+00	6.4961500000000005e-02
3.7343473473473474e+00	6.4933199999999996e-02
3.7343523523523525e+00	6.4904900000000001e-02
3.7343573573573576e+00	6.4876600000000006e-02
3.7343623623623623e+00	6.4848299999999998e-02
3.7343673673673674e+00	6.4820100000000005e-02
3.7343723723723725e+00	6.4791799999999997e-02
3.7343773773773776e+00	6.4763600000000004e-02
3.7343823823823827e+00	6.4735399999999998e-02
3.7343873873873874e+00	6.4707299999999995e-02
3.7343923923923925e+00	6.4679100000000003e-02
3.7343973973973976e+00	6.4651000000000000e-02
3.7344024024024027e+00	6.4622899999999997e-02
3.7344074074074074e+00	6.4594799999999994e-02
3.7344124124124125e+00	6.4566700000000005e-02
3.7344174174174176e+00	6.4538700000000004e-02
3.7344224224224227e+00	6.4510600000000001e-02
3.7344274274274274e+00	6.4482600000000001e-02
3.7344324324324325e+00	6.4454600000000001e-02
3.7344374374374376e+00	6.4426600000000001e-02
3.7344424424424427e+00	6.4398700000000003e-02
3.7344474474474474e+00	6.4370700000000003e-02
3.7344524524524525e+00	6.4342800000000006e-02
3.7344574574574576e+00	6.4314899999999994e-02
3.7344624624624627e+00	6.4286999999999997e-02
3.7344674674674678e+00	6.4259200000000002e-02
3.7344724724724725e+00	6.4231300000000005e-02
3.7344774774774776e+00	6.4203499999999997e-02
3.7344824824824827e+00	6.4175700000000002e-02
3.7344874874874878e+00	6.4147899999999994e-02
3.7344924924924925e+00	6.4120099999999999e-02
3.7344974974974976e+00	6.4092399999999994e-02
3.7345025025025027e+00	6.4064700000000002e-02
3.7345075075075078e+00	6.4036999999999997e-02
3.7345125125125125e+00	6.4009300000000005e-02
3.7345175175175176e+00	6.3981600000000000e-02
3.7345225225225227e+00	6.3953899999999994e-02
3.7345275275275278e+00	6.3926300000000005e-02
3.7345325325325325e+00	6.3898700000000003e-02
3.7345375375375376e+00	6.3871100000000000e-02
3.7345425425425427e+00	6.3843499999999997e-02
3.7345475475475478e+00	6.3815999999999998e-02
3.7345525525525529e+00	6.3788399999999995e-02
3.7345575575575576e+00	6.3760899999999995e-02
3.7345625625625627e+00	6.3733399999999996e-02
3.7345675675675678e+00	6.3705899999999996e-02
3.7345725725725729e+00	6.3678499999999999e-02
3.7345775775775776e+00	6.3650999999999999e-02
3.7345825825825827e+00	6.3623600000000002e-02
3.7345875875875878e+00	6.3596200000000006e-02
3.7345925925925929e+00	6.3568799999999995e-02
3.7345975975975976e+00	6.3541399999999998e-02
3.7346026026026027e+00	6.3514100000000004e-02
3.7346076076076078e+00	6.3486699999999993e-02
3.7346126126126129e+00	6.3459399999999999e-02
3.7346176176176176e+00	6.3432100000000005e-02
3.7346226226226227e+00	6.3404799999999997e-02
3.7346276276276278e+00	6.3377600000000006e-02
3.7346326326326329e+00	6.3350299999999998e-02
3.7346376376376380e+00	6.3323099999999993e-02
3.7346426426426427e+00	6.3295900000000002e-02
3.7346476476476478e+00	6.3268699999999997e-02
3.7346526526526529e+00	6.3241500000000006e-02
3.7346576576576580e+00	6.3214400000000004e-02
3.7346626626626627e+00	6.3187300000000002e-02
3.7346676676676678e+00	6.3160200000000000e-02
3.7346726726726729e+00	6.3133099999999998e-02
3.7346776776776780e+00	6.3105999999999995e-02
3.7346826826826827e+00	6.3078899999999993e-02
3.7346876876876878e+00	6.3051899999999994e-02
3.7346926926926929e+00	6.3024899999999995e-02
3.7346976976976980e+00	6.2997899999999996e-02
3.7347027027027027e+00	6.2970899999999996e-02
3.7347077077077078e+00	6.2943899999999997e-02
3.7347127127127129e+00	6.2917000000000001e-02
3.7347177177177180e+00	6.2890000000000001e-02
3.7347227227227227e+00	6.2863100000000005e-02
3.7347277277277278e+00	6.2836199999999995e-02
3.7347327327327329e+00	6.2809299999999998e-02
3.7347377377377380e+00	6.2782500000000005e-02
3.7347427427427431e+00	6.2755599999999995e-02
3.7347477477477478e+00	6.2728800000000001e-02
3.7347527527527529e+00	6.2701999999999994e-02
3.7347577577577580e+00	6.2675200000000000e-02
3.7347627627627631e+00	6.2648499999999996e-02
3.7347677677677678e+00	6.2621700000000002e-02
3.7347727727727729e+00	6.2594999999999998e-02
3.7347777777777780e+00	6.2568299999999993e-02
3.7347827827827831e+00	6.2541600000000003e-02
3.7347877877877877e+00	6.2514899999999998e-02
3.7347927927927929e+00	6.2488200000000001e-02
3.7347977977977980e+00	6.2461599999999999e-02
3.7348028028028031e+00	6.2434999999999997e-02
3.7348078078078077e+00	6.2408400000000003e-02
3.7348128128128129e+00	6.2381800000000001e-02
3.7348178178178180e+00	6.2355200000000000e-02
3.7348228228228231e+00	6.2328599999999998e-02
3.7348278278278282e+00	6.2302099999999999e-02
3.7348328328328328e+00	6.2275600000000000e-02
3.7348378378378380e+00	6.2249100000000002e-02
3.7348428428428431e+00	6.2222600000000003e-02
3.7348478478478482e+00	6.2196099999999997e-02
3.7348528528528528e+00	6.2169700000000001e-02
3.7348578578578580e+00	6.2143299999999999e-02
3.7348628628628631e+00	6.2116800000000000e-02
3.7348678678678682e+00	6.2090399999999997e-02
3.7348728728728728e+00	6.2064099999999997e-02
3.7348778778778779e+00	6.2037700000000001e-02
3.7348828828828831e+00	6.2011400000000001e-02
3.7348878878878882e+00	6.1984999999999998e-02
3.7348928928928928e+00	6.1958699999999998e-02
3.7348978978978979e+00	6.1932399999999999e-02
3.7349029029029031e+00	6.1906200000000002e-02
3.7349079079079082e+00	6.1879900000000002e-02
3.7349129129129133e+00	6.1853699999999998e-02
3.7349179179179179e+00	6.1827500000000001e-02
3.7349229229229230e+00	6.1801300000000003e-02
3.7349279279279282e+00	6.1775099999999999e-02
3.7349329329329333e+00	6.1748900000000002e-02
3.7349379379379379e+00	6.1722699999999998e-02
3.7349429429429430e+00	6.1696599999999997e-02
3.7349479479479482e+00	6.1670500000000003e-02
3.7349529529529533e+00	6.1644400000000002e-02
3.7349579579579579e+00	6.1618300000000001e-02
3.7349629629629630e+00	6.1592300000000003e-02
3.7349679679679681e+00	6.1566200000000001e-02
3.7349729729729733e+00	6.1540200000000003e-02
3.7349779779779779e+00	6.1514199999999998e-02
3.7349829829829830e+00	6.1488200000000000e-02
3.7349879879879881e+00	6.1462200000000002e-02
3.7349929929929933e+00	6.1436200000000003e-02
3.7349979979979979e+00	6.1410300000000001e-02
3.7350030030030030e+00	6.1384399999999999e-02
3.7350080080080081e+00	6.1358400000000000e-02
3.7350130130130132e+00	6.1332600000000001e-02
3.7350180180180184e+00	6.1306699999999999e-02
3.7350230230230230e+00	6.1280800000000003e-02
3.7350280280280281e+00	6.1254999999999997e-02
3.7350330330330332e+00	6.1229199999999998e-02
3.7350380380380384e+00	6.1203300000000002e-02
3.7350430430430430e+00	6.1177599999999999e-02
3.7350480480480481e+00	6.1151799999999999e-02
3.7350530530530532e+00	6.1126000000000000e-02
3.7350580580580584e+00	6.1100300000000003e-02
3.7350630630630630e+00	6.1074600000000000e-02
3.7350680680680681e+00	6.1048900000000003e-02
3.7350730730730732e+00	6.1023200000000000e-02
3.7350780780780783e+00	6.0997500000000003e-02
3.7350830830830830e+00	6.0971800000000000e-02
3.7350880880880881e+00	6.0946199999999999e-02
3.7350930930930932e+00	6.0920599999999998e-02
3.7350980980980983e+00	6.0894999999999998e-02
3.7351031031031035e+00	6.0869399999999997e-02
3.7351081081081081e+00	6.0843800000000003e-02
3.7351131131131132e+00	6.0818299999999999e-02
3.7351181181181183e+00	6.0792699999999998e-02
3.7351231231231234e+00	6.0767200000000000e-02
3.7351281281281281e+00	6.0741700000000003e-02
3.7351331331331332e+00	6.0716199999999998e-02
3.7351381381381383e+00	6.0690700000000000e-02
3.7351431431431434e+00	6.0665299999999998e-02
3.7351481481481481e+00	6.0639800000000001e-02
3.7351531531531532e+00	6.0614399999999999e-02
3.7351581581581583e+00	6.0588999999999997e-02
3.7351631631631634e+00	6.0563600000000002e-02
3.7351681681681681e+00	6.0538300000000003e-02
3.7351731731731732e+00	6.0512900000000001e-02
3.7351781781781783e+00	6.0487600000000002e-02
3.7351831831831834e+00	6.0462299999999997e-02
3.7351881881881885e+00	6.0436999999999998e-02
3.7351931931931932e+00	6.0411699999999999e-02
3.7351981981981983e+00	6.0386400000000000e-02
3.7352032032032034e+00	6.0361100000000001e-02
3.7352082082082085e+00	6.0335899999999998e-02
3.7352132132132132e+00	6.0310700000000002e-02
3.7352182182182183e+00	6.0285499999999999e-02
3.7352232232232234e+00	6.0260300000000003e-02
3.7352282282282285e+00	6.0235100000000000e-02
3.7352332332332332e+00	6.0210000000000000e-02
3.7352382382382383e+00	6.0184799999999997e-02
3.7352432432432434e+00	6.0159700000000003e-02
3.7352482482482485e+00	6.0134600000000003e-02
3.7352532532532532e+00	6.0109500000000003e-02
3.7352582582582583e+00	6.0084400000000003e-02
3.7352632632632634e+00	6.0059399999999999e-02
3.7352682682682685e+00	6.0034299999999999e-02
3.7352732732732736e+00	6.0009300000000002e-02
3.7352782782782783e+00	5.9984299999999997e-02
3.7352832832832834e+00	5.9959300000000000e-02
3.7352882882882885e+00	5.9934300000000003e-02
3.7352932932932936e+00	5.9909400000000002e-02
3.7352982982982983e+00	5.9884399999999997e-02
3.7353033033033034e+00	5.9859500000000003e-02
3.7353083083083085e+00	5.9834600000000002e-02
3.7353133133133136e+00	5.9809700000000000e-02
3.7353183183183183e+00	5.9784799999999999e-02
3.7353233233233234e+00	5.9759899999999998e-02
3.7353283283283285e+00	5.9735099999999999e-02
3.7353333333333336e+00	5.9710300000000001e-02
3.7353383383383383e+00	5.9685500000000002e-02
3.7353433433433434e+00	5.9660699999999997e-02
3.7353483483483485e+00	5.9635899999999999e-02
3.7353533533533536e+00	5.9611100000000000e-02
3.7353583583583583e+00	5.9586399999999998e-02
3.7353633633633634e+00	5.9561599999999999e-02
3.7353683683683685e+00	5.9536899999999997e-02
3.7353733733733736e+00	5.9512200000000001e-02
3.7353783783783787e+00	5.9487499999999999e-02
3.7353833833833834e+00	5.9462800000000003e-02
3.7353883883883885e+00	5.9438199999999997e-02
3.7353933933933936e+00	5.9413599999999997e-02
3.7353983983983987e+00	5.9388900000000001e-02
3.7354034034034034e+00	5.9364300000000002e-02
3.7354084084084085e+00	5.9339700000000002e-02
3.7354134134134136e+00	5.9315199999999998e-02
3.7354184184184187e+00	5.9290599999999999e-02
3.7354234234234234e+00	5.9266100000000002e-02
3.7354284284284285e+00	5.9241500000000002e-02
3.7354334334334336e+00	5.9216999999999999e-02
3.7354384384384387e+00	5.9192500000000002e-02
3.7354434434434434e+00	5.9168100000000001e-02
3.7354484484484485e+00	5.9143599999999998e-02
3.7354534534534536e+00	5.9119100000000001e-02
3.7354584584584587e+00	5.9094700000000000e-02
3.7354634634634638e+00	5.9070299999999999e-02
3.7354684684684685e+00	5.9045899999999998e-02
3.7354734734734736e+00	5.9021499999999998e-02
3.7354784784784787e+00	5.8997200000000000e-02
3.7354834834834838e+00	5.8972799999999999e-02
3.7354884884884885e+00	5.8948500000000001e-02
3.7354934934934936e+00	5.8924100000000000e-02
3.7354984984984987e+00	5.8899800000000002e-02
3.7355035035035038e+00	5.8875499999999997e-02
3.7355085085085085e+00	5.8851300000000002e-02
3.7355135135135136e+00	5.8826999999999997e-02
3.7355185185185187e+00	5.8802800000000002e-02
3.7355235235235238e+00	5.8778499999999997e-02
3.7355285285285285e+00	5.8754300000000002e-02
3.7355335335335336e+00	5.8730100000000000e-02
3.7355385385385387e+00	5.8706000000000001e-02
3.7355435435435438e+00	5.8681799999999999e-02
3.7355485485485489e+00	5.8657599999999997e-02
3.7355535535535536e+00	5.8633499999999998e-02
3.7355585585585587e+00	5.8609399999999999e-02
3.7355635635635638e+00	5.8585300000000000e-02
3.7355685685685689e+00	5.8561200000000001e-02
3.7355735735735736e+00	5.8537100000000002e-02
3.7355785785785787e+00	5.8513099999999998e-02
3.7355835835835838e+00	5.8488999999999999e-02
3.7355885885885889e+00	5.8465000000000003e-02
3.7355935935935936e+00	5.8441000000000000e-02
3.7355985985985987e+00	5.8416999999999997e-02
3.7356036036036038e+00	5.8393000000000000e-02
3.7356086086086089e+00	5.8369100000000000e-02
3.7356136136136135e+00	5.8345099999999997e-02
3.7356186186186187e+00	5.8321199999999997e-02
3.7356236236236238e+00	5.8297300000000003e-02
3.7356286286286289e+00	5.8273400000000003e-02
3.7356336336336335e+00	5.8249500000000003e-02
3.7356386386386387e+00	5.8225600000000002e-02
3.7356436436436438e+00	5.8201799999999998e-02
3.7356486486486489e+00	5.8177899999999998e-02
3.7356536536536540e+00	5.8154100000000000e-02
3.7356586586586586e+00	5.8130300000000003e-02
3.7356636636636638e+00	5.8106499999999998e-02
3.7356686686686689e+00	5.8082700000000001e-02
3.7356736736736740e+00	5.8058999999999999e-02
3.7356786786786786e+00	5.8035200000000002e-02
3.7356836836836838e+00	5.8011500000000001e-02
3.7356886886886889e+00	5.7987799999999999e-02
3.7356936936936940e+00	5.7964099999999998e-02
3.7356986986986986e+00	5.7940400000000003e-02
3.7357037037037037e+00	5.7916700000000002e-02
3.7357087087087089e+00	5.7893000000000000e-02
3.7357137137137140e+00	5.7869400000000001e-02
3.7357187187187186e+00	5.7845800000000003e-02
3.7357237237237237e+00	5.7822199999999997e-02
3.7357287287287289e+00	5.7798599999999999e-02
3.7357337337337340e+00	5.7775000000000000e-02
3.7357387387387391e+00	5.7751400000000001e-02
3.7357437437437437e+00	5.7727899999999999e-02
3.7357487487487488e+00	5.7704300000000000e-02
3.7357537537537540e+00	5.7680799999999997e-02
3.7357587587587591e+00	5.7657300000000002e-02
3.7357637637637637e+00	5.7633799999999999e-02
3.7357687687687688e+00	5.7610399999999999e-02
3.7357737737737740e+00	5.7586900000000003e-02
3.7357787787787791e+00	5.7563400000000001e-02
3.7357837837837837e+00	5.7540000000000001e-02
3.7357887887887888e+00	5.7516600000000001e-02
3.7357937937937939e+00	5.7493200000000001e-02
3.7357987987987991e+00	5.7469800000000001e-02
3.7358038038038037e+00	5.7446400000000002e-02
3.7358088088088088e+00	5.7423099999999998e-02
3.7358138138138139e+00	5.7399800000000001e-02
3.7358188188188191e+00	5.7376400000000001e-02
3.7358238238238242e+00	5.7353099999999997e-02
3.7358288288288288e+00	5.7329800000000000e-02
3.7358338338338339e+00	5.7306500000000003e-02
3.7358388388388390e+00	5.7283300000000002e-02
3.7358438438438442e+00	5.7259999999999998e-02
3.7358488488488488e+00	5.7236799999999997e-02
3.7358538538538539e+00	5.7213600000000003e-02
3.7358588588588590e+00	5.7190400000000002e-02
3.7358638638638642e+00	5.7167200000000001e-02
3.7358688688688688e+00	5.7144000000000000e-02
3.7358738738738739e+00	5.7120799999999999e-02
3.7358788788788790e+00	5.7097700000000001e-02
3.7358838838838841e+00	5.7074600000000003e-02
3.7358888888888888e+00	5.7051400000000002e-02
3.7358938938938939e+00	5.7028299999999997e-02
3.7358988988988990e+00	5.7005199999999999e-02
3.7359039039039041e+00	5.6982199999999997e-02
3.7359089089089093e+00	5.6959099999999999e-02
3.7359139139139139e+00	5.6936100000000003e-02
3.7359189189189190e+00	5.6912999999999998e-02
3.7359239239239241e+00	5.6890000000000003e-02
3.7359289289289292e+00	5.6867000000000001e-02
3.7359339339339339e+00	5.6843999999999999e-02
3.7359389389389390e+00	5.6821099999999999e-02
3.7359439439439441e+00	5.6798099999999997e-02
3.7359489489489492e+00	5.6775199999999998e-02
3.7359539539539539e+00	5.6752299999999999e-02
3.7359589589589590e+00	5.6729300000000003e-02
3.7359639639639641e+00	5.6706500000000000e-02
3.7359689689689692e+00	5.6683600000000001e-02
3.7359739739739739e+00	5.6660700000000001e-02
3.7359789789789790e+00	5.6637800000000002e-02
3.7359839839839841e+00	5.6614999999999999e-02
3.7359889889889892e+00	5.6592200000000002e-02
3.7359939939939939e+00	5.6569399999999999e-02
3.7359989989989990e+00	5.6546600000000002e-02
3.7360040040040041e+00	5.6523799999999999e-02
3.7360090090090092e+00	5.6501000000000003e-02
3.7360140140140143e+00	5.6478300000000002e-02
3.7360190190190190e+00	5.6455600000000002e-02
3.7360240240240241e+00	5.6432799999999998e-02
3.7360290290290292e+00	5.6410099999999998e-02
3.7360340340340343e+00	5.6387399999999997e-02
3.7360390390390390e+00	5.6364800000000000e-02
3.7360440440440441e+00	5.6342099999999999e-02
3.7360490490490492e+00	5.6319399999999999e-02
3.7360540540540543e+00	5.6296800000000001e-02
3.7360590590590590e+00	5.6274200000000003e-02
3.7360640640640641e+00	5.6251599999999999e-02
3.7360690690690692e+00	5.6229000000000001e-02
3.7360740740740743e+00	5.6206399999999997e-02
3.7360790790790790e+00	5.6183799999999999e-02
3.7360840840840841e+00	5.6161299999999997e-02
3.7360890890890892e+00	5.6138800000000003e-02
3.7360940940940943e+00	5.6116199999999998e-02
3.7360990990990994e+00	5.6093700000000003e-02
3.7361041041041041e+00	5.6071200000000002e-02
3.7361091091091092e+00	5.6048800000000003e-02
3.7361141141141143e+00	5.6026300000000001e-02
3.7361191191191194e+00	5.6003900000000002e-02
3.7361241241241241e+00	5.5981400000000001e-02
3.7361291291291292e+00	5.5959000000000002e-02
3.7361341341341343e+00	5.5936600000000003e-02
3.7361391391391394e+00	5.5914199999999997e-02
3.7361441441441441e+00	5.5891799999999998e-02
3.7361491491491492e+00	5.5869500000000002e-02
3.7361541541541543e+00	5.5847099999999997e-02
3.7361591591591594e+00	5.5824800000000001e-02
3.7361641641641641e+00	5.5802499999999998e-02
3.7361691691691692e+00	5.5780200000000002e-02
3.7361741741741743e+00	5.5757899999999999e-02
3.7361791791791794e+00	5.5735600000000003e-02
3.7361841841841845e+00	5.5713300000000000e-02
3.7361891891891892e+00	5.5691100000000000e-02
3.7361941941941943e+00	5.5668900000000000e-02
3.7361991991991994e+00	5.5646599999999997e-02
3.7362042042042045e+00	5.5624399999999997e-02
3.7362092092092092e+00	5.5602199999999997e-02
3.7362142142142143e+00	5.5580100000000000e-02
3.7362192192192194e+00	5.5557900000000000e-02
3.7362242242242245e+00	5.5535700000000000e-02
3.7362292292292292e+00	5.5513600000000003e-02
3.7362342342342343e+00	5.5491499999999999e-02
3.7362392392392394e+00	5.5469400000000002e-02
3.7362442442442445e+00	5.5447299999999998e-02
3.7362492492492492e+00	5.5425200000000001e-02
3.7362542542542543e+00	5.5403099999999997e-02
3.7362592592592594e+00	5.5381100000000003e-02
3.7362642642642645e+00	5.5359100000000001e-02
3.7362692692692692e+00	5.5336999999999997e-02
3.7362742742742743e+00	5.5315000000000003e-02
3.7362792792792794e+00	5.5293000000000002e-02
3.7362842842842845e+00	5.5271000000000001e-02
3.7362892892892896e+00	5.5249100000000002e-02
3.7362942942942943e+00	5.5227100000000001e-02
3.7362992992992994e+00	5.5205200000000003e-02
3.7363043043043045e+00	5.5183299999999998e-02
3.7363093093093096e+00	5.5161399999999999e-02
3.7363143143143143e+00	5.5139500000000001e-02
3.7363193193193194e+00	5.5117600000000003e-02
3.7363243243243245e+00	5.5095699999999997e-02
3.7363293293293296e+00	5.5073900000000002e-02
3.7363343343343343e+00	5.5051999999999997e-02
3.7363393393393394e+00	5.5030200000000001e-02
3.7363443443443445e+00	5.5008399999999999e-02
3.7363493493493496e+00	5.4986599999999997e-02
3.7363543543543543e+00	5.4964800000000001e-02
3.7363593593593594e+00	5.4942999999999999e-02
3.7363643643643645e+00	5.4921299999999999e-02
3.7363693693693696e+00	5.4899499999999997e-02
3.7363743743743747e+00	5.4877799999999997e-02
3.7363793793793794e+00	5.4856099999999998e-02
3.7363843843843845e+00	5.4834399999999998e-02
3.7363893893893896e+00	5.4812699999999999e-02
3.7363943943943947e+00	5.4790999999999999e-02
3.7363993993993994e+00	5.4769300000000000e-02
3.7364044044044045e+00	5.4747700000000003e-02
3.7364094094094096e+00	5.4726100000000000e-02
3.7364144144144147e+00	5.4704400000000000e-02
3.7364194194194194e+00	5.4682799999999997e-02
3.7364244244244245e+00	5.4661300000000003e-02
3.7364294294294296e+00	5.4639699999999999e-02
3.7364344344344347e+00	5.4618100000000003e-02
3.7364394394394393e+00	5.4596600000000002e-02
3.7364444444444445e+00	5.4574999999999999e-02
3.7364494494494496e+00	5.4553499999999998e-02
3.7364544544544547e+00	5.4531999999999997e-02
3.7364594594594598e+00	5.4510500000000003e-02
3.7364644644644645e+00	5.4489000000000003e-02
3.7364694694694696e+00	5.4467599999999998e-02
3.7364744744744747e+00	5.4446099999999997e-02
3.7364794794794798e+00	5.4424699999999999e-02
3.7364844844844844e+00	5.4403199999999999e-02
3.7364894894894896e+00	5.4381800000000001e-02
3.7364944944944947e+00	5.4360400000000003e-02
3.7364994994994998e+00	5.4338999999999998e-02
3.7365045045045044e+00	5.4317699999999997e-02
3.7365095095095096e+00	5.4296299999999999e-02
3.7365145145145147e+00	5.4274999999999997e-02
3.7365195195195198e+00	5.4253599999999999e-02
3.7365245245245244e+00	5.4232299999999997e-02
3.7365295295295295e+00	5.4211000000000002e-02
3.7365345345345347e+00	5.4189700000000000e-02
3.7365395395395398e+00	5.4168399999999998e-02
3.7365445445445444e+00	5.4147199999999999e-02
3.7365495495495495e+00	5.4125899999999998e-02
3.7365545545545547e+00	5.4104699999999999e-02
3.7365595595595598e+00	5.4083500000000000e-02
3.7365645645645649e+00	5.4062300000000001e-02
3.7365695695695695e+00	5.4041100000000002e-02
3.7365745745745746e+00	5.4019900000000003e-02
3.7365795795795798e+00	5.3998699999999997e-02
3.7365845845845849e+00	5.3977600000000001e-02
3.7365895895895895e+00	5.3956400000000002e-02
3.7365945945945946e+00	5.3935299999999999e-02
3.7365995995995998e+00	5.3914200000000002e-02
3.7366046046046049e+00	5.3893099999999999e-02
3.7366096096096095e+00	5.3872000000000003e-02
3.7366146146146146e+00	5.3850900000000000e-02
3.7366196196196197e+00	5.3829900000000000e-02
3.7366246246246249e+00	5.3808799999999997e-02
3.7366296296296295e+00	5.3787799999999997e-02
3.7366346346346346e+00	5.3766799999999997e-02
3.7366396396396397e+00	5.3745800000000003e-02
3.7366446446446449e+00	5.3724800000000003e-02
3.7366496496496500e+00	5.3703800000000003e-02
3.7366546546546546e+00	5.3682899999999999e-02
3.7366596596596597e+00	5.3661899999999998e-02
3.7366646646646648e+00	5.3641000000000001e-02
3.7366696696696700e+00	5.3620099999999997e-02
3.7366746746746746e+00	5.3599099999999997e-02
3.7366796796796797e+00	5.3578300000000002e-02
3.7366846846846848e+00	5.3557399999999998e-02
3.7366896896896900e+00	5.3536500000000001e-02
3.7366946946946946e+00	5.3515600000000003e-02
3.7366996996996997e+00	5.3494800000000002e-02
3.7367047047047048e+00	5.3474000000000001e-02
3.7367097097097099e+00	5.3453199999999999e-02
3.7367147147147146e+00	5.3432399999999998e-02
3.7367197197197197e+00	5.3411599999999997e-02
3.7367247247247248e+00	5.3390800000000002e-02
3.7367297297297299e+00	5.3370000000000001e-02
3.7367347347347351e+00	5.3349300000000002e-02
3.7367397397397397e+00	5.3328599999999997e-02
3.7367447447447448e+00	5.3307800000000002e-02
3.7367497497497499e+00	5.3287099999999997e-02
3.7367547547547550e+00	5.3266399999999998e-02
3.7367597597597597e+00	5.3245800000000003e-02
3.7367647647647648e+00	5.3225099999999997e-02
3.7367697697697699e+00	5.3204399999999999e-02
3.7367747747747750e+00	5.3183800000000003e-02
3.7367797797797797e+00	5.3163200000000001e-02
3.7367847847847848e+00	5.3142599999999998e-02
3.7367897897897899e+00	5.3122000000000003e-02
3.7367947947947950e+00	5.3101400000000000e-02
3.7367997997997997e+00	5.3080799999999997e-02
3.7368048048048048e+00	5.3060200000000002e-02
3.7368098098098099e+00	5.3039700000000002e-02
3.7368148148148150e+00	5.3019200000000002e-02
3.7368198198198201e+00	5.2998600000000000e-02
3.7368248248248248e+00	5.2978100000000000e-02
3.7368298298298299e+00	5.2957700000000003e-02
3.7368348348348350e+00	5.2937199999999997e-02
3.7368398398398401e+00	5.2916699999999997e-02
3.7368448448448448e+00	5.2896300000000000e-02
3.7368498498498499e+00	5.2875800000000001e-02
3.7368548548548550e+00	5.2855399999999997e-02
3.7368598598598601e+00	5.2835000000000000e-02
3.7368648648648648e+00	5.2814600000000003e-02
3.7368698698698699e+00	5.2794199999999999e-02
3.7368748748748750e+00	5.2773800000000003e-02
3.7368798798798801e+00	5.2753500000000002e-02
3.7368848848848848e+00	5.2733099999999998e-02
3.7368898898898899e+00	5.2712799999999997e-02
3.7368948948948950e+00	5.2692500000000003e-02
3.7368998998999001e+00	5.2672200000000002e-02
3.7369049049049048e+00	5.2651900000000001e-02
3.7369099099099099e+00	5.2631600000000001e-02
3.7369149149149150e+00	5.2611400000000003e-02
3.7369199199199201e+00	5.2591100000000002e-02
3.7369249249249252e+00	5.2570899999999997e-02
3.7369299299299299e+00	5.2550600000000003e-02
3.7369349349349350e+00	5.2530399999999998e-02
3.7369399399399401e+00	5.2510200000000000e-02
3.7369449449449452e+00	5.2490099999999998e-02
3.7369499499499499e+00	5.2469900000000000e-02
3.7369549549549550e+00	5.2449700000000002e-02
3.7369599599599601e+00	5.2429600000000000e-02
3.7369649649649652e+00	5.2409499999999998e-02
3.7369699699699699e+00	5.2389300000000000e-02
3.7369749749749750e+00	5.2369199999999998e-02
3.7369799799799801e+00	5.2349199999999999e-02
3.7369849849849852e+00	5.2329100000000003e-02
3.7369899899899899e+00	5.2309000000000001e-02
3.7369949949949950e+00	5.2289000000000002e-02
3.7370000000000001e+00	5.2268900000000000e-02
