3.7324000000000002e+00	7.4554300000000004e-02
3.7324003003003003e+00	7.4549500000000005e-02
3.7324006006006010e+00	7.4544600000000003e-02
3.7324009009009012e+00	7.4539800000000003e-02
3.7324012012012013e+00	7.4535000000000004e-02
3.7324015015015015e+00	7.4530100000000002e-02
3.7324018018018021e+00	7.4525200000000000e-02
3.7324021021021023e+00	7.4520299999999998e-02
3.7324024024024025e+00	7.4515499999999998e-02
3.7324027027027027e+00	7.4510499999999993e-02
3.7324030030030033e+00	7.4505600000000005e-02
3.7324033033033035e+00	7.4500700000000003e-02
3.7324036036036037e+00	7.4495800000000001e-02
3.7324039039039039e+00	7.4490799999999996e-02
3.7324042042042045e+00	7.4485800000000005e-02
3.7324045045045047e+00	7.4480900000000003e-02
3.7324048048048049e+00	7.4475899999999998e-02
3.7324051051051055e+00	7.4470900000000007e-02
3.7324054054054057e+00	7.4465799999999999e-02
3.7324057057057058e+00	7.4460799999999994e-02
3.7324060060060060e+00	7.4455800000000003e-02
3.7324063063063067e+00	7.4450699999999995e-02
3.7324066066066068e+00	7.4445600000000001e-02
3.7324069069069070e+00	7.4440599999999996e-02
3.7324072072072072e+00	7.4435500000000002e-02
3.7324075075075078e+00	7.4430399999999994e-02
3.7324078078078080e+00	7.4425199999999997e-02
3.7324081081081082e+00	7.4420100000000003e-02
3.7324084084084084e+00	7.4414900000000006e-02
3.7324087087087090e+00	7.4409799999999998e-02
3.7324090090090092e+00	7.4404600000000001e-02
3.7324093093093094e+00	7.4399400000000004e-02
3.7324096096096095e+00	7.4394199999999994e-02
3.7324099099099102e+00	7.4388999999999997e-02
3.7324102102102104e+00	7.4383800000000000e-02
3.7324105105105105e+00	7.4378500000000000e-02
3.7324108108108112e+00	7.4373300000000003e-02
3.7324111111111113e+00	7.4368000000000004e-02
3.7324114114114115e+00	7.4362700000000004e-02
3.7324117117117117e+00	7.4357400000000004e-02
3.7324120120120123e+00	7.4352100000000004e-02
3.7324123123123125e+00	7.4346700000000002e-02
3.7324126126126127e+00	7.4341400000000002e-02
3.7324129129129129e+00	7.4335999999999999e-02
3.7324132132132135e+00	7.4330599999999997e-02
3.7324135135135137e+00	7.4325199999999994e-02
3.7324138138138139e+00	7.4319800000000005e-02
3.7324141141141141e+00	7.4314400000000003e-02
3.7324144144144147e+00	7.4309000000000000e-02
3.7324147147147149e+00	7.4303499999999995e-02
3.7324150150150150e+00	7.4298000000000003e-02
3.7324153153153157e+00	7.4292600000000000e-02
3.7324156156156159e+00	7.4287000000000006e-02
3.7324159159159160e+00	7.4281500000000000e-02
3.7324162162162162e+00	7.4275999999999995e-02
3.7324165165165168e+00	7.4270400000000000e-02
3.7324168168168170e+00	7.4264899999999995e-02
3.7324171171171172e+00	7.4259300000000000e-02
3.7324174174174174e+00	7.4253700000000006e-02
3.7324177177177180e+00	7.4248099999999997e-02
3.7324180180180182e+00	7.4242400000000000e-02
3.7324183183183184e+00	7.4236800000000006e-02
3.7324186186186186e+00	7.4231099999999994e-02
3.7324189189189192e+00	7.4225399999999997e-02
3.7324192192192194e+00	7.4219700000000000e-02
3.7324195195195196e+00	7.4214000000000002e-02
3.7324198198198202e+00	7.4208200000000002e-02
3.7324201201201204e+00	7.4202500000000005e-02
3.7324204204204205e+00	7.4196700000000004e-02
3.7324207207207207e+00	7.4190900000000004e-02
3.7324210210210214e+00	7.4185100000000004e-02
3.7324213213213215e+00	7.4179200000000001e-02
3.7324216216216217e+00	7.4173400000000000e-02
3.7324219219219219e+00	7.4167499999999997e-02
3.7324222222222225e+00	7.4161599999999994e-02
3.7324225225225227e+00	7.4155700000000005e-02
3.7324228228228229e+00	7.4149800000000002e-02
3.7324231231231231e+00	7.4143799999999996e-02
3.7324234234234237e+00	7.4137900000000007e-02
3.7324237237237239e+00	7.4131900000000001e-02
3.7324240240240241e+00	7.4125899999999995e-02
3.7324243243243242e+00	7.4119900000000002e-02
3.7324246246246249e+00	7.4113799999999994e-02
3.7324249249249251e+00	7.4107800000000001e-02
3.7324252252252252e+00	7.4101700000000006e-02
3.7324255255255259e+00	7.4095599999999998e-02
3.7324258258258260e+00	7.4089400000000000e-02
3.7324261261261262e+00	7.4083300000000005e-02
3.7324264264264264e+00	7.4077100000000007e-02
3.7324267267267270e+00	7.4070899999999995e-02
3.7324270270270272e+00	7.4064699999999997e-02
3.7324273273273274e+00	7.4058499999999999e-02
3.7324276276276276e+00	7.4052199999999999e-02
3.7324279279279282e+00	7.4045899999999998e-02
3.7324282282282284e+00	7.4039599999999997e-02
3.7324285285285286e+00	7.4033299999999996e-02
3.7324288288288288e+00	7.4026999999999996e-02
3.7324291291291294e+00	7.4020600000000006e-02
3.7324294294294296e+00	7.4014200000000002e-02
3.7324297297297298e+00	7.4007799999999999e-02
3.7324300300300304e+00	7.4001300000000006e-02
3.7324303303303306e+00	7.3994900000000002e-02
3.7324306306306307e+00	7.3988399999999996e-02
3.7324309309309309e+00	7.3981900000000003e-02
3.7324312312312315e+00	7.3975399999999997e-02
3.7324315315315317e+00	7.3968800000000001e-02
3.7324318318318319e+00	7.3962200000000006e-02
3.7324321321321321e+00	7.3955599999999996e-02
3.7324324324324327e+00	7.3949000000000001e-02
3.7324327327327329e+00	7.3942300000000002e-02
3.7324330330330331e+00	7.3935699999999993e-02
3.7324333333333333e+00	7.3928900000000006e-02
3.7324336336336339e+00	7.3922199999999993e-02
3.7324339339339341e+00	7.3915499999999995e-02
3.7324342342342343e+00	7.3908699999999994e-02
3.7324345345345349e+00	7.3901900000000006e-02
3.7324348348348351e+00	7.3895000000000002e-02
3.7324351351351353e+00	7.3888200000000001e-02
3.7324354354354354e+00	7.3881299999999997e-02
3.7324357357357361e+00	7.3874300000000004e-02
3.7324360360360362e+00	7.3867400000000000e-02
3.7324363363363364e+00	7.3860400000000007e-02
3.7324366366366366e+00	7.3853400000000000e-02
3.7324369369369372e+00	7.3846400000000006e-02
3.7324372372372374e+00	7.3839299999999997e-02
3.7324375375375376e+00	7.3832300000000003e-02
3.7324378378378378e+00	7.3825100000000005e-02
3.7324381381381384e+00	7.3817999999999995e-02
3.7324384384384386e+00	7.3810799999999996e-02
3.7324387387387388e+00	7.3803599999999997e-02
3.7324390390390390e+00	7.3796399999999998e-02
3.7324393393393396e+00	7.3789099999999996e-02
3.7324396396396398e+00	7.3781799999999995e-02
3.7324399399399399e+00	7.3774500000000007e-02
3.7324402402402406e+00	7.3767100000000002e-02
3.7324405405405408e+00	7.3759699999999997e-02
3.7324408408408409e+00	7.3752300000000007e-02
3.7324411411411411e+00	7.3744900000000002e-02
3.7324414414414417e+00	7.3737399999999995e-02
3.7324417417417419e+00	7.3729900000000001e-02
3.7324420420420421e+00	7.3722300000000004e-02
3.7324423423423423e+00	7.3714699999999994e-02
3.7324426426426429e+00	7.3707099999999998e-02
3.7324429429429431e+00	7.3699500000000001e-02
3.7324432432432433e+00	7.3691800000000002e-02
3.7324435435435435e+00	7.3684100000000002e-02
3.7324438438438441e+00	7.3676300000000000e-02
3.7324441441441443e+00	7.3668499999999998e-02
3.7324444444444445e+00	7.3660699999999996e-02
3.7324447447447451e+00	7.3652800000000004e-02
3.7324450450450453e+00	7.3644899999999999e-02
3.7324453453453454e+00	7.3636999999999994e-02
3.7324456456456456e+00	7.3629000000000000e-02
3.7324459459459463e+00	7.3621000000000006e-02
3.7324462462462464e+00	7.3612999999999998e-02
3.7324465465465466e+00	7.3604900000000001e-02
3.7324468468468468e+00	7.3596800000000004e-02
3.7324471471471474e+00	7.3588600000000004e-02
3.7324474474474476e+00	7.3580400000000004e-02
3.7324477477477478e+00	7.3572200000000004e-02
3.7324480480480480e+00	7.3563900000000002e-02
3.7324483483483486e+00	7.3555599999999999e-02
3.7324486486486488e+00	7.3547199999999993e-02
3.7324489489489490e+00	7.3538800000000001e-02
3.7324492492492496e+00	7.3530399999999996e-02
3.7324495495495498e+00	7.3521900000000001e-02
3.7324498498498500e+00	7.3513400000000007e-02
3.7324501501501501e+00	7.3504799999999995e-02
3.7324504504504508e+00	7.3496199999999998e-02
3.7324507507507509e+00	7.3487499999999997e-02
3.7324510510510511e+00	7.3478799999999997e-02
3.7324513513513513e+00	7.3470099999999997e-02
3.7324516516516519e+00	7.3461299999999993e-02
3.7324519519519521e+00	7.3452500000000004e-02
3.7324522522522523e+00	7.3443599999999998e-02
3.7324525525525525e+00	7.3434700000000006e-02
3.7324528528528531e+00	7.3425699999999997e-02
3.7324531531531533e+00	7.3416700000000001e-02
3.7324534534534535e+00	7.3407600000000003e-02
3.7324537537537537e+00	7.3398500000000005e-02
3.7324540540540543e+00	7.3389399999999994e-02
3.7324543543543545e+00	7.3380100000000004e-02
3.7324546546546546e+00	7.3370900000000003e-02
3.7324549549549553e+00	7.3361599999999999e-02
3.7324552552552555e+00	7.3352200000000006e-02
3.7324555555555556e+00	7.3342800000000000e-02
3.7324558558558558e+00	7.3333300000000004e-02
3.7324561561561564e+00	7.3323799999999995e-02
3.7324564564564566e+00	7.3314199999999996e-02
3.7324567567567568e+00	7.3304599999999998e-02
3.7324570570570570e+00	7.3294899999999996e-02
3.7324573573573576e+00	7.3285199999999995e-02
3.7324576576576578e+00	7.3275400000000004e-02
3.7324579579579580e+00	7.3265600000000000e-02
3.7324582582582582e+00	7.3255700000000007e-02
3.7324585585585588e+00	7.3245699999999997e-02
3.7324588588588590e+00	7.3235700000000001e-02
3.7324591591591592e+00	7.3225600000000002e-02
3.7324594594594598e+00	7.3215500000000003e-02
3.7324597597597600e+00	7.3205300000000001e-02
3.7324600600600601e+00	7.3194999999999996e-02
3.7324603603603603e+00	7.3184700000000005e-02
3.7324606606606610e+00	7.3174400000000001e-02
3.7324609609609611e+00	7.3163900000000004e-02
3.7324612612612613e+00	7.3153399999999993e-02
3.7324615615615615e+00	7.3142799999999994e-02
3.7324618618618621e+00	7.3132199999999994e-02
3.7324621621621623e+00	7.3121500000000006e-02
3.7324624624624625e+00	7.3110800000000004e-02
3.7324627627627627e+00	7.3099899999999995e-02
3.7324630630630633e+00	7.3089000000000001e-02
3.7324633633633635e+00	7.3078099999999993e-02
3.7324636636636637e+00	7.3066999999999993e-02
3.7324639639639643e+00	7.3055899999999993e-02
3.7324642642642645e+00	7.3044700000000004e-02
3.7324645645645647e+00	7.3033500000000001e-02
3.7324648648648648e+00	7.3022199999999995e-02
3.7324651651651655e+00	7.3010800000000001e-02
3.7324654654654656e+00	7.2999300000000003e-02
3.7324657657657658e+00	7.2987800000000005e-02
3.7324660660660660e+00	7.2976100000000002e-02
3.7324663663663666e+00	7.2964399999999999e-02
3.7324666666666668e+00	7.2952699999999995e-02
3.7324669669669670e+00	7.2940800000000000e-02
3.7324672672672672e+00	7.2928900000000005e-02
3.7324675675675678e+00	7.2916900000000007e-02
3.7324678678678680e+00	7.2904800000000006e-02
3.7324681681681682e+00	7.2892600000000002e-02
3.7324684684684684e+00	7.2880299999999995e-02
3.7324687687687690e+00	7.2868000000000002e-02
3.7324690690690692e+00	7.2855500000000004e-02
3.7324693693693693e+00	7.2843000000000005e-02
3.7324696696696700e+00	7.2830400000000003e-02
3.7324699699699702e+00	7.2817699999999999e-02
3.7324702702702703e+00	7.2804900000000006e-02
3.7324705705705705e+00	7.2791999999999996e-02
3.7324708708708711e+00	7.2778999999999996e-02
3.7324711711711713e+00	7.2765899999999994e-02
3.7324714714714715e+00	7.2752800000000006e-02
3.7324717717717717e+00	7.2739499999999999e-02
3.7324720720720723e+00	7.2726100000000002e-02
3.7324723723723725e+00	7.2712700000000005e-02
3.7324726726726727e+00	7.2699100000000003e-02
3.7324729729729729e+00	7.2685399999999997e-02
3.7324732732732735e+00	7.2671700000000006e-02
3.7324735735735737e+00	7.2657799999999995e-02
3.7324738738738739e+00	7.2643799999999994e-02
3.7324741741741745e+00	7.2629700000000005e-02
3.7324744744744747e+00	7.2615499999999999e-02
3.7324747747747749e+00	7.2601200000000005e-02
3.7324750750750750e+00	7.2586800000000007e-02
3.7324753753753757e+00	7.2572200000000003e-02
3.7324756756756758e+00	7.2557600000000000e-02
3.7324759759759760e+00	7.2542800000000005e-02
3.7324762762762762e+00	7.2527900000000006e-02
3.7324765765765768e+00	7.2512900000000005e-02
3.7324768768768770e+00	7.2497800000000001e-02
3.7324771771771772e+00	7.2482500000000005e-02
3.7324774774774774e+00	7.2467100000000007e-02
3.7324777777777780e+00	7.2451600000000005e-02
3.7324780780780782e+00	7.2436000000000000e-02
3.7324783783783784e+00	7.2420200000000004e-02
3.7324786786786786e+00	7.2404300000000005e-02
3.7324789789789792e+00	7.2388300000000003e-02
3.7324792792792794e+00	7.2372099999999995e-02
3.7324795795795795e+00	7.2355799999999998e-02
3.7324798798798802e+00	7.2339299999999995e-02
3.7324801801801804e+00	7.2322700000000004e-02
3.7324804804804805e+00	7.2305900000000006e-02
3.7324807807807807e+00	7.2289099999999995e-02
3.7324810810810813e+00	7.2272000000000003e-02
3.7324813813813815e+00	7.2254799999999994e-02
3.7324816816816817e+00	7.2237399999999993e-02
3.7324819819819819e+00	7.2219900000000004e-02
3.7324822822822825e+00	7.2202299999999997e-02
3.7324825825825827e+00	7.2184399999999996e-02
3.7324828828828829e+00	7.2166400000000006e-02
3.7324831831831831e+00	7.2148299999999999e-02
3.7324834834834837e+00	7.2129899999999997e-02
3.7324837837837839e+00	7.2111400000000006e-02
3.7324840840840841e+00	7.2092699999999996e-02
3.7324843843843847e+00	7.2073899999999996e-02
3.7324846846846849e+00	7.2054800000000002e-02
3.7324849849849850e+00	7.2035600000000005e-02
3.7324852852852852e+00	7.2016200000000002e-02
3.7324855855855859e+00	7.1996599999999994e-02
3.7324858858858860e+00	7.1976799999999994e-02
3.7324861861861862e+00	7.1956800000000001e-02
3.7324864864864864e+00	7.1936600000000003e-02
3.7324867867867870e+00	7.1916200000000000e-02
3.7324870870870872e+00	7.1895600000000004e-02
3.7324873873873874e+00	7.1874700000000000e-02
3.7324876876876876e+00	7.1853700000000006e-02
3.7324879879879882e+00	7.1832499999999994e-02
3.7324882882882884e+00	7.1811000000000000e-02
3.7324885885885886e+00	7.1789300000000000e-02
3.7324888888888892e+00	7.1767399999999995e-02
3.7324891891891894e+00	7.1745199999999995e-02
3.7324894894894896e+00	7.1722800000000003e-02
3.7324897897897897e+00	7.1700100000000003e-02
3.7324900900900904e+00	7.1677299999999999e-02
3.7324903903903905e+00	7.1654099999999998e-02
3.7324906906906907e+00	7.1630700000000005e-02
3.7324909909909909e+00	7.1607100000000007e-02
3.7324912912912915e+00	7.1583200000000000e-02
3.7324915915915917e+00	7.1558999999999998e-02
3.7324918918918919e+00	7.1534500000000001e-02
3.7324921921921921e+00	7.1509799999999998e-02
3.7324924924924927e+00	7.1484699999999998e-02
3.7324927927927929e+00	7.1459400000000006e-02
3.7324930930930931e+00	7.1433800000000006e-02
3.7324933933933933e+00	7.1407899999999996e-02
3.7324936936936939e+00	7.1381600000000003e-02
3.7324939939939941e+00	7.1355100000000005e-02
3.7324942942942942e+00	7.1328199999999994e-02
3.7324945945945949e+00	7.1301100000000006e-02
3.7324948948948951e+00	7.1273500000000004e-02
3.7324951951951952e+00	7.1245699999999995e-02
3.7324954954954954e+00	7.1217500000000003e-02
3.7324957957957960e+00	7.1188899999999999e-02
3.7324960960960962e+00	7.1160000000000001e-02
3.7324963963963964e+00	7.1130700000000005e-02
3.7324966966966966e+00	7.1100999999999998e-02
3.7324969969969972e+00	7.1070999999999995e-02
3.7324972972972974e+00	7.1040500000000006e-02
3.7324975975975976e+00	7.1009699999999995e-02
3.7324978978978978e+00	7.0978500000000000e-02
3.7324981981981984e+00	7.0946800000000004e-02
3.7324984984984986e+00	7.0914699999999997e-02
3.7324987987987988e+00	7.0882200000000006e-02
3.7324990990990994e+00	7.0849200000000001e-02
3.7324993993993996e+00	7.0815799999999998e-02
3.7324996996996997e+00	7.0781899999999995e-02
3.7324999999999999e+00	7.0747500000000005e-02
3.7325003003003006e+00	7.0712600000000000e-02
3.7325006006006007e+00	7.0677299999999998e-02
3.7325009009009009e+00	7.0641399999999993e-02
3.7325012012012011e+00	7.0605000000000001e-02
3.7325015015015017e+00	7.0568099999999995e-02
3.7325018018018019e+00	7.0530700000000002e-02
3.7325021021021021e+00	7.0492600000000002e-02
3.7325024024024023e+00	7.0454000000000003e-02
3.7325027027027029e+00	7.0414900000000002e-02
3.7325030030030031e+00	7.0375099999999996e-02
3.7325033033033033e+00	7.0334700000000000e-02
3.7325036036036039e+00	7.0293700000000001e-02
3.7325039039039041e+00	7.0251999999999995e-02
3.7325042042042043e+00	7.0209700000000000e-02
3.7325045045045044e+00	7.0166699999999999e-02
3.7325048048048051e+00	7.0123000000000005e-02
3.7325051051051052e+00	7.0078500000000002e-02
3.7325054054054054e+00	7.0033399999999996e-02
3.7325057057057056e+00	6.9987499999999994e-02
3.7325060060060062e+00	6.9940799999999997e-02
3.7325063063063064e+00	6.9893399999999994e-02
3.7325066066066066e+00	6.9845099999999993e-02
3.7325069069069068e+00	6.9795999999999997e-02
3.7325072072072074e+00	6.9746000000000002e-02
3.7325075075075076e+00	6.9695099999999996e-02
3.7325078078078078e+00	6.9643399999999994e-02
3.7325081081081080e+00	6.9590700000000005e-02
3.7325084084084086e+00	6.9537100000000004e-02
3.7325087087087088e+00	6.9482400000000000e-02
3.7325090090090089e+00	6.9426799999999997e-02
3.7325093093093096e+00	6.9370100000000004e-02
3.7325096096096098e+00	6.9312299999999993e-02
3.7325099099099099e+00	6.9253499999999996e-02
3.7325102102102101e+00	6.9193500000000005e-02
3.7325105105105107e+00	6.9132299999999994e-02
3.7325108108108109e+00	6.9069900000000004e-02
3.7325111111111111e+00	6.9006200000000004e-02
3.7325114114114113e+00	6.8941299999999997e-02
3.7325117117117119e+00	6.8875099999999995e-02
3.7325120120120121e+00	6.8807400000000005e-02
3.7325123123123123e+00	6.8738400000000005e-02
3.7325126126126125e+00	6.8667900000000004e-02
3.7325129129129131e+00	6.8595900000000001e-02
3.7325132132132133e+00	6.8522299999999994e-02
3.7325135135135135e+00	6.8447099999999997e-02
3.7325138138138141e+00	6.8370299999999995e-02
3.7325141141141143e+00	6.8291699999999997e-02
3.7325144144144144e+00	6.8211300000000002e-02
3.7325147147147146e+00	6.8129099999999998e-02
3.7325150150150153e+00	6.8044999999999994e-02
3.7325153153153154e+00	6.7958900000000003e-02
3.7325156156156156e+00	6.7870700000000006e-02
3.7325159159159158e+00	6.7780400000000005e-02
3.7325162162162164e+00	6.7687899999999995e-02
3.7325165165165166e+00	6.7593000000000000e-02
3.7325168168168168e+00	6.7495799999999995e-02
3.7325171171171170e+00	6.7396100000000000e-02
3.7325174174174176e+00	6.7293900000000004e-02
3.7325177177177178e+00	6.7188899999999996e-02
3.7325180180180180e+00	6.7081199999999994e-02
3.7325183183183186e+00	6.6970500000000002e-02
3.7325186186186188e+00	6.6856799999999994e-02
3.7325189189189190e+00	6.6739999999999994e-02
3.7325192192192191e+00	6.6619800000000007e-02
3.7325195195195198e+00	6.6496299999999994e-02
3.7325198198198200e+00	6.6369100000000000e-02
3.7325201201201201e+00	6.6238199999999997e-02
3.7325204204204203e+00	6.6103300000000004e-02
3.7325207207207209e+00	6.5964400000000006e-02
3.7325210210210211e+00	6.5821199999999996e-02
3.7325213213213213e+00	6.5673400000000007e-02
3.7325216216216215e+00	6.5520999999999996e-02
3.7325219219219221e+00	6.5363500000000005e-02
3.7325222222222223e+00	6.5200900000000006e-02
3.7325225225225225e+00	6.5032800000000002e-02
3.7325228228228227e+00	6.4859000000000000e-02
3.7325231231231233e+00	6.4679100000000003e-02
3.7325234234234235e+00	6.4492800000000003e-02
3.7325237237237237e+00	6.4299800000000004e-02
3.7325240240240243e+00	6.4099699999999996e-02
3.7325243243243245e+00	6.3892000000000004e-02
3.7325246246246246e+00	6.3676499999999997e-02
3.7325249249249248e+00	6.3452499999999995e-02
3.7325252252252255e+00	6.3219600000000001e-02
3.7325255255255256e+00	6.2977199999999997e-02
3.7325258258258258e+00	6.2724799999999997e-02
3.7325261261261260e+00	6.2461599999999999e-02
3.7325264264264266e+00	6.2187100000000002e-02
3.7325267267267268e+00	6.1900400000000001e-02
3.7325270270270270e+00	6.1600700000000001e-02
3.7325273273273272e+00	6.1287099999999997e-02
3.7325276276276278e+00	6.0958699999999998e-02
3.7325279279279280e+00	6.0614200000000000e-02
3.7325282282282282e+00	6.0252500000000001e-02
3.7325285285285288e+00	5.9872399999999999e-02
3.7325288288288290e+00	5.9472299999999999e-02
3.7325291291291292e+00	5.9050600000000002e-02
3.7325294294294293e+00	5.8605499999999998e-02
3.7325297297297300e+00	5.8134999999999999e-02
3.7325300300300301e+00	5.7637000000000001e-02
3.7325303303303303e+00	5.7108899999999997e-02
3.7325306306306305e+00	5.6547800000000002e-02
3.7325309309309311e+00	5.5950699999999999e-02
3.7325312312312313e+00	5.5313899999999999e-02
3.7325315315315315e+00	5.4633399999999999e-02
3.7325318318318317e+00	5.3904599999999997e-02
3.7325321321321323e+00	5.3122200000000001e-02
3.7325324324324325e+00	5.2280100000000003e-02
3.7325327327327327e+00	5.1371199999999999e-02
3.7325330330330333e+00	5.0387500000000002e-02
3.7325333333333335e+00	4.9319300000000003e-02
3.7325336336336337e+00	4.8155700000000003e-02
3.7325339339339338e+00	4.6883300000000003e-02
3.7325342342342345e+00	4.5486800000000001e-02
3.7325345345345347e+00	4.3947500000000000e-02
3.7325348348348348e+00	4.2243200000000002e-02
3.7325351351351350e+00	4.0347200000000000e-02
3.7325354354354356e+00	3.8226999999999997e-02
3.7325357357357358e+00	3.5843500000000000e-02
3.7325360360360360e+00	3.3148999999999998e-02
3.7325363363363362e+00	3.0086800000000000e-02
3.7325366366366368e+00	2.6590300000000001e-02
3.7325369369369370e+00	2.2586999999999999e-02
3.7325372372372372e+00	1.8012400000000001e-02
3.7325375375375374e+00	1.2853699999999999e-02
3.7325378378378380e+00	7.2842899999999997e-03
3.7325381381381382e+00	2.0934999999999999e-03
3.7325384384384384e+00	1.9733800000000000e-04
3.7325387387387390e+00	1.2824600000000000e-02
3.7325390390390392e+00	9.0013899999999994e-02
3.7325393393393393e+00	4.5925500000000002e-01
3.7325396396396395e+00	9.9987300000000001e-01
3.7325399399399402e+00	6.8015800000000004e-01
3.7325402402402403e+00	4.3375999999999998e-01
3.7325405405405405e+00	3.1565300000000002e-01
3.7325408408408407e+00	2.5222699999999998e-01
3.7325411411411413e+00	2.1390799999999999e-01
3.7325414414414415e+00	1.8864000000000000e-01
3.7325417417417417e+00	1.7087200000000000e-01
3.7325420420420419e+00	1.5776100000000001e-01
3.7325423423423425e+00	1.4771899999999999e-01
3.7325426426426427e+00	1.3979700000000000e-01
3.7325429429429429e+00	1.3339799999999999e-01
3.7325432432432435e+00	1.2812499999999999e-01
3.7325435435435437e+00	1.2370900000000000e-01
3.7325438438438439e+00	1.1995900000000000e-01
3.7325441441441440e+00	1.1673600000000001e-01
3.7325444444444447e+00	1.1393700000000000e-01
3.7325447447447448e+00	1.1148400000000000e-01
3.7325450450450450e+00	1.0931700000000000e-01
3.7325453453453452e+00	1.0738900000000000e-01
3.7325456456456458e+00	1.0566300000000001e-01
3.7325459459459460e+00	1.0410899999999999e-01
3.7325462462462462e+00	1.0270200000000000e-01
3.7325465465465464e+00	1.0142300000000000e-01
3.7325468468468470e+00	1.0025500000000000e-01
3.7325471471471472e+00	9.9184200000000000e-02
3.7325474474474474e+00	9.8198900000000006e-02
3.7325477477477480e+00	9.7289299999999995e-02
3.7325480480480482e+00	9.6447099999999994e-02
3.7325483483483484e+00	9.5665000000000000e-02
3.7325486486486485e+00	9.4936800000000002e-02
3.7325489489489492e+00	9.4257199999999999e-02
3.7325492492492494e+00	9.3621399999999994e-02
3.7325495495495495e+00	9.3025300000000005e-02
3.7325498498498497e+00	9.2465400000000003e-02
3.7325501501501503e+00	9.1938400000000003e-02
3.7325504504504505e+00	9.1441499999999995e-02
3.7325507507507507e+00	9.0972200000000003e-02
3.7325510510510509e+00	9.0528300000000006e-02
3.7325513513513515e+00	9.0107699999999999e-02
3.7325516516516517e+00	8.9708599999999999e-02
3.7325519519519519e+00	8.9329500000000006e-02
3.7325522522522521e+00	8.8968800000000001e-02
3.7325525525525527e+00	8.8625300000000004e-02
3.7325528528528529e+00	8.8297700000000007e-02
3.7325531531531531e+00	8.7984999999999994e-02
3.7325534534534537e+00	8.7686200000000006e-02
3.7325537537537539e+00	8.7400300000000000e-02
3.7325540540540540e+00	8.7126599999999998e-02
3.7325543543543542e+00	8.6864200000000003e-02
3.7325546546546549e+00	8.6612499999999995e-02
3.7325549549549550e+00	8.6370799999999998e-02
3.7325552552552552e+00	8.6138500000000007e-02
3.7325555555555554e+00	8.5915199999999997e-02
3.7325558558558560e+00	8.5700200000000004e-02
3.7325561561561562e+00	8.5493100000000002e-02
3.7325564564564564e+00	8.5293599999999997e-02
3.7325567567567566e+00	8.5101099999999999e-02
3.7325570570570572e+00	8.4915299999999999e-02
3.7325573573573574e+00	8.4735900000000003e-02
3.7325576576576576e+00	8.4562499999999999e-02
3.7325579579579582e+00	8.4394800000000006e-02
3.7325582582582584e+00	8.4232600000000005e-02
3.7325585585585586e+00	8.4075600000000000e-02
3.7325588588588587e+00	8.3923600000000001e-02
3.7325591591591594e+00	8.3776199999999995e-02
3.7325594594594595e+00	8.3633299999999994e-02
3.7325597597597597e+00	8.3494700000000005e-02
3.7325600600600599e+00	8.3360199999999995e-02
3.7325603603603605e+00	8.3229600000000001e-02
3.7325606606606607e+00	8.3102800000000004e-02
3.7325609609609609e+00	8.2979499999999998e-02
3.7325612612612611e+00	8.2859600000000005e-02
3.7325615615615617e+00	8.2743100000000000e-02
3.7325618618618619e+00	8.2629599999999997e-02
3.7325621621621621e+00	8.2519300000000004e-02
3.7325624624624627e+00	8.2411799999999993e-02
3.7325627627627629e+00	8.2307000000000005e-02
3.7325630630630631e+00	8.2205000000000000e-02
3.7325633633633633e+00	8.2105499999999998e-02
3.7325636636636639e+00	8.2008600000000001e-02
3.7325639639639641e+00	8.1913899999999998e-02
3.7325642642642642e+00	8.1821599999999994e-02
3.7325645645645644e+00	8.1731499999999999e-02
3.7325648648648651e+00	8.1643499999999994e-02
3.7325651651651652e+00	8.1557599999999994e-02
3.7325654654654654e+00	8.1473699999999996e-02
3.7325657657657656e+00	8.1391599999999995e-02
3.7325660660660662e+00	8.1311400000000006e-02
3.7325663663663664e+00	8.1233000000000000e-02
3.7325666666666666e+00	8.1156300000000001e-02
3.7325669669669668e+00	8.1081299999999995e-02
3.7325672672672674e+00	8.1007899999999994e-02
3.7325675675675676e+00	8.0935999999999994e-02
3.7325678678678678e+00	8.0865699999999999e-02
3.7325681681681684e+00	8.0796800000000002e-02
3.7325684684684686e+00	8.0729300000000004e-02
3.7325687687687688e+00	8.0663200000000004e-02
3.7325690690690689e+00	8.0598400000000001e-02
3.7325693693693696e+00	8.0534900000000006e-02
3.7325696696696697e+00	8.0472600000000005e-02
3.7325699699699699e+00	8.0411600000000000e-02
3.7325702702702701e+00	8.0351699999999998e-02
3.7325705705705707e+00	8.0292900000000000e-02
3.7325708708708709e+00	8.0235299999999996e-02
3.7325711711711711e+00	8.0178700000000006e-02
3.7325714714714713e+00	8.0123200000000006e-02
3.7325717717717719e+00	8.0068600000000004e-02
3.7325720720720721e+00	8.0015100000000006e-02
3.7325723723723723e+00	7.9962500000000006e-02
3.7325726726726729e+00	7.9910900000000007e-02
3.7325729729729731e+00	7.9860100000000003e-02
3.7325732732732733e+00	7.9810199999999998e-02
3.7325735735735734e+00	7.9761200000000004e-02
3.7325738738738741e+00	7.9713000000000006e-02
3.7325741741741743e+00	7.9665700000000006e-02
3.7325744744744744e+00	7.9619099999999998e-02
3.7325747747747746e+00	7.9573300000000000e-02
3.7325750750750752e+00	7.9528199999999993e-02
3.7325753753753754e+00	7.9483899999999996e-02
3.7325756756756756e+00	7.9440300000000005e-02
3.7325759759759758e+00	7.9397300000000004e-02
3.7325762762762764e+00	7.9355099999999998e-02
3.7325765765765766e+00	7.9313499999999995e-02
3.7325768768768768e+00	7.9272599999999999e-02
3.7325771771771774e+00	7.9232200000000003e-02
3.7325774774774776e+00	7.9192499999999999e-02
3.7325777777777778e+00	7.9153399999999999e-02
3.7325780780780780e+00	7.9114900000000002e-02
3.7325783783783786e+00	7.9076999999999995e-02
3.7325786786786788e+00	7.9039600000000002e-02
3.7325789789789789e+00	7.9002699999999995e-02
3.7325792792792791e+00	7.8966400000000006e-02
3.7325795795795798e+00	7.8930600000000004e-02
3.7325798798798799e+00	7.8895300000000002e-02
3.7325801801801801e+00	7.8860600000000003e-02
3.7325804804804803e+00	7.8826300000000002e-02
3.7325807807807809e+00	7.8792399999999999e-02
3.7325810810810811e+00	7.8759099999999999e-02
3.7325813813813813e+00	7.8726199999999996e-02
3.7325816816816815e+00	7.8693700000000005e-02
3.7325819819819821e+00	7.8661700000000001e-02
3.7325822822822823e+00	7.8630099999999994e-02
3.7325825825825825e+00	7.8598899999999999e-02
3.7325828828828831e+00	7.8568100000000002e-02
3.7325831831831833e+00	7.8537700000000002e-02
3.7325834834834835e+00	7.8507700000000000e-02
3.7325837837837836e+00	7.8478099999999995e-02
3.7325840840840843e+00	7.8448900000000002e-02
3.7325843843843844e+00	7.8420000000000004e-02
3.7325846846846846e+00	7.8391500000000003e-02
3.7325849849849848e+00	7.8363400000000000e-02
3.7325852852852854e+00	7.8335600000000005e-02
3.7325855855855856e+00	7.8308100000000005e-02
3.7325858858858858e+00	7.8281000000000003e-02
3.7325861861861860e+00	7.8254199999999996e-02
3.7325864864864866e+00	7.8227699999999997e-02
3.7325867867867868e+00	7.8201499999999993e-02
3.7325870870870870e+00	7.8175700000000001e-02
3.7325873873873876e+00	7.8150100000000000e-02
3.7325876876876878e+00	7.8124899999999997e-02
3.7325879879879880e+00	7.8099900000000000e-02
3.7325882882882881e+00	7.8075199999999997e-02
3.7325885885885888e+00	7.8050800000000004e-02
3.7325888888888890e+00	7.8026600000000002e-02
3.7325891891891891e+00	7.8002799999999997e-02
3.7325894894894893e+00	7.7979199999999999e-02
3.7325897897897899e+00	7.7955800000000006e-02
3.7325900900900901e+00	7.7932699999999994e-02
3.7325903903903903e+00	7.7909900000000004e-02
3.7325906906906905e+00	7.7887300000000007e-02
3.7325909909909911e+00	7.7865000000000004e-02
3.7325912912912913e+00	7.7842900000000007e-02
3.7325915915915915e+00	7.7821000000000001e-02
3.7325918918918921e+00	7.7799300000000002e-02
3.7325921921921923e+00	7.7777899999999997e-02
3.7325924924924925e+00	7.7756699999999998e-02
3.7325927927927927e+00	7.7735700000000005e-02
3.7325930930930933e+00	7.7715000000000006e-02
3.7325933933933935e+00	7.7694399999999997e-02
3.7325936936936936e+00	7.7674099999999996e-02
3.7325939939939938e+00	7.7653899999999998e-02
3.7325942942942945e+00	7.7633999999999995e-02
3.7325945945945946e+00	7.7614199999999994e-02
3.7325948948948948e+00	7.7594700000000003e-02
3.7325951951951950e+00	7.7575300000000000e-02
3.7325954954954956e+00	7.7556100000000003e-02
3.7325957957957958e+00	7.7537099999999998e-02
3.7325960960960960e+00	7.7518299999999998e-02
3.7325963963963962e+00	7.7499700000000005e-02
3.7325966966966968e+00	7.7481200000000000e-02
3.7325969969969970e+00	7.7462900000000001e-02
3.7325972972972972e+00	7.7444799999999994e-02
3.7325975975975978e+00	7.7426800000000004e-02
3.7325978978978980e+00	7.7409099999999995e-02
3.7325981981981982e+00	7.7391399999999999e-02
3.7325984984984983e+00	7.7373999999999998e-02
3.7325987987987990e+00	7.7356700000000000e-02
3.7325990990990991e+00	7.7339500000000005e-02
3.7325993993993993e+00	7.7322500000000002e-02
3.7325996996996995e+00	7.7305700000000005e-02
3.7326000000000001e+00	7.7288999999999997e-02
3.7326003003003003e+00	7.7272400000000005e-02
3.7326006006006005e+00	7.7256000000000005e-02
3.7326009009009007e+00	7.7239699999999994e-02
3.7326012012012013e+00	7.7223600000000003e-02
3.7326015015015015e+00	7.7207600000000001e-02
3.7326018018018017e+00	7.7191800000000005e-02
3.7326021021021023e+00	7.7175999999999995e-02
3.7326024024024025e+00	7.7160400000000004e-02
3.7326027027027027e+00	7.7145000000000005e-02
3.7326030030030029e+00	7.7129600000000006e-02
3.7326033033033035e+00	7.7114400000000000e-02
3.7326036036036037e+00	7.7099399999999998e-02
3.7326039039039038e+00	7.7084399999999997e-02
3.7326042042042040e+00	7.7069499999999999e-02
3.7326045045045046e+00	7.7054800000000007e-02
3.7326048048048048e+00	7.7040200000000003e-02
3.7326051051051050e+00	7.7025700000000002e-02
3.7326054054054052e+00	7.7011399999999994e-02
3.7326057057057058e+00	7.6997099999999999e-02
3.7326060060060060e+00	7.6982900000000007e-02
3.7326063063063062e+00	7.6968900000000007e-02
3.7326066066066068e+00	7.6954999999999996e-02
3.7326069069069070e+00	7.6941099999999998e-02
3.7326072072072072e+00	7.6927400000000007e-02
3.7326075075075074e+00	7.6913800000000004e-02
3.7326078078078080e+00	7.6900300000000005e-02
3.7326081081081082e+00	7.6886899999999994e-02
3.7326084084084084e+00	7.6873499999999997e-02
3.7326087087087085e+00	7.6860300000000006e-02
3.7326090090090092e+00	7.6847200000000004e-02
3.7326093093093093e+00	7.6834200000000005e-02
3.7326096096096095e+00	7.6821200000000006e-02
3.7326099099099097e+00	7.6808399999999999e-02
3.7326102102102103e+00	7.6795699999999995e-02
3.7326105105105105e+00	7.6783000000000004e-02
3.7326108108108107e+00	7.6770400000000003e-02
3.7326111111111109e+00	7.6758000000000007e-02
3.7326114114114115e+00	7.6745599999999997e-02
3.7326117117117117e+00	7.6733300000000004e-02
3.7326120120120119e+00	7.6721100000000000e-02
3.7326123123123125e+00	7.6708899999999997e-02
3.7326126126126127e+00	7.6696899999999998e-02
3.7326129129129129e+00	7.6684900000000000e-02
3.7326132132132130e+00	7.6673000000000005e-02
3.7326135135135137e+00	7.6661199999999999e-02
3.7326138138138139e+00	7.6649499999999995e-02
3.7326141141141140e+00	7.6637899999999995e-02
3.7326144144144142e+00	7.6626299999999994e-02
3.7326147147147148e+00	7.6614799999999997e-02
3.7326150150150150e+00	7.6603400000000002e-02
3.7326153153153152e+00	7.6591999999999993e-02
3.7326156156156154e+00	7.6580800000000004e-02
3.7326159159159160e+00	7.6569600000000002e-02
3.7326162162162162e+00	7.6558399999999999e-02
3.7326165165165164e+00	7.6547400000000002e-02
3.7326168168168170e+00	7.6536400000000004e-02
3.7326171171171172e+00	7.6525499999999996e-02
3.7326174174174174e+00	7.6514600000000002e-02
3.7326177177177176e+00	7.6503900000000000e-02
3.7326180180180182e+00	7.6493199999999997e-02
3.7326183183183184e+00	7.6482499999999995e-02
3.7326186186186185e+00	7.6471899999999995e-02
3.7326189189189187e+00	7.6461399999999999e-02
3.7326192192192194e+00	7.6451000000000005e-02
3.7326195195195195e+00	7.6440599999999997e-02
3.7326198198198197e+00	7.6430300000000007e-02
3.7326201201201199e+00	7.6420000000000002e-02
3.7326204204204205e+00	7.6409800000000000e-02
3.7326207207207207e+00	7.6399700000000001e-02
3.7326210210210209e+00	7.6389600000000002e-02
3.7326213213213215e+00	7.6379600000000006e-02
3.7326216216216217e+00	7.6369599999999996e-02
3.7326219219219219e+00	7.6359700000000003e-02
3.7326222222222221e+00	7.6349799999999995e-02
3.7326225225225227e+00	7.6340099999999994e-02
3.7326228228228229e+00	7.6330300000000004e-02
3.7326231231231231e+00	7.6320600000000002e-02
3.7326234234234232e+00	7.6311000000000004e-02
3.7326237237237239e+00	7.6301400000000005e-02
3.7326240240240240e+00	7.6291899999999996e-02
3.7326243243243242e+00	7.6282500000000003e-02
3.7326246246246244e+00	7.6273099999999996e-02
3.7326249249249250e+00	7.6263700000000004e-02
3.7326252252252252e+00	7.6254400000000000e-02
3.7326255255255254e+00	7.6245099999999996e-02
3.7326258258258256e+00	7.6235899999999995e-02
3.7326261261261262e+00	7.6226799999999997e-02
3.7326264264264264e+00	7.6217699999999999e-02
3.7326267267267266e+00	7.6208600000000001e-02
3.7326270270270272e+00	7.6199600000000006e-02
3.7326273273273274e+00	7.6190599999999997e-02
3.7326276276276276e+00	7.6181700000000005e-02
3.7326279279279277e+00	7.6172900000000002e-02
3.7326282282282284e+00	7.6163999999999996e-02
3.7326285285285286e+00	7.6155299999999995e-02
3.7326288288288287e+00	7.6146500000000006e-02
3.7326291291291289e+00	7.6137800000000005e-02
3.7326294294294295e+00	7.6129199999999994e-02
3.7326297297297297e+00	7.6120599999999997e-02
3.7326300300300299e+00	7.6111999999999999e-02
3.7326303303303301e+00	7.6103500000000004e-02
3.7326306306306307e+00	7.6095099999999999e-02
3.7326309309309309e+00	7.6086600000000004e-02
3.7326312312312311e+00	7.6078300000000001e-02
3.7326315315315317e+00	7.6069899999999996e-02
3.7326318318318319e+00	7.6061599999999993e-02
3.7326321321321321e+00	7.6053399999999993e-02
3.7326324324324323e+00	7.6045100000000004e-02
3.7326327327327329e+00	7.6036999999999993e-02
3.7326330330330331e+00	7.6028799999999994e-02
3.7326333333333332e+00	7.6020699999999997e-02
3.7326336336336334e+00	7.6012700000000002e-02
3.7326339339339341e+00	7.6004600000000005e-02
3.7326342342342342e+00	7.5996700000000000e-02
3.7326345345345344e+00	7.5988700000000006e-02
3.7326348348348346e+00	7.5980800000000001e-02
3.7326351351351352e+00	7.5972899999999996e-02
3.7326354354354354e+00	7.5965099999999994e-02
3.7326357357357356e+00	7.5957300000000005e-02
3.7326360360360358e+00	7.5949500000000003e-02
3.7326363363363364e+00	7.5941800000000004e-02
3.7326366366366366e+00	7.5934100000000004e-02
3.7326369369369368e+00	7.5926400000000005e-02
3.7326372372372374e+00	7.5918799999999995e-02
3.7326375375375376e+00	7.5911199999999998e-02
3.7326378378378378e+00	7.5903700000000004e-02
3.7326381381381379e+00	7.5896099999999994e-02
3.7326384384384386e+00	7.5888600000000001e-02
3.7326387387387387e+00	7.5881199999999996e-02
3.7326390390390389e+00	7.5873800000000005e-02
3.7326393393393391e+00	7.5866400000000001e-02
3.7326396396396397e+00	7.5858999999999996e-02
3.7326399399399399e+00	7.5851699999999994e-02
3.7326402402402401e+00	7.5844400000000006e-02
3.7326405405405403e+00	7.5837100000000005e-02
3.7326408408408409e+00	7.5829900000000006e-02
3.7326411411411411e+00	7.5822700000000007e-02
3.7326414414414413e+00	7.5815499999999994e-02
3.7326417417417419e+00	7.5808399999999998e-02
3.7326420420420421e+00	7.5801300000000002e-02
3.7326423423423423e+00	7.5794200000000006e-02
3.7326426426426424e+00	7.5787099999999996e-02
3.7326429429429431e+00	7.5780100000000003e-02
3.7326432432432433e+00	7.5773099999999996e-02
3.7326435435435434e+00	7.5766200000000006e-02
3.7326438438438436e+00	7.5759199999999999e-02
3.7326441441441442e+00	7.5752299999999995e-02
3.7326444444444444e+00	7.5745400000000004e-02
3.7326447447447446e+00	7.5738600000000003e-02
3.7326450450450448e+00	7.5731699999999999e-02
3.7326453453453454e+00	7.5724899999999998e-02
3.7326456456456456e+00	7.5718199999999999e-02
3.7326459459459458e+00	7.5711399999999998e-02
3.7326462462462464e+00	7.5704700000000000e-02
3.7326465465465466e+00	7.5698000000000001e-02
3.7326468468468468e+00	7.5691300000000003e-02
3.7326471471471470e+00	7.5684699999999994e-02
3.7326474474474476e+00	7.5678099999999998e-02
3.7326477477477478e+00	7.5671500000000003e-02
3.7326480480480480e+00	7.5664899999999993e-02
3.7326483483483481e+00	7.5658400000000001e-02
3.7326486486486488e+00	7.5651899999999994e-02
3.7326489489489489e+00	7.5645400000000002e-02
3.7326492492492491e+00	7.5638899999999995e-02
3.7326495495495493e+00	7.5632500000000005e-02
3.7326498498498499e+00	7.5626100000000002e-02
3.7326501501501501e+00	7.5619699999999998e-02
3.7326504504504503e+00	7.5613299999999994e-02
3.7326507507507505e+00	7.5606999999999994e-02
3.7326510510510511e+00	7.5600600000000004e-02
3.7326513513513513e+00	7.5594300000000003e-02
3.7326516516516515e+00	7.5588100000000005e-02
3.7326519519519521e+00	7.5581800000000005e-02
3.7326522522522523e+00	7.5575600000000007e-02
3.7326525525525525e+00	7.5569399999999995e-02
3.7326528528528526e+00	7.5563199999999997e-02
3.7326531531531533e+00	7.5556999999999999e-02
3.7326534534534535e+00	7.5550900000000004e-02
3.7326537537537536e+00	7.5544700000000006e-02
3.7326540540540538e+00	7.5538599999999997e-02
3.7326543543543544e+00	7.5532600000000005e-02
3.7326546546546546e+00	7.5526499999999996e-02
3.7326549549549548e+00	7.5520500000000004e-02
3.7326552552552550e+00	7.5514399999999995e-02
3.7326555555555556e+00	7.5508400000000003e-02
3.7326558558558558e+00	7.5502500000000000e-02
3.7326561561561560e+00	7.5496499999999994e-02
3.7326564564564566e+00	7.5490600000000005e-02
3.7326567567567568e+00	7.5484700000000002e-02
3.7326570570570570e+00	7.5478799999999999e-02
3.7326573573573572e+00	7.5472899999999996e-02
3.7326576576576578e+00	7.5467000000000006e-02
3.7326579579579580e+00	7.5461200000000006e-02
3.7326582582582581e+00	7.5455400000000006e-02
3.7326585585585583e+00	7.5449600000000006e-02
3.7326588588588590e+00	7.5443800000000005e-02
3.7326591591591591e+00	7.5438000000000005e-02
3.7326594594594593e+00	7.5432299999999994e-02
3.7326597597597595e+00	7.5426599999999996e-02
3.7326600600600601e+00	7.5420899999999999e-02
3.7326603603603603e+00	7.5415200000000002e-02
3.7326606606606605e+00	7.5409500000000004e-02
3.7326609609609611e+00	7.5403899999999996e-02
3.7326612612612613e+00	7.5398199999999999e-02
3.7326615615615615e+00	7.5392600000000004e-02
3.7326618618618617e+00	7.5386999999999996e-02
3.7326621621621623e+00	7.5381400000000001e-02
3.7326624624624625e+00	7.5375899999999996e-02
3.7326627627627627e+00	7.5370300000000001e-02
3.7326630630630628e+00	7.5364799999999996e-02
3.7326633633633635e+00	7.5359300000000004e-02
3.7326636636636636e+00	7.5353799999999999e-02
3.7326639639639638e+00	7.5348300000000007e-02
3.7326642642642640e+00	7.5342800000000001e-02
3.7326645645645646e+00	7.5337399999999999e-02
3.7326648648648648e+00	7.5331999999999996e-02
3.7326651651651650e+00	7.5326500000000005e-02
3.7326654654654652e+00	7.5321100000000002e-02
3.7326657657657658e+00	7.5315800000000002e-02
3.7326660660660660e+00	7.5310400000000000e-02
3.7326663663663662e+00	7.5305100000000000e-02
3.7326666666666668e+00	7.5299699999999997e-02
3.7326669669669670e+00	7.5294399999999997e-02
3.7326672672672672e+00	7.5289099999999998e-02
3.7326675675675673e+00	7.5283799999999998e-02
3.7326678678678680e+00	7.5278499999999998e-02
3.7326681681681682e+00	7.5273300000000001e-02
3.7326684684684683e+00	7.5268000000000002e-02
3.7326687687687685e+00	7.5262800000000005e-02
3.7326690690690691e+00	7.5257599999999994e-02
3.7326693693693693e+00	7.5252399999999997e-02
3.7326696696696695e+00	7.5247200000000000e-02
3.7326699699699697e+00	7.5242100000000006e-02
3.7326702702702703e+00	7.5236899999999995e-02
3.7326705705705705e+00	7.5231800000000001e-02
3.7326708708708707e+00	7.5226600000000005e-02
3.7326711711711713e+00	7.5221499999999997e-02
3.7326714714714715e+00	7.5216400000000003e-02
3.7326717717717717e+00	7.5211299999999995e-02
3.7326720720720719e+00	7.5206300000000004e-02
3.7326723723723725e+00	7.5201199999999996e-02
3.7326726726726727e+00	7.5196200000000005e-02
3.7326729729729728e+00	7.5191099999999997e-02
3.7326732732732730e+00	7.5186100000000006e-02
3.7326735735735737e+00	7.5181100000000001e-02
3.7326738738738738e+00	7.5176099999999996e-02
3.7326741741741740e+00	7.5171199999999994e-02
3.7326744744744742e+00	7.5166200000000002e-02
3.7326747747747748e+00	7.5161199999999997e-02
3.7326750750750750e+00	7.5156299999999995e-02
3.7326753753753752e+00	7.5151399999999993e-02
3.7326756756756758e+00	7.5146500000000005e-02
3.7326759759759760e+00	7.5141600000000003e-02
3.7326762762762762e+00	7.5136700000000001e-02
3.7326765765765764e+00	7.5131799999999999e-02
3.7326768768768770e+00	7.5126999999999999e-02
3.7326771771771772e+00	7.5122099999999997e-02
3.7326774774774774e+00	7.5117299999999998e-02
3.7326777777777775e+00	7.5112399999999996e-02
3.7326780780780782e+00	7.5107599999999997e-02
3.7326783783783783e+00	7.5102799999999997e-02
3.7326786786786785e+00	7.5097999999999998e-02
3.7326789789789787e+00	7.5093300000000002e-02
3.7326792792792793e+00	7.5088500000000002e-02
3.7326795795795795e+00	7.5083800000000006e-02
3.7326798798798797e+00	7.5079000000000007e-02
3.7326801801801799e+00	7.5074299999999997e-02
3.7326804804804805e+00	7.5069600000000000e-02
3.7326807807807807e+00	7.5064900000000004e-02
3.7326810810810809e+00	7.5060199999999994e-02
3.7326813813813815e+00	7.5055499999999997e-02
3.7326816816816817e+00	7.5050800000000001e-02
3.7326819819819819e+00	7.5046100000000004e-02
3.7326822822822820e+00	7.5041499999999997e-02
3.7326825825825827e+00	7.5036900000000004e-02
3.7326828828828829e+00	7.5032199999999993e-02
3.7326831831831830e+00	7.5027600000000000e-02
3.7326834834834832e+00	7.5023000000000006e-02
3.7326837837837838e+00	7.5018399999999999e-02
3.7326840840840840e+00	7.5013800000000005e-02
3.7326843843843842e+00	7.5009199999999998e-02
3.7326846846846844e+00	7.5004699999999994e-02
3.7326849849849850e+00	7.5000100000000000e-02
3.7326852852852852e+00	7.4995599999999996e-02
3.7326855855855854e+00	7.4991100000000005e-02
3.7326858858858860e+00	7.4986499999999998e-02
3.7326861861861862e+00	7.4981999999999993e-02
3.7326864864864864e+00	7.4977500000000002e-02
3.7326867867867866e+00	7.4972999999999998e-02
3.7326870870870872e+00	7.4968499999999993e-02
3.7326873873873874e+00	7.4964100000000006e-02
3.7326876876876875e+00	7.4959600000000001e-02
3.7326879879879877e+00	7.4955200000000000e-02
3.7326882882882884e+00	7.4950699999999995e-02
3.7326885885885885e+00	7.4946299999999993e-02
3.7326888888888887e+00	7.4941900000000006e-02
3.7326891891891889e+00	7.4937400000000001e-02
3.7326894894894895e+00	7.4933000000000000e-02
3.7326897897897897e+00	7.4928599999999998e-02
3.7326900900900899e+00	7.4924299999999999e-02
3.7326903903903905e+00	7.4919899999999998e-02
3.7326906906906907e+00	7.4915499999999996e-02
3.7326909909909909e+00	7.4911199999999997e-02
3.7326912912912911e+00	7.4906799999999996e-02
3.7326915915915917e+00	7.4902499999999997e-02
3.7326918918918919e+00	7.4898099999999995e-02
3.7326921921921921e+00	7.4893799999999996e-02
3.7326924924924922e+00	7.4889499999999998e-02
3.7326927927927929e+00	7.4885199999999999e-02
3.7326930930930931e+00	7.4880900000000000e-02
3.7326933933933932e+00	7.4876600000000001e-02
3.7326936936936934e+00	7.4872300000000003e-02
3.7326939939939940e+00	7.4868100000000007e-02
3.7326942942942942e+00	7.4863799999999994e-02
3.7326945945945944e+00	7.4859599999999998e-02
3.7326948948948946e+00	7.4855300000000000e-02
3.7326951951951952e+00	7.4851100000000004e-02
3.7326954954954954e+00	7.4846899999999994e-02
3.7326957957957956e+00	7.4842599999999995e-02
3.7326960960960962e+00	7.4838399999999999e-02
3.7326963963963964e+00	7.4834200000000003e-02
3.7326966966966966e+00	7.4829999999999994e-02
3.7326969969969968e+00	7.4825900000000001e-02
3.7326972972972974e+00	7.4821700000000005e-02
3.7326975975975976e+00	7.4817499999999995e-02
3.7326978978978977e+00	7.4813400000000002e-02
3.7326981981981979e+00	7.4809200000000006e-02
3.7326984984984986e+00	7.4805099999999999e-02
3.7326987987987987e+00	7.4800900000000003e-02
3.7326990990990989e+00	7.4796799999999997e-02
3.7326993993993991e+00	7.4792700000000004e-02
3.7326996996996997e+00	7.4788599999999997e-02
3.7326999999999999e+00	7.4784500000000004e-02
