5.932500503750398613e-01
5.932567040097845856e-01
5.932633576445291990e-01
5.932700112792738123e-01
5.932766649140184256e-01
5.932833185487631500e-01
5.932899721835077633e-01
5.932966258182523767e-01
5.933032794529969900e-01
5.933099330877417144e-01
5.933165867224863277e-01
5.933232403572309410e-01
5.933298939919756654e-01
5.933365476267202787e-01
5.933432012614648920e-01
5.933498548962095054e-01
5.933565085309542297e-01
5.933631621656988431e-01
5.933698158004434564e-01
5.933764694351880697e-01
5.933831230699327941e-01
5.933897767046774074e-01
5.933964303394220208e-01
5.934030839741667451e-01
5.934097376089113585e-01
5.934163912436560828e-01
5.934230448784005851e-01
5.934296985131453095e-01
5.934363521478899228e-01
5.934430057826346472e-01
5.934496594173791495e-01
5.934563130521238739e-01
5.934629666868684872e-01
5.934696203216132115e-01
5.934762739563578249e-01
5.934829275911024382e-01
5.934895812258471626e-01
5.934962348605917759e-01
5.935028884953363892e-01
5.935095421300810026e-01
5.935161957648257269e-01
5.935228493995703403e-01
5.935295030343149536e-01
5.935361566690595669e-01
5.935428103038042913e-01
5.935494639385489046e-01
5.935561175732935180e-01
5.935627712080382423e-01
5.935694248427828557e-01
5.935760784775274690e-01
5.935827321122720823e-01
5.935893857470168067e-01
5.935960393817614200e-01
5.936026930165060334e-01
5.936093466512506467e-01
5.936160002859953710e-01
5.936226539207399844e-01
5.936293075554845977e-01
5.936359611902293221e-01
5.936426148249739354e-01
5.936492684597185487e-01
5.936559220944631621e-01
5.936625757292078864e-01
5.936692293639524998e-01
5.936758829986971131e-01
5.936825366334417264e-01
5.936891902681864508e-01
5.936958439029310641e-01
5.937024975376756775e-01
5.937091511724204018e-01
5.937158048071650152e-01
5.937224584419096285e-01
5.937291120766542418e-01
5.937357657113989662e-01
5.937424193461435795e-01
5.937490729808881929e-01
5.937557266156328062e-01
5.937623802503775305e-01
5.937690338851222549e-01
5.937756875198667572e-01
5.937823411546114816e-01
5.937889947893560949e-01
5.937956484241008193e-01
5.938023020588453216e-01
5.938089556935900459e-01
5.938156093283346593e-01
5.938222629630793836e-01
5.938289165978238859e-01
5.938355702325686103e-01
5.938422238673133347e-01
5.938488775020579480e-01
5.938555311368025613e-01
5.938621847715471747e-01
5.938688384062918990e-01
5.938754920410365123e-01
5.938821456757811257e-01
5.938887993105257390e-01
5.938954529452704634e-01
5.939021065800150767e-01
5.939087602147596900e-01
5.939154138495044144e-01
5.939220674842490277e-01
5.939287211189936411e-01
5.939353747537382544e-01
5.939420283884829788e-01
5.939486820232275921e-01
5.939553356579722054e-01
5.939619892927168188e-01
5.939686429274615431e-01
5.939752965622061565e-01
5.939819501969507698e-01
5.939886038316954942e-01
5.939952574664401075e-01
5.940019111011847208e-01
5.940085647359293342e-01
5.940152183706740585e-01
5.940218720054186718e-01
5.940285256401632852e-01
5.940351792749078985e-01
5.940418329096526229e-01
5.940484865443972362e-01
5.940551401791418495e-01
5.940617938138865739e-01
5.940684474486311872e-01
5.940751010833758006e-01
5.940817547181204139e-01
5.940884083528651383e-01
5.940950619876097516e-01
5.941017156223543649e-01
5.941083692570989783e-01
5.941150228918437026e-01
5.941216765265883160e-01
5.941283301613329293e-01
5.941349837960776537e-01
5.941416374308222670e-01
5.941482910655668803e-01
5.941549447003114937e-01
5.941615983350562180e-01
5.941682519698008313e-01
5.941749056045455557e-01
5.941815592392900580e-01
5.941882128740347824e-01
5.941948665087793957e-01
5.942015201435241201e-01
5.942081737782687334e-01
5.942148274130133467e-01
5.942214810477580711e-01
5.942281346825026844e-01
5.942347883172472978e-01
5.942414419519919111e-01
5.942480955867366355e-01
5.942547492214812488e-01
5.942614028562258621e-01
5.942680564909704755e-01
5.942747101257151998e-01
5.942813637604598132e-01
5.942880173952044265e-01
5.942946710299491508e-01
5.943013246646937642e-01
5.943079782994383775e-01
5.943146319341829908e-01
5.943212855689277152e-01
5.943279392036723285e-01
5.943345928384169419e-01
5.943412464731615552e-01
5.943479001079062796e-01
5.943545537426508929e-01
5.943612073773955062e-01
5.943678610121402306e-01
5.943745146468848439e-01
5.943811682816294573e-01
5.943878219163740706e-01
5.943944755511187950e-01
5.944011291858634083e-01
5.944077828206080216e-01
5.944144364553526350e-01
5.944210900900973593e-01
5.944277437248419727e-01
5.944343973595865860e-01
5.944410509943313103e-01
5.944477046290759237e-01
5.944543582638205370e-01
5.944610118985651503e-01
5.944676655333098747e-01
5.944743191680544880e-01
5.944809728027991014e-01
5.944876264375437147e-01
5.944942800722884391e-01
5.945009337070330524e-01
5.945075873417776657e-01
5.945142409765223901e-01
5.945208946112670034e-01
5.945275482460116168e-01
5.945342018807562301e-01
5.945408555155009545e-01
5.945475091502455678e-01
5.945541627849901811e-01
5.945608164197347945e-01
5.945674700544795188e-01
5.945741236892241321e-01
5.945807773239687455e-01
5.945874309587134698e-01
5.945940845934580832e-01
5.946007382282028075e-01
5.946073918629474209e-01
5.946140454976920342e-01
5.946206991324366475e-01
5.946273527671813719e-01
5.946340064019259852e-01
5.946406600366705986e-01
5.946473136714152119e-01
5.946539673061599363e-01
5.946606209409045496e-01
5.946672745756491629e-01
5.946739282103938873e-01
5.946805818451385006e-01
5.946872354798831140e-01
5.946938891146277273e-01
5.947005427493724516e-01
5.947071963841170650e-01
5.947138500188616783e-01
5.947205036536062916e-01
5.947271572883510160e-01
5.947338109230956293e-01
5.947404645578402427e-01
5.947471181925849670e-01
5.947537718273295804e-01
5.947604254620741937e-01
5.947670790968188070e-01
5.947737327315635314e-01
5.947803863663081447e-01
5.947870400010527581e-01
5.947936936357973714e-01
5.948003472705420958e-01
5.948070009052867091e-01
5.948136545400313224e-01
5.948203081747760468e-01
5.948269618095206601e-01
5.948336154442652735e-01
5.948402690790098868e-01
5.948469227137546111e-01
5.948535763484992245e-01
5.948602299832438378e-01
5.948668836179884511e-01
5.948735372527331755e-01
5.948801908874777888e-01
5.948868445222224022e-01
5.948934981569671265e-01
5.949001517917117399e-01
5.949068054264563532e-01
5.949134590612009665e-01
5.949201126959456909e-01
5.949267663306903042e-01
5.949334199654349176e-01
5.949400736001795309e-01
5.949467272349242553e-01
5.949533808696689796e-01
5.949600345044134819e-01
5.949666881391582063e-01
5.949733417739028196e-01
5.949799954086475440e-01
5.949866490433920463e-01
5.949933026781367706e-01
5.949999563128813840e-01
5.950066099476261083e-01
5.950132635823706106e-01
5.950199172171153350e-01
5.950265708518600594e-01
5.950332244866046727e-01
5.950398781213492860e-01
5.950465317560938994e-01
5.950531853908386237e-01
5.950598390255832371e-01
5.950664926603278504e-01
5.950731462950724637e-01
5.950797999298171881e-01
5.950864535645618014e-01
5.950931071993064148e-01
5.950997608340511391e-01
5.951064144687957524e-01
5.951130681035403658e-01
5.951197217382849791e-01
5.951263753730297035e-01
5.951330290077743168e-01
5.951396826425189301e-01
5.951463362772635435e-01
5.951529899120082678e-01
5.951596435467528812e-01
5.951662971814974945e-01
5.951729508162422189e-01
5.951796044509868322e-01
5.951862580857314455e-01
5.951929117204760589e-01
5.951995653552207832e-01
5.952062189899653966e-01
5.952128726247100099e-01
5.952195262594546232e-01
5.952261798941993476e-01
5.952328335289439609e-01
5.952394871636885743e-01
