6.288510000000000410e-04
6.358899999999999579e-04
6.429769999999999800e-04
6.501130000000000147e-04
6.572989999999999692e-04
6.645349999999999521e-04
6.718219999999999791e-04
6.791609999999999574e-04
6.865509999999999799e-04
6.939939999999999694e-04
7.014910000000000503e-04
7.090409999999999898e-04
7.166450000000000207e-04
7.243049999999999575e-04
7.320210000000000172e-04
7.397939999999999985e-04
7.476240000000000099e-04
7.555129999999999745e-04
7.634610000000000007e-04
7.714689999999999959e-04
7.795379999999999757e-04
7.876680000000000487e-04
7.958620000000000451e-04
8.041199999999999650e-04
8.124420000000000253e-04
8.208309999999999478e-04
8.292869999999999495e-04
8.378110000000000461e-04
8.464050000000000523e-04
8.550699999999999837e-04
8.638069999999999646e-04
8.726180000000000265e-04
8.815029999999999524e-04
8.904650000000000065e-04
8.995060000000000035e-04
9.086250000000000359e-04
9.178269999999999658e-04
9.271109999999999941e-04
9.364809999999999671e-04
9.459369999999999931e-04
9.554820000000000110e-04
9.651189999999999596e-04
9.748479999999999472e-04
9.846729999999999285e-04
9.945959999999999350e-04
1.004619999999999905e-03
1.014750000000000027e-03
1.024979999999999988e-03
1.035319999999999947e-03
1.045769999999999903e-03
1.056340000000000013e-03
1.067019999999999904e-03
1.077830000000000107e-03
1.088760000000000032e-03
1.099820000000000051e-03
1.111009999999999949e-03
1.122340000000000100e-03
1.133820000000000010e-03
1.145439999999999956e-03
1.157210000000000096e-03
1.169129999999999996e-03
1.181219999999999970e-03
1.193480000000000018e-03
1.205920000000000082e-03
1.218530000000000004e-03
1.231330000000000098e-03
1.244330000000000089e-03
1.257529999999999976e-03
1.270939999999999917e-03
1.284580000000000010e-03
1.298440000000000098e-03
1.312540000000000061e-03
1.326899999999999998e-03
1.341519999999999909e-03
1.356409999999999951e-03
1.371590000000000005e-03
1.387079999999999954e-03
1.402880000000000012e-03
1.419010000000000063e-03
1.435499999999999927e-03
1.452359999999999979e-03
1.469610000000000100e-03
1.487269999999999955e-03
1.505370000000000015e-03
1.523929999999999946e-03
1.542989999999999943e-03
1.562570000000000105e-03
1.582700000000000036e-03
1.603430000000000090e-03
1.624800000000000029e-03
1.646839999999999892e-03
1.669600000000000034e-03
1.693150000000000037e-03
1.717540000000000039e-03
1.742829999999999900e-03
1.769100000000000013e-03
1.796429999999999902e-03
1.824920000000000058e-03
1.854650000000000005e-03
1.885750000000000056e-03
1.918350000000000090e-03
1.952589999999999925e-03
1.988639999999999852e-03
2.026700000000000203e-03
2.066970000000000005e-03
2.109719999999999825e-03
2.155230000000000166e-03
2.203849999999999820e-03
2.255979999999999878e-03
2.312090000000000152e-03
2.372739999999999919e-03
2.438599999999999969e-03
2.510479999999999830e-03
2.589390000000000008e-03
2.676519999999999941e-03
2.773410000000000025e-03
2.881949999999999876e-03
3.004580000000000185e-03
3.144450000000000023e-03
3.305730000000000213e-03
3.494010000000000084e-03
3.716960000000000056e-03
3.985409999999999994e-03
4.315079999999999784e-03
4.729670000000000055e-03
5.266410000000000015e-03
5.987059999999999778e-03
7.001049999999999982e-03
8.519979999999999914e-03
1.100379999999999935e-02
1.563519999999999840e-02
2.635929999999999870e-02
6.401529999999999720e-02
3.306890000000000107e-01
7.365520000000000400e-02
1.256679999999999950e-02
3.469760000000000118e-03
1.084600000000000017e-03
3.093269999999999744e-04
5.543789999999999992e-05
5.307290000000000271e-08
2.681090000000000109e-05
8.823209999999999842e-05
1.633270000000000034e-04
2.423659999999999899e-04
3.207640000000000209e-04
3.964099999999999807e-04
4.684189999999999751e-04
5.365289999999999990e-04
6.007859999999999633e-04
6.613889999999999656e-04
7.186020000000000428e-04
7.727100000000000201e-04
8.239929999999999694e-04
8.727189999999999904e-04
9.191369999999999922e-04
9.634729999999999553e-04
1.005929999999999932e-03
1.046700000000000018e-03
1.085950000000000023e-03
1.123819999999999984e-03
1.160460000000000094e-03
1.195979999999999916e-03
1.230509999999999981e-03
1.264130000000000028e-03
1.296950000000000056e-03
1.329040000000000082e-03
1.360480000000000066e-03
1.391349999999999965e-03
1.421699999999999917e-03
1.451599999999999939e-03
1.481109999999999892e-03
1.510279999999999912e-03
1.539149999999999980e-03
1.567770000000000014e-03
1.596189999999999935e-03
1.624460000000000097e-03
1.652590000000000005e-03
1.680649999999999896e-03
1.708660000000000083e-03
1.736670000000000054e-03
1.764699999999999906e-03
1.792790000000000052e-03
1.820980000000000038e-03
1.849310000000000060e-03
1.877799999999999999e-03
1.906490000000000051e-03
1.935410000000000038e-03
1.964619999999999821e-03
1.994130000000000208e-03
2.023979999999999876e-03
2.054230000000000205e-03
2.084900000000000208e-03
2.116049999999999962e-03
2.147700000000000217e-03
2.179920000000000121e-03
2.212749999999999873e-03
2.246249999999999983e-03
2.280460000000000213e-03
2.315450000000000147e-03
2.351279999999999863e-03
2.388019999999999813e-03
2.425740000000000014e-03
2.464519999999999992e-03
2.504450000000000079e-03
2.545609999999999800e-03
2.588120000000000177e-03
2.632080000000000183e-03
2.677609999999999973e-03
2.724850000000000015e-03
2.773939999999999913e-03
2.825040000000000016e-03
2.878330000000000125e-03
2.934019999999999857e-03
2.992320000000000136e-03
3.053489999999999850e-03
3.117799999999999998e-03
3.185569999999999981e-03
3.257159999999999830e-03
3.332970000000000203e-03
3.413470000000000046e-03
3.499190000000000113e-03
3.590719999999999936e-03
3.688799999999999892e-03
3.794220000000000058e-03
3.907970000000000194e-03
4.031159999999999778e-03
4.165140000000000335e-03
4.311510000000000169e-03
4.472190000000000019e-03
4.649519999999999868e-03
4.846350000000000137e-03
5.066219999999999751e-03
5.313520000000000396e-03
5.593850000000000038e-03
5.914339999999999702e-03
6.284299999999999609e-03
6.716040000000000378e-03
7.226149999999999761e-03
7.837520000000000597e-03
8.582450000000000148e-03
9.507989999999999151e-03
1.068490000000000065e-02
1.222419999999999930e-02
1.430859999999999944e-02
1.725799999999999904e-02
2.167710000000000123e-02
2.882859999999999936e-02
4.172580000000000039e-02
6.898899999999999477e-02
1.414100000000000079e-01
3.435400000000000120e-01
2.566039999999999988e-01
7.683349999999999902e-02
2.847119999999999859e-02
1.275530000000000067e-02
6.361249999999999717e-03
3.354269999999999908e-03
1.805249999999999997e-03
9.621849999999999500e-04
4.909829999999999577e-04
2.281209999999999933e-04
8.743949999999999520e-05
2.085390000000000036e-05
2.725169999999999778e-07
8.672430000000000584e-06
3.542890000000000226e-05
7.375179999999999410e-05
1.192200000000000003e-04
1.689139999999999891e-04
2.208869999999999877e-04
2.738320000000000034e-04
3.268750000000000171e-04
3.794299999999999908e-04
4.311140000000000198e-04
4.816800000000000096e-04
5.309759999999999524e-04
5.789190000000000048e-04
6.254709999999999480e-04
6.706260000000000129e-04
7.144000000000000176e-04
7.568250000000000324e-04
7.979410000000000365e-04
8.377950000000000111e-04
8.764369999999999843e-04
9.139200000000000318e-04
9.502949999999999809e-04
9.856150000000000154e-04
1.019930000000000055e-03
1.053289999999999912e-03
1.085739999999999969e-03
1.117319999999999989e-03
1.148080000000000107e-03
1.178060000000000088e-03
1.207299999999999910e-03
1.235830000000000045e-03
1.263690000000000039e-03
1.290920000000000088e-03
1.317529999999999916e-03
1.343570000000000094e-03
