5.064649999999999968e-04
5.120469999999999579e-04
5.176650000000000522e-04
5.233220000000000016e-04
5.290170000000000072e-04
5.347509999999999764e-04
5.405250000000000332e-04
5.463380000000000536e-04
5.521910000000000533e-04
5.580840000000000323e-04
5.640190000000000221e-04
5.699950000000000069e-04
5.760140000000000182e-04
5.820750000000000403e-04
5.881789999999999805e-04
5.943269999999999630e-04
6.005200000000000034e-04
6.067569999999999778e-04
6.130410000000000416e-04
6.193699999999999466e-04
6.257469999999999569e-04
6.321719999999999640e-04
6.386449999999999679e-04
6.451680000000000002e-04
6.517400000000000450e-04
6.583640000000000412e-04
6.650399999999999888e-04
6.717690000000000120e-04
6.785510000000000022e-04
6.853879999999999912e-04
6.922809999999999945e-04
6.992310000000000279e-04
7.062389999999999987e-04
7.133060000000000312e-04
7.204340000000000483e-04
7.276230000000000501e-04
7.348749999999999597e-04
7.421920000000000253e-04
7.495740000000000302e-04
7.570240000000000215e-04
7.645419999999999994e-04
7.721310000000000109e-04
7.797919999999999635e-04
7.875269999999999970e-04
7.953380000000000345e-04
8.032259999999999834e-04
8.111950000000000150e-04
8.192450000000000209e-04
8.273799999999999558e-04
8.356000000000000363e-04
8.439100000000000160e-04
8.523120000000000349e-04
8.608080000000000159e-04
8.693999999999999905e-04
8.780930000000000376e-04
8.868899999999999874e-04
8.957929999999999799e-04
9.048059999999999697e-04
9.139320000000000039e-04
9.231769999999999603e-04
9.325429999999999787e-04
9.420350000000000295e-04
9.516579999999999744e-04
9.614170000000000008e-04
9.713169999999999703e-04
9.813619999999999462e-04
9.915600000000000542e-04
1.001919999999999894e-03
1.012440000000000085e-03
1.023129999999999916e-03
1.033999999999999980e-03
1.045059999999999999e-03
1.056309999999999975e-03
1.067770000000000004e-03
1.079440000000000087e-03
1.091340000000000105e-03
1.103470000000000058e-03
1.115850000000000045e-03
1.128490000000000005e-03
1.141400000000000097e-03
1.154609999999999925e-03
1.168109999999999982e-03
1.181940000000000031e-03
1.196110000000000012e-03
1.210640000000000023e-03
1.225560000000000104e-03
1.240879999999999978e-03
1.256640000000000057e-03
1.272860000000000007e-03
1.289570000000000083e-03
1.306810000000000046e-03
1.324620000000000094e-03
1.343030000000000048e-03
1.362099999999999986e-03
1.381880000000000044e-03
1.402419999999999925e-03
1.423779999999999924e-03
1.446039999999999999e-03
1.469279999999999892e-03
1.493589999999999935e-03
1.519060000000000028e-03
1.545809999999999892e-03
1.573970000000000057e-03
1.603700000000000004e-03
1.635149999999999928e-03
1.668530000000000100e-03
1.704070000000000020e-03
1.742030000000000097e-03
1.782720000000000008e-03
1.826509999999999939e-03
1.873829999999999940e-03
1.925220000000000056e-03
1.981300000000000075e-03
2.042840000000000194e-03
2.110780000000000035e-03
2.186319999999999843e-03
2.270920000000000057e-03
2.366469999999999858e-03
2.475440000000000192e-03
2.601040000000000210e-03
2.747600000000000216e-03
2.921089999999999885e-03
3.129890000000000189e-03
3.386169999999999979e-03
3.708260000000000115e-03
4.124949999999999624e-03
4.683920000000000271e-03
5.469569999999999987e-03
6.644889999999999651e-03
8.563539999999999694e-03
1.213290000000000028e-02
2.037349999999999925e-02
4.925199999999999717e-02
2.681040000000000090e-01
6.030930000000000318e-02
9.937269999999999784e-03
2.703269999999999805e-03
8.333700000000000526e-04
2.325399999999999928e-04
3.925949999999999910e-05
1.373409999999999955e-08
2.398239999999999929e-05
7.430620000000000356e-05
1.347820000000000116e-04
1.979510000000000026e-04
2.603300000000000232e-04
3.203400000000000128e-04
3.773420000000000203e-04
4.311650000000000096e-04
4.818749999999999900e-04
5.296460000000000447e-04
5.747010000000000529e-04
6.172719999999999813e-04
6.575899999999999974e-04
6.958700000000000172e-04
7.323129999999999527e-04
7.671000000000000518e-04
8.003959999999999851e-04
8.323490000000000229e-04
8.630919999999999825e-04
8.927460000000000343e-04
9.214190000000000358e-04
9.492079999999999962e-04
9.762020000000000159e-04
1.002480000000000038e-03
1.028119999999999989e-03
1.053179999999999915e-03
1.077719999999999893e-03
1.101809999999999942e-03
1.125480000000000100e-03
1.148799999999999951e-03
1.171799999999999968e-03
1.194519999999999913e-03
1.217009999999999923e-03
1.239290000000000096e-03
1.261409999999999918e-03
1.283400000000000079e-03
1.305289999999999966e-03
1.327099999999999894e-03
1.348880000000000001e-03
1.370640000000000009e-03
1.392409999999999958e-03
1.414230000000000044e-03
1.436109999999999991e-03
1.458089999999999994e-03
1.480189999999999935e-03
1.502440000000000069e-03
1.524870000000000001e-03
1.547500000000000047e-03
1.570369999999999969e-03
1.593500000000000081e-03
1.616919999999999989e-03
1.640659999999999948e-03
1.664770000000000095e-03
1.689259999999999937e-03
1.714180000000000044e-03
1.739569999999999962e-03
1.765459999999999946e-03
1.791889999999999976e-03
1.818919999999999912e-03
1.846589999999999950e-03
1.874959999999999951e-03
1.904069999999999895e-03
1.933990000000000015e-03
1.964790000000000113e-03
1.996529999999999833e-03
2.029299999999999941e-03
2.063170000000000021e-03
2.098249999999999855e-03
2.134619999999999834e-03
2.172410000000000053e-03
2.211729999999999859e-03
2.252720000000000156e-03
2.295539999999999994e-03
2.340350000000000156e-03
2.387339999999999948e-03
2.436729999999999799e-03
2.488760000000000017e-03
2.543679999999999986e-03
2.601819999999999914e-03
2.663519999999999950e-03
2.729189999999999828e-03
2.799269999999999970e-03
2.874320000000000087e-03
2.954950000000000025e-03
3.041869999999999904e-03
3.135950000000000196e-03
3.238200000000000106e-03
3.349809999999999940e-03
3.472219999999999820e-03
3.607200000000000076e-03
3.756869999999999828e-03
3.923870000000000309e-03
4.111479999999999822e-03
4.323869999999999623e-03
4.566330000000000389e-03
4.845750000000000231e-03
5.171249999999999632e-03
5.555029999999999864e-03
6.013909999999999915e-03
6.571529999999999906e-03
7.262160000000000143e-03
8.137099999999999542e-03
9.276299999999999477e-03
1.081050000000000066e-02
1.296669999999999941e-02
1.616920000000000163e-02
2.129249999999999893e-02
3.038930000000000103e-02
4.922279999999999711e-02
9.832970000000000599e-02
2.522789999999999755e-01
2.485009999999999997e-01
7.118720000000000603e-02
2.495730000000000171e-02
1.083719999999999996e-02
5.301949999999999719e-03
2.759269999999999865e-03
1.470420000000000060e-03
7.773059999999999605e-04
3.935930000000000244e-04
1.813109999999999993e-04
6.864790000000000388e-05
1.591929999999999851e-05
1.348430000000000117e-07
7.462660000000000307e-06
2.932490000000000107e-05
6.027170000000000097e-05
9.677449999999999984e-05
1.365159999999999920e-04
1.779580000000000062e-04
2.200770000000000005e-04
2.621899999999999817e-04
3.038450000000000157e-04
3.447470000000000113e-04
3.847100000000000216e-04
4.236220000000000176e-04
4.614250000000000079e-04
4.980920000000000009e-04
5.336250000000000281e-04
5.680420000000000478e-04
6.013700000000000512e-04
6.336440000000000475e-04
6.649050000000000316e-04
6.951939999999999986e-04
7.245549999999999907e-04
7.530310000000000345e-04
7.806630000000000166e-04
8.074939999999999635e-04
8.335620000000000399e-04
8.589049999999999766e-04
8.835610000000000469e-04
9.075640000000000270e-04
9.309459999999999871e-04
9.537379999999999816e-04
9.759700000000000493e-04
9.976699999999999804e-04
1.018859999999999905e-03
1.039570000000000077e-03
1.059830000000000104e-03
