3.7320000000000002e+00	8.0052300000000007e-02
3.7320010010010014e+00	8.0044000000000004e-02
3.7320020020020022e+00	8.0035700000000001e-02
3.7320030030030034e+00	8.0027399999999999e-02
3.7320040040040041e+00	8.0019099999999996e-02
3.7320050050050053e+00	8.0010800000000007e-02
3.7320060060060061e+00	8.0002500000000004e-02
3.7320070070070073e+00	7.9994200000000001e-02
3.7320080080080080e+00	7.9985899999999999e-02
3.7320090090090092e+00	7.9977599999999996e-02
3.7320100100100104e+00	7.9969200000000004e-02
3.7320110110110112e+00	7.9960900000000001e-02
3.7320120120120124e+00	7.9952599999999999e-02
3.7320130130130131e+00	7.9944299999999996e-02
3.7320140140140143e+00	7.9935999999999993e-02
3.7320150150150151e+00	7.9927600000000001e-02
3.7320160160160163e+00	7.9919299999999999e-02
3.7320170170170170e+00	7.9910999999999996e-02
3.7320180180180182e+00	7.9902699999999993e-02
3.7320190190190190e+00	7.9894300000000001e-02
3.7320200200200202e+00	7.9885999999999999e-02
3.7320210210210214e+00	7.9877699999999996e-02
3.7320220220220222e+00	7.9869399999999993e-02
3.7320230230230234e+00	7.9861000000000001e-02
3.7320240240240241e+00	7.9852699999999999e-02
3.7320250250250253e+00	7.9844399999999996e-02
3.7320260260260261e+00	7.9836000000000004e-02
3.7320270270270273e+00	7.9827700000000001e-02
3.7320280280280280e+00	7.9819299999999996e-02
3.7320290290290292e+00	7.9811000000000007e-02
3.7320300300300304e+00	7.9802600000000001e-02
3.7320310310310312e+00	7.9794299999999999e-02
3.7320320320320324e+00	7.9785999999999996e-02
3.7320330330330331e+00	7.9777600000000004e-02
3.7320340340340343e+00	7.9769300000000001e-02
3.7320350350350351e+00	7.9760899999999996e-02
3.7320360360360363e+00	7.9752600000000007e-02
3.7320370370370370e+00	7.9744200000000001e-02
3.7320380380380382e+00	7.9735799999999996e-02
3.7320390390390394e+00	7.9727500000000007e-02
3.7320400400400402e+00	7.9719100000000001e-02
3.7320410410410414e+00	7.9710799999999998e-02
3.7320420420420422e+00	7.9702400000000007e-02
3.7320430430430434e+00	7.9694000000000001e-02
3.7320440440440441e+00	7.9685699999999998e-02
3.7320450450450453e+00	7.9677300000000006e-02
3.7320460460460461e+00	7.9668900000000001e-02
3.7320470470470473e+00	7.9660599999999998e-02
3.7320480480480485e+00	7.9652200000000006e-02
3.7320490490490492e+00	7.9643800000000001e-02
3.7320500500500504e+00	7.9635399999999995e-02
3.7320510510510512e+00	7.9627100000000006e-02
3.7320520520520524e+00	7.9618700000000001e-02
3.7320530530530531e+00	7.9610299999999995e-02
3.7320540540540543e+00	7.9601900000000003e-02
3.7320550550550551e+00	7.9593499999999998e-02
3.7320560560560563e+00	7.9585100000000006e-02
3.7320570570570570e+00	7.9576700000000000e-02
3.7320580580580582e+00	7.9568299999999995e-02
3.7320590590590594e+00	7.9560000000000006e-02
3.7320600600600602e+00	7.9551600000000000e-02
3.7320610610610614e+00	7.9543199999999994e-02
3.7320620620620621e+00	7.9534800000000003e-02
3.7320630630630633e+00	7.9526399999999997e-02
3.7320640640640641e+00	7.9517900000000002e-02
3.7320650650650653e+00	7.9509499999999997e-02
3.7320660660660661e+00	7.9501100000000005e-02
3.7320670670670673e+00	7.9492699999999999e-02
3.7320680680680685e+00	7.9484299999999994e-02
3.7320690690690692e+00	7.9475900000000002e-02
3.7320700700700704e+00	7.9467499999999996e-02
3.7320710710710712e+00	7.9459000000000002e-02
3.7320720720720724e+00	7.9450599999999996e-02
3.7320730730730731e+00	7.9442200000000004e-02
3.7320740740740743e+00	7.9433799999999999e-02
3.7320750750750751e+00	7.9425300000000004e-02
3.7320760760760763e+00	7.9416899999999999e-02
3.7320770770770775e+00	7.9408500000000007e-02
3.7320780780780782e+00	7.9399999999999998e-02
3.7320790790790794e+00	7.9391600000000007e-02
3.7320800800800802e+00	7.9383099999999998e-02
3.7320810810810814e+00	7.9374700000000006e-02
3.7320820820820821e+00	7.9366300000000001e-02
3.7320830830830833e+00	7.9357800000000006e-02
3.7320840840840841e+00	7.9349299999999998e-02
3.7320850850850853e+00	7.9340900000000006e-02
3.7320860860860865e+00	7.9332399999999997e-02
3.7320870870870873e+00	7.9324000000000006e-02
3.7320880880880885e+00	7.9315499999999997e-02
3.7320890890890892e+00	7.9307000000000002e-02
3.7320900900900904e+00	7.9298599999999997e-02
3.7320910910910912e+00	7.9290100000000002e-02
3.7320920920920924e+00	7.9281599999999994e-02
3.7320930930930931e+00	7.9273099999999999e-02
3.7320940940940943e+00	7.9264699999999993e-02
3.7320950950950951e+00	7.9256199999999999e-02
3.7320960960960963e+00	7.9247700000000004e-02
3.7320970970970975e+00	7.9239199999999996e-02
3.7320980980980982e+00	7.9230700000000001e-02
3.7320990990990994e+00	7.9222200000000007e-02
3.7321001001001002e+00	7.9213699999999998e-02
3.7321011011011014e+00	7.9205200000000003e-02
3.7321021021021021e+00	7.9196699999999995e-02
3.7321031031031033e+00	7.9188200000000000e-02
3.7321041041041041e+00	7.9179700000000006e-02
3.7321051051051053e+00	7.9171199999999997e-02
3.7321061061061065e+00	7.9162700000000003e-02
3.7321071071071072e+00	7.9154100000000005e-02
3.7321081081081084e+00	7.9145599999999997e-02
3.7321091091091092e+00	7.9137100000000002e-02
3.7321101101101104e+00	7.9128599999999993e-02
3.7321111111111112e+00	7.9119999999999996e-02
3.7321121121121124e+00	7.9111500000000001e-02
3.7321131131131131e+00	7.9103000000000007e-02
3.7321141141141143e+00	7.9094399999999995e-02
3.7321151151151155e+00	7.9085900000000001e-02
3.7321161161161163e+00	7.9077300000000003e-02
3.7321171171171175e+00	7.9068799999999995e-02
3.7321181181181182e+00	7.9060199999999997e-02
3.7321191191191194e+00	7.9051600000000000e-02
3.7321201201201202e+00	7.9043100000000005e-02
3.7321211211211214e+00	7.9034499999999994e-02
3.7321221221221221e+00	7.9025899999999996e-02
3.7321231231231233e+00	7.9017400000000002e-02
3.7321241241241245e+00	7.9008800000000004e-02
3.7321251251251253e+00	7.9000200000000007e-02
3.7321261261261265e+00	7.8991599999999995e-02
3.7321271271271272e+00	7.8982999999999998e-02
3.7321281281281284e+00	7.8974400000000000e-02
3.7321291291291292e+00	7.8965800000000003e-02
3.7321301301301304e+00	7.8957200000000005e-02
3.7321311311311312e+00	7.8948599999999994e-02
3.7321321321321324e+00	7.8939999999999996e-02
3.7321331331331331e+00	7.8931399999999999e-02
3.7321341341341343e+00	7.8922800000000001e-02
3.7321351351351355e+00	7.8914100000000001e-02
3.7321361361361363e+00	7.8905500000000003e-02
3.7321371371371375e+00	7.8896900000000006e-02
3.7321381381381382e+00	7.8888299999999995e-02
3.7321391391391394e+00	7.8879599999999994e-02
3.7321401401401402e+00	7.8870999999999997e-02
3.7321411411411414e+00	7.8862299999999996e-02
3.7321421421421421e+00	7.8853699999999999e-02
3.7321431431431433e+00	7.8844999999999998e-02
3.7321441441441445e+00	7.8836299999999998e-02
3.7321451451451453e+00	7.8827700000000001e-02
3.7321461461461465e+00	7.8819000000000000e-02
3.7321471471471472e+00	7.8810300000000000e-02
3.7321481481481484e+00	7.8801599999999999e-02
3.7321491491491492e+00	7.8793000000000002e-02
3.7321501501501504e+00	7.8784300000000002e-02
3.7321511511511511e+00	7.8775600000000001e-02
3.7321521521521523e+00	7.8766900000000001e-02
3.7321531531531535e+00	7.8758200000000000e-02
3.7321541541541543e+00	7.8749399999999997e-02
3.7321551551551555e+00	7.8740699999999997e-02
3.7321561561561563e+00	7.8731999999999996e-02
3.7321571571571575e+00	7.8723299999999996e-02
3.7321581581581582e+00	7.8714599999999996e-02
3.7321591591591594e+00	7.8705800000000006e-02
3.7321601601601602e+00	7.8697100000000006e-02
3.7321611611611614e+00	7.8688300000000003e-02
3.7321621621621626e+00	7.8679600000000002e-02
3.7321631631631633e+00	7.8670799999999999e-02
3.7321641641641645e+00	7.8662099999999999e-02
3.7321651651651653e+00	7.8653299999999995e-02
3.7321661661661665e+00	7.8644500000000006e-02
3.7321671671671672e+00	7.8635700000000003e-02
3.7321681681681684e+00	7.8626900000000000e-02
3.7321691691691692e+00	7.8618099999999996e-02
3.7321701701701704e+00	7.8609399999999996e-02
3.7321711711711711e+00	7.8600500000000004e-02
3.7321721721721723e+00	7.8591700000000000e-02
3.7321731731731735e+00	7.8582899999999997e-02
3.7321741741741743e+00	7.8574099999999994e-02
3.7321751751751755e+00	7.8565300000000005e-02
3.7321761761761763e+00	7.8556399999999998e-02
3.7321771771771775e+00	7.8547599999999995e-02
3.7321781781781782e+00	7.8538800000000006e-02
3.7321791791791794e+00	7.8529900000000000e-02
3.7321801801801802e+00	7.8520999999999994e-02
3.7321811811811814e+00	7.8512200000000004e-02
3.7321821821821826e+00	7.8503299999999998e-02
3.7321831831831833e+00	7.8494400000000006e-02
3.7321841841841845e+00	7.8485500000000000e-02
3.7321851851851853e+00	7.8476599999999994e-02
3.7321861861861865e+00	7.8467700000000001e-02
3.7321871871871872e+00	7.8458799999999995e-02
3.7321881881881884e+00	7.8449900000000003e-02
3.7321891891891892e+00	7.8440999999999997e-02
3.7321901901901904e+00	7.8432100000000005e-02
3.7321911911911916e+00	7.8423099999999996e-02
3.7321921921921923e+00	7.8414200000000003e-02
3.7321931931931935e+00	7.8405299999999997e-02
3.7321941941941943e+00	7.8396300000000002e-02
3.7321951951951955e+00	7.8387299999999993e-02
3.7321961961961962e+00	7.8378400000000001e-02
3.7321971971971974e+00	7.8369400000000006e-02
3.7321981981981982e+00	7.8360399999999997e-02
3.7321991991991994e+00	7.8351400000000002e-02
3.7322002002002006e+00	7.8342400000000006e-02
3.7322012012012014e+00	7.8333399999999997e-02
3.7322022022022026e+00	7.8324400000000002e-02
3.7322032032032033e+00	7.8315300000000004e-02
3.7322042042042045e+00	7.8306299999999995e-02
3.7322052052052053e+00	7.8297300000000000e-02
3.7322062062062065e+00	7.8288200000000002e-02
3.7322072072072072e+00	7.8279199999999993e-02
3.7322082082082084e+00	7.8270099999999995e-02
3.7322092092092092e+00	7.8260999999999997e-02
3.7322102102102104e+00	7.8251899999999999e-02
3.7322112112112116e+00	7.8242800000000001e-02
3.7322122122122123e+00	7.8233700000000003e-02
3.7322132132132135e+00	7.8224600000000005e-02
3.7322142142142143e+00	7.8215499999999993e-02
3.7322152152152155e+00	7.8206399999999995e-02
3.7322162162162162e+00	7.8197199999999994e-02
3.7322172172172174e+00	7.8188099999999996e-02
3.7322182182182182e+00	7.8178899999999996e-02
3.7322192192192194e+00	7.8169799999999998e-02
3.7322202202202206e+00	7.8160599999999997e-02
3.7322212212212214e+00	7.8151399999999996e-02
3.7322222222222226e+00	7.8142199999999995e-02
3.7322232232232233e+00	7.8132999999999994e-02
3.7322242242242245e+00	7.8123799999999993e-02
3.7322252252252253e+00	7.8114500000000003e-02
3.7322262262262265e+00	7.8105300000000003e-02
3.7322272272272272e+00	7.8096100000000002e-02
3.7322282282282284e+00	7.8086799999999998e-02
3.7322292292292296e+00	7.8077499999999994e-02
3.7322302302302304e+00	7.8068299999999993e-02
3.7322312312312316e+00	7.8059000000000003e-02
3.7322322322322323e+00	7.8049700000000000e-02
3.7322332332332335e+00	7.8040300000000007e-02
3.7322342342342343e+00	7.8031000000000003e-02
3.7322352352352355e+00	7.8021699999999999e-02
3.7322362362362362e+00	7.8012300000000007e-02
3.7322372372372374e+00	7.8003000000000003e-02
3.7322382382382386e+00	7.7993599999999996e-02
3.7322392392392394e+00	7.7984200000000004e-02
3.7322402402402406e+00	7.7974799999999997e-02
3.7322412412412413e+00	7.7965400000000004e-02
3.7322422422422425e+00	7.7955999999999998e-02
3.7322432432432433e+00	7.7946600000000005e-02
3.7322442442442445e+00	7.7937099999999995e-02
3.7322452452452453e+00	7.7927700000000003e-02
3.7322462462462465e+00	7.7918200000000007e-02
3.7322472472472472e+00	7.7908699999999997e-02
3.7322482482482484e+00	7.7899300000000005e-02
3.7322492492492496e+00	7.7889700000000006e-02
3.7322502502502504e+00	7.7880199999999997e-02
3.7322512512512516e+00	7.7870700000000001e-02
3.7322522522522523e+00	7.7861100000000003e-02
3.7322532532532535e+00	7.7851600000000007e-02
3.7322542542542543e+00	7.7841999999999995e-02
3.7322552552552555e+00	7.7832399999999996e-02
3.7322562562562562e+00	7.7822799999999998e-02
3.7322572572572574e+00	7.7813199999999999e-02
3.7322582582582586e+00	7.7803600000000001e-02
3.7322592592592594e+00	7.7793899999999999e-02
3.7322602602602606e+00	7.7784300000000001e-02
3.7322612612612613e+00	7.7774599999999999e-02
3.7322622622622625e+00	7.7764899999999998e-02
3.7322632632632633e+00	7.7755199999999997e-02
3.7322642642642645e+00	7.7745499999999995e-02
3.7322652652652653e+00	7.7735700000000005e-02
3.7322662662662665e+00	7.7726000000000003e-02
3.7322672672672677e+00	7.7716199999999999e-02
3.7322682682682684e+00	7.7706399999999995e-02
3.7322692692692696e+00	7.7696600000000005e-02
3.7322702702702704e+00	7.7686800000000000e-02
3.7322712712712716e+00	7.7676899999999993e-02
3.7322722722722723e+00	7.7667100000000003e-02
3.7322732732732735e+00	7.7657199999999996e-02
3.7322742742742743e+00	7.7647300000000002e-02
3.7322752752752755e+00	7.7637399999999995e-02
3.7322762762762767e+00	7.7627500000000002e-02
3.7322772772772774e+00	7.7617500000000006e-02
3.7322782782782786e+00	7.7607599999999999e-02
3.7322792792792794e+00	7.7597600000000003e-02
3.7322802802802806e+00	7.7587600000000007e-02
3.7322812812812813e+00	7.7577599999999997e-02
3.7322822822822825e+00	7.7567499999999998e-02
3.7322832832832833e+00	7.7557500000000001e-02
3.7322842842842845e+00	7.7547400000000002e-02
3.7322852852852852e+00	7.7537300000000003e-02
3.7322862862862864e+00	7.7527200000000004e-02
3.7322872872872876e+00	7.7517000000000003e-02
3.7322882882882884e+00	7.7506900000000004e-02
3.7322892892892896e+00	7.7496700000000002e-02
3.7322902902902904e+00	7.7486500000000000e-02
3.7322912912912916e+00	7.7476299999999998e-02
3.7322922922922923e+00	7.7465999999999993e-02
3.7322932932932935e+00	7.7455700000000002e-02
3.7322942942942943e+00	7.7445399999999998e-02
3.7322952952952955e+00	7.7435100000000007e-02
3.7322962962962967e+00	7.7424800000000002e-02
3.7322972972972974e+00	7.7414399999999994e-02
3.7322982982982986e+00	7.7404000000000001e-02
3.7322992992992994e+00	7.7393600000000007e-02
3.7323003003003006e+00	7.7383199999999999e-02
3.7323013013013013e+00	7.7372700000000003e-02
3.7323023023023025e+00	7.7362200000000006e-02
3.7323033033033033e+00	7.7351699999999995e-02
3.7323043043043045e+00	7.7341199999999999e-02
3.7323053053053057e+00	7.7330599999999999e-02
3.7323063063063064e+00	7.7320000000000000e-02
3.7323073073073076e+00	7.7309400000000000e-02
3.7323083083083084e+00	7.7298800000000001e-02
3.7323093093093096e+00	7.7288099999999998e-02
3.7323103103103104e+00	7.7277399999999996e-02
3.7323113113113116e+00	7.7266699999999994e-02
3.7323123123123123e+00	7.7255900000000002e-02
3.7323133133133135e+00	7.7245099999999997e-02
3.7323143143143147e+00	7.7234300000000006e-02
3.7323153153153155e+00	7.7223500000000000e-02
3.7323163163163167e+00	7.7212600000000006e-02
3.7323173173173174e+00	7.7201699999999998e-02
3.7323183183183186e+00	7.7190800000000004e-02
3.7323193193193194e+00	7.7179800000000007e-02
3.7323203203203206e+00	7.7168799999999996e-02
3.7323213213213213e+00	7.7157799999999999e-02
3.7323223223223225e+00	7.7146699999999999e-02
3.7323233233233233e+00	7.7135599999999999e-02
3.7323243243243245e+00	7.7124499999999999e-02
3.7323253253253257e+00	7.7113299999999996e-02
3.7323263263263264e+00	7.7102100000000007e-02
3.7323273273273276e+00	7.7090800000000001e-02
3.7323283283283284e+00	7.7079599999999998e-02
3.7323293293293296e+00	7.7068200000000003e-02
3.7323303303303303e+00	7.7056899999999998e-02
3.7323313313313315e+00	7.7045500000000003e-02
3.7323323323323323e+00	7.7034099999999994e-02
3.7323333333333335e+00	7.7022599999999997e-02
3.7323343343343347e+00	7.7011099999999999e-02
3.7323353353353355e+00	7.6999600000000001e-02
3.7323363363363367e+00	7.6988000000000001e-02
3.7323373373373374e+00	7.6976400000000000e-02
3.7323383383383386e+00	7.6964699999999997e-02
3.7323393393393394e+00	7.6952999999999994e-02
3.7323403403403406e+00	7.6941200000000001e-02
3.7323413413413413e+00	7.6929399999999995e-02
3.7323423423423425e+00	7.6917600000000003e-02
3.7323433433433437e+00	7.6905699999999994e-02
3.7323443443443445e+00	7.6893699999999995e-02
3.7323453453453457e+00	7.6881800000000000e-02
3.7323463463463464e+00	7.6869699999999999e-02
3.7323473473473476e+00	7.6857700000000001e-02
3.7323483483483484e+00	7.6845499999999997e-02
3.7323493493493496e+00	7.6833399999999996e-02
3.7323503503503503e+00	7.6821100000000003e-02
3.7323513513513515e+00	7.6808799999999997e-02
3.7323523523523523e+00	7.6796500000000004e-02
3.7323533533533535e+00	7.6784099999999994e-02
3.7323543543543547e+00	7.6771699999999998e-02
3.7323553553553555e+00	7.6759200000000000e-02
3.7323563563563567e+00	7.6746599999999998e-02
3.7323573573573574e+00	7.6733999999999997e-02
3.7323583583583586e+00	7.6721399999999995e-02
3.7323593593593594e+00	7.6708600000000002e-02
3.7323603603603606e+00	7.6695799999999995e-02
3.7323613613613613e+00	7.6683000000000001e-02
3.7323623623623625e+00	7.6670100000000005e-02
3.7323633633633637e+00	7.6657100000000006e-02
3.7323643643643645e+00	7.6644100000000007e-02
3.7323653653653657e+00	7.6631000000000005e-02
3.7323663663663664e+00	7.6617800000000000e-02
3.7323673673673676e+00	7.6604599999999995e-02
3.7323683683683684e+00	7.6591300000000001e-02
3.7323693693693696e+00	7.6577900000000004e-02
3.7323703703703703e+00	7.6564400000000005e-02
3.7323713713713715e+00	7.6550900000000005e-02
3.7323723723723727e+00	7.6537300000000003e-02
3.7323733733733735e+00	7.6523599999999997e-02
3.7323743743743747e+00	7.6509900000000006e-02
3.7323753753753754e+00	7.6496099999999997e-02
3.7323763763763766e+00	7.6482200000000000e-02
3.7323773773773774e+00	7.6468200000000000e-02
3.7323783783783786e+00	7.6454099999999997e-02
3.7323793793793794e+00	7.6439900000000005e-02
3.7323803803803806e+00	7.6425699999999999e-02
3.7323813813813818e+00	7.6411400000000004e-02
3.7323823823823825e+00	7.6396900000000004e-02
3.7323833833833837e+00	7.6382400000000003e-02
3.7323843843843845e+00	7.6367800000000000e-02
3.7323853853853857e+00	7.6353099999999993e-02
3.7323863863863864e+00	7.6338299999999998e-02
3.7323873873873876e+00	7.6323400000000000e-02
3.7323883883883884e+00	7.6308399999999998e-02
3.7323893893893896e+00	7.6293299999999994e-02
3.7323903903903903e+00	7.6278100000000001e-02
3.7323913913913915e+00	7.6262800000000006e-02
3.7323923923923927e+00	7.6247400000000007e-02
3.7323933933933935e+00	7.6231800000000002e-02
3.7323943943943947e+00	7.6216199999999998e-02
3.7323953953953954e+00	7.6200400000000001e-02
3.7323963963963966e+00	7.6184500000000002e-02
3.7323973973973974e+00	7.6168500000000000e-02
3.7323983983983986e+00	7.6152300000000006e-02
3.7323993993993994e+00	7.6136099999999998e-02
3.7324004004004006e+00	7.6119699999999998e-02
3.7324014014014018e+00	7.6103199999999996e-02
3.7324024024024025e+00	7.6086500000000001e-02
3.7324034034034037e+00	7.6069700000000004e-02
3.7324044044044045e+00	7.6052700000000001e-02
3.7324054054054057e+00	7.6035599999999995e-02
3.7324064064064064e+00	7.6018400000000000e-02
3.7324074074074076e+00	7.6000999999999999e-02
3.7324084084084084e+00	7.5983400000000006e-02
3.7324094094094096e+00	7.5965699999999997e-02
3.7324104104104108e+00	7.5947799999999996e-02
3.7324114114114115e+00	7.5929800000000006e-02
3.7324124124124127e+00	7.5911599999999996e-02
3.7324134134134135e+00	7.5893199999999994e-02
3.7324144144144147e+00	7.5874600000000000e-02
3.7324154154154154e+00	7.5855900000000004e-02
3.7324164164164166e+00	7.5836899999999999e-02
3.7324174174174174e+00	7.5817800000000005e-02
3.7324184184184186e+00	7.5798400000000002e-02
3.7324194194194198e+00	7.5778899999999996e-02
3.7324204204204205e+00	7.5759099999999996e-02
3.7324214214214217e+00	7.5739100000000004e-02
3.7324224224224225e+00	7.5718999999999995e-02
3.7324234234234237e+00	7.5698500000000002e-02
3.7324244244244245e+00	7.5677900000000006e-02
3.7324254254254257e+00	7.5657000000000002e-02
3.7324264264264264e+00	7.5635800000000003e-02
3.7324274274274276e+00	7.5614500000000001e-02
3.7324284284284284e+00	7.5592800000000002e-02
3.7324294294294296e+00	7.5570899999999996e-02
3.7324304304304308e+00	7.5548699999999996e-02
3.7324314314314315e+00	7.5526200000000002e-02
3.7324324324324327e+00	7.5503500000000001e-02
3.7324334334334335e+00	7.5480400000000003e-02
3.7324344344344347e+00	7.5456999999999996e-02
3.7324354354354354e+00	7.5433299999999995e-02
3.7324364364364366e+00	7.5409299999999999e-02
3.7324374374374374e+00	7.5384999999999994e-02
3.7324384384384386e+00	7.5360300000000005e-02
3.7324394394394398e+00	7.5335200000000005e-02
3.7324404404404405e+00	7.5309799999999996e-02
3.7324414414414417e+00	7.5284000000000004e-02
3.7324424424424425e+00	7.5257800000000000e-02
3.7324434434434437e+00	7.5231199999999998e-02
3.7324444444444445e+00	7.5204199999999999e-02
3.7324454454454457e+00	7.5176699999999999e-02
3.7324464464464464e+00	7.5148900000000005e-02
3.7324474474474476e+00	7.5120500000000007e-02
3.7324484484484488e+00	7.5091699999999997e-02
3.7324494494494496e+00	7.5062299999999998e-02
3.7324504504504508e+00	7.5032500000000002e-02
3.7324514514514515e+00	7.5002200000000005e-02
3.7324524524524527e+00	7.4971200000000002e-02
3.7324534534534535e+00	7.4939800000000001e-02
3.7324544544544547e+00	7.4907699999999994e-02
3.7324554554554554e+00	7.4874999999999997e-02
3.7324564564564566e+00	7.4841699999999997e-02
3.7324574574574578e+00	7.4807799999999994e-02
3.7324584584584586e+00	7.4773199999999998e-02
3.7324594594594598e+00	7.4737799999999993e-02
3.7324604604604605e+00	7.4701699999999996e-02
3.7324614614614617e+00	7.4664900000000006e-02
3.7324624624624625e+00	7.4627299999999994e-02
3.7324634634634637e+00	7.4588799999999997e-02
3.7324644644644644e+00	7.4549500000000005e-02
3.7324654654654656e+00	7.4509199999999998e-02
3.7324664664664664e+00	7.4468099999999995e-02
3.7324674674674676e+00	7.4425900000000003e-02
3.7324684684684688e+00	7.4382799999999999e-02
3.7324694694694696e+00	7.4338600000000005e-02
3.7324704704704708e+00	7.4293200000000004e-02
3.7324714714714715e+00	7.4246699999999999e-02
3.7324724724724727e+00	7.4199000000000001e-02
3.7324734734734735e+00	7.4149999999999994e-02
3.7324744744744747e+00	7.4099700000000004e-02
3.7324754754754754e+00	7.4048000000000003e-02
3.7324764764764766e+00	7.3994799999999999e-02
3.7324774774774778e+00	7.3940000000000006e-02
3.7324784784784786e+00	7.3883699999999997e-02
3.7324794794794798e+00	7.3825600000000005e-02
3.7324804804804805e+00	7.3765700000000003e-02
3.7324814814814817e+00	7.3703900000000003e-02
3.7324824824824825e+00	7.3640100000000000e-02
3.7324834834834837e+00	7.3574200000000006e-02
3.7324844844844844e+00	7.3506000000000002e-02
3.7324854854854856e+00	7.3435500000000001e-02
3.7324864864864868e+00	7.3362499999999997e-02
3.7324874874874876e+00	7.3286799999999999e-02
3.7324884884884888e+00	7.3208300000000004e-02
3.7324894894894896e+00	7.3126800000000006e-02
3.7324904904904908e+00	7.3042099999999999e-02
3.7324914914914915e+00	7.2953900000000002e-02
3.7324924924924927e+00	7.2862200000000002e-02
3.7324934934934935e+00	7.2766499999999998e-02
3.7324944944944947e+00	7.2666700000000001e-02
3.7324954954954959e+00	7.2562299999999996e-02
3.7324964964964966e+00	7.2453199999999995e-02
3.7324974974974978e+00	7.2339000000000001e-02
3.7324984984984986e+00	7.2219099999999994e-02
3.7324994994994998e+00	7.2093299999999999e-02
3.7325005005005005e+00	7.1960899999999994e-02
3.7325015015015017e+00	7.1821399999999994e-02
3.7325025025025025e+00	7.1674299999999996e-02
3.7325035035035037e+00	7.1518799999999993e-02
3.7325045045045044e+00	7.1354200000000007e-02
3.7325055055055056e+00	7.1179599999999996e-02
3.7325065065065068e+00	7.0993899999999999e-02
3.7325075075075076e+00	7.0796200000000004e-02
3.7325085085085088e+00	7.0584999999999995e-02
3.7325095095095095e+00	7.0359000000000005e-02
3.7325105105105107e+00	7.0116499999999998e-02
3.7325115115115115e+00	6.9855399999999998e-02
3.7325125125125127e+00	6.9573599999999999e-02
3.7325135135135135e+00	6.9268399999999994e-02
3.7325145145145147e+00	6.8936600000000001e-02
3.7325155155155159e+00	6.8574599999999999e-02
3.7325165165165166e+00	6.8177900000000000e-02
3.7325175175175178e+00	6.7741200000000001e-02
3.7325185185185186e+00	6.7257999999999998e-02
3.7325195195195198e+00	6.6720299999999996e-02
3.7325205205205205e+00	6.6118300000000005e-02
3.7325215215215217e+00	6.5439399999999995e-02
3.7325225225225225e+00	6.4667699999999995e-02
3.7325235235235237e+00	6.3782900000000003e-02
3.7325245245245249e+00	6.2757599999999997e-02
3.7325255255255256e+00	6.1555499999999999e-02
3.7325265265265268e+00	6.0126400000000003e-02
3.7325275275275276e+00	5.8399199999999998e-02
3.7325285285285288e+00	5.6270100000000003e-02
3.7325295295295295e+00	5.3581299999999998e-02
3.7325305305305307e+00	5.0082300000000003e-02
3.7325315315315315e+00	4.5351299999999997e-02
3.7325325325325327e+00	3.8633399999999998e-02
3.7325335335335339e+00	2.8498099999999998e-02
3.7325345345345347e+00	1.2548600000000000e-02
3.7325355355355359e+00	4.1113100000000000e-03
3.7325365365365366e+00	9.9889200000000000e-01
3.7325375375375378e+00	2.8497600000000001e-01
3.7325385385385386e+00	1.7491599999999999e-01
3.7325395395395398e+00	1.3972999999999999e-01
3.7325405405405405e+00	1.2284000000000000e-01
3.7325415415415417e+00	1.1299300000000000e-01
3.7325425425425425e+00	1.0656100000000000e-01
3.7325435435435437e+00	1.0203600000000000e-01
3.7325445445445449e+00	9.8681699999999997e-02
3.7325455455455456e+00	9.6096100000000004e-02
3.7325465465465468e+00	9.4042299999999995e-02
3.7325475475475476e+00	9.2371499999999995e-02
3.7325485485485488e+00	9.0985600000000000e-02
3.7325495495495495e+00	8.9817300000000003e-02
3.7325505505505507e+00	8.8818900000000006e-02
3.7325515515515515e+00	8.7955699999999998e-02
3.7325525525525527e+00	8.7201899999999999e-02
3.7325535535535539e+00	8.6537799999999998e-02
3.7325545545545546e+00	8.5948099999999999e-02
3.7325555555555558e+00	8.5420800000000005e-02
3.7325565565565566e+00	8.4946599999999997e-02
3.7325575575575578e+00	8.4517499999999995e-02
3.7325585585585586e+00	8.4127499999999994e-02
3.7325595595595598e+00	8.3771300000000007e-02
3.7325605605605605e+00	8.3444699999999997e-02
3.7325615615615617e+00	8.3143900000000007e-02
3.7325625625625629e+00	8.2866099999999998e-02
3.7325635635635637e+00	8.2608600000000004e-02
3.7325645645645649e+00	8.2369300000000006e-02
3.7325655655655656e+00	8.2146100000000000e-02
3.7325665665665668e+00	8.1937599999999999e-02
3.7325675675675676e+00	8.1742200000000001e-02
3.7325685685685688e+00	8.1558699999999998e-02
3.7325695695695695e+00	8.1386000000000000e-02
3.7325705705705707e+00	8.1223199999999995e-02
3.7325715715715719e+00	8.1069400000000000e-02
3.7325725725725727e+00	8.0923800000000004e-02
3.7325735735735739e+00	8.0785700000000002e-02
3.7325745745745746e+00	8.0654600000000007e-02
3.7325755755755758e+00	8.0530000000000004e-02
3.7325765765765766e+00	8.0411300000000005e-02
3.7325775775775778e+00	8.0298099999999997e-02
3.7325785785785786e+00	8.0189899999999995e-02
3.7325795795795798e+00	8.0086599999999994e-02
3.7325805805805805e+00	7.9987600000000006e-02
3.7325815815815817e+00	7.9892699999999997e-02
3.7325825825825829e+00	7.9801700000000003e-02
3.7325835835835837e+00	7.9714300000000002e-02
3.7325845845845849e+00	7.9630300000000001e-02
3.7325855855855856e+00	7.9549499999999995e-02
3.7325865865865868e+00	7.9471600000000003e-02
3.7325875875875876e+00	7.9396499999999995e-02
3.7325885885885888e+00	7.9324000000000006e-02
3.7325895895895895e+00	7.9254099999999994e-02
3.7325905905905907e+00	7.9186400000000004e-02
3.7325915915915919e+00	7.9120999999999997e-02
3.7325925925925927e+00	7.9057699999999995e-02
3.7325935935935939e+00	7.8996399999999994e-02
3.7325945945945946e+00	7.8936999999999993e-02
3.7325955955955958e+00	7.8879299999999999e-02
3.7325965965965966e+00	7.8823299999999999e-02
3.7325975975975978e+00	7.8769000000000006e-02
3.7325985985985985e+00	7.8716200000000000e-02
3.7325995995995997e+00	7.8664899999999996e-02
3.7326006006006009e+00	7.8614900000000001e-02
3.7326016016016017e+00	7.8566300000000006e-02
3.7326026026026029e+00	7.8518900000000003e-02
3.7326036036036037e+00	7.8472799999999995e-02
3.7326046046046049e+00	7.8427800000000006e-02
3.7326056056056056e+00	7.8383900000000006e-02
3.7326066066066068e+00	7.8341099999999997e-02
3.7326076076076076e+00	7.8299199999999999e-02
3.7326086086086088e+00	7.8258400000000006e-02
3.7326096096096100e+00	7.8218499999999996e-02
3.7326106106106107e+00	7.8179499999999999e-02
3.7326116116116119e+00	7.8141299999999997e-02
3.7326126126126127e+00	7.8104000000000007e-02
3.7326136136136139e+00	7.8067399999999995e-02
3.7326146146146146e+00	7.8031600000000007e-02
3.7326156156156158e+00	7.7996599999999999e-02
3.7326166166166166e+00	7.7962199999999995e-02
3.7326176176176178e+00	7.7928499999999998e-02
3.7326186186186185e+00	7.7895500000000006e-02
3.7326196196196197e+00	7.7863100000000005e-02
3.7326206206206209e+00	7.7831300000000006e-02
3.7326216216216217e+00	7.7800099999999997e-02
3.7326226226226229e+00	7.7769500000000005e-02
3.7326236236236237e+00	7.7739400000000000e-02
3.7326246246246249e+00	7.7709799999999996e-02
3.7326256256256256e+00	7.7680799999999994e-02
3.7326266266266268e+00	7.7652200000000005e-02
3.7326276276276276e+00	7.7624100000000001e-02
3.7326286286286288e+00	7.7596499999999999e-02
3.7326296296296300e+00	7.7569299999999994e-02
3.7326306306306307e+00	7.7542600000000003e-02
3.7326316316316319e+00	7.7516199999999993e-02
3.7326326326326327e+00	7.7490299999999998e-02
3.7326336336336339e+00	7.7464699999999997e-02
3.7326346346346346e+00	7.7439599999999997e-02
3.7326356356356358e+00	7.7414800000000006e-02
3.7326366366366366e+00	7.7390399999999998e-02
3.7326376376376378e+00	7.7366299999999999e-02
3.7326386386386390e+00	7.7342499999999995e-02
3.7326396396396397e+00	7.7319100000000002e-02
3.7326406406406409e+00	7.7296000000000004e-02
3.7326416416416417e+00	7.7273200000000000e-02
3.7326426426426429e+00	7.7250700000000005e-02
3.7326436436436436e+00	7.7228500000000005e-02
3.7326446446446448e+00	7.7206499999999997e-02
3.7326456456456456e+00	7.7184900000000001e-02
3.7326466466466468e+00	7.7163499999999996e-02
3.7326476476476480e+00	7.7142400000000000e-02
3.7326486486486488e+00	7.7121499999999996e-02
3.7326496496496500e+00	7.7100900000000000e-02
3.7326506506506507e+00	7.7080499999999996e-02
3.7326516516516519e+00	7.7060299999999998e-02
3.7326526526526527e+00	7.7040399999999995e-02
3.7326536536536539e+00	7.7020699999999997e-02
3.7326546546546546e+00	7.7001200000000006e-02
3.7326556556556558e+00	7.6981900000000006e-02
3.7326566566566566e+00	7.6962799999999998e-02
3.7326576576576578e+00	7.6943999999999999e-02
3.7326586586586590e+00	7.6925300000000002e-02
3.7326596596596597e+00	7.6906799999999997e-02
3.7326606606606609e+00	7.6888499999999999e-02
3.7326616616616617e+00	7.6870400000000005e-02
3.7326626626626629e+00	7.6852500000000004e-02
3.7326636636636636e+00	7.6834700000000006e-02
3.7326646646646648e+00	7.6817099999999999e-02
3.7326656656656656e+00	7.6799699999999999e-02
3.7326666666666668e+00	7.6782400000000001e-02
3.7326676676676680e+00	7.6765299999999995e-02
3.7326686686686688e+00	7.6748300000000005e-02
3.7326696696696700e+00	7.6731499999999994e-02
3.7326706706706707e+00	7.6714900000000003e-02
3.7326716716716719e+00	7.6698299999999997e-02
3.7326726726726727e+00	7.6682000000000000e-02
3.7326736736736739e+00	7.6665700000000003e-02
3.7326746746746746e+00	7.6649599999999998e-02
3.7326756756756758e+00	7.6633699999999999e-02
3.7326766766766770e+00	7.6617800000000000e-02
3.7326776776776778e+00	7.6602100000000006e-02
3.7326786786786790e+00	7.6586500000000002e-02
3.7326796796796797e+00	7.6571000000000000e-02
3.7326806806806809e+00	7.6555700000000004e-02
3.7326816816816817e+00	7.6540499999999997e-02
3.7326826826826829e+00	7.6525300000000004e-02
3.7326836836836836e+00	7.6510300000000003e-02
3.7326846846846848e+00	7.6495400000000005e-02
3.7326856856856856e+00	7.6480599999999996e-02
3.7326866866866868e+00	7.6465900000000003e-02
3.7326876876876880e+00	7.6451400000000003e-02
3.7326886886886887e+00	7.6436900000000002e-02
3.7326896896896899e+00	7.6422500000000004e-02
3.7326906906906907e+00	7.6408199999999996e-02
3.7326916916916919e+00	7.6394000000000004e-02
3.7326926926926927e+00	7.6379900000000001e-02
3.7326936936936939e+00	7.6365900000000000e-02
3.7326946946946946e+00	7.6352000000000003e-02
3.7326956956956958e+00	7.6338199999999995e-02
3.7326966966966970e+00	7.6324400000000001e-02
3.7326976976976978e+00	7.6310699999999995e-02
3.7326986986986990e+00	7.6297199999999996e-02
3.7326996996996997e+00	7.6283699999999996e-02
3.7327007007007009e+00	7.6270299999999999e-02
3.7327017017017017e+00	7.6256900000000002e-02
3.7327027027027029e+00	7.6243699999999998e-02
3.7327037037037036e+00	7.6230500000000007e-02
3.7327047047047048e+00	7.6217400000000005e-02
3.7327057057057060e+00	7.6204400000000005e-02
3.7327067067067068e+00	7.6191400000000006e-02
3.7327077077077080e+00	7.6178499999999996e-02
3.7327087087087087e+00	7.6165700000000003e-02
3.7327097097097099e+00	7.6152899999999996e-02
3.7327107107107107e+00	7.6140200000000005e-02
3.7327117117117119e+00	7.6127600000000004e-02
3.7327127127127127e+00	7.6115100000000005e-02
3.7327137137137139e+00	7.6102600000000006e-02
3.7327147147147151e+00	7.6090199999999997e-02
3.7327157157157158e+00	7.6077800000000001e-02
3.7327167167167170e+00	7.6065499999999994e-02
3.7327177177177178e+00	7.6053200000000001e-02
3.7327187187187190e+00	7.6041100000000000e-02
3.7327197197197197e+00	7.6028899999999996e-02
3.7327207207207209e+00	7.6016899999999998e-02
3.7327217217217217e+00	7.6004900000000000e-02
3.7327227227227229e+00	7.5992900000000002e-02
3.7327237237237236e+00	7.5981000000000007e-02
3.7327247247247248e+00	7.5969099999999998e-02
3.7327257257257260e+00	7.5957300000000005e-02
3.7327267267267268e+00	7.5945600000000002e-02
3.7327277277277280e+00	7.5933899999999999e-02
3.7327287287287287e+00	7.5922299999999998e-02
3.7327297297297299e+00	7.5910699999999998e-02
3.7327307307307307e+00	7.5899099999999997e-02
3.7327317317317319e+00	7.5887600000000000e-02
3.7327327327327327e+00	7.5876200000000005e-02
3.7327337337337338e+00	7.5864799999999996e-02
3.7327347347347350e+00	7.5853400000000001e-02
3.7327357357357358e+00	7.5842099999999996e-02
3.7327367367367370e+00	7.5830800000000004e-02
3.7327377377377378e+00	7.5819600000000001e-02
3.7327387387387390e+00	7.5808399999999998e-02
3.7327397397397397e+00	7.5797299999999998e-02
3.7327407407407409e+00	7.5786199999999998e-02
3.7327417417417417e+00	7.5775099999999998e-02
3.7327427427427429e+00	7.5764100000000001e-02
3.7327437437437441e+00	7.5753100000000004e-02
3.7327447447447448e+00	7.5742199999999996e-02
3.7327457457457460e+00	7.5731300000000001e-02
3.7327467467467468e+00	7.5720399999999993e-02
3.7327477477477480e+00	7.5709600000000002e-02
3.7327487487487487e+00	7.5698799999999997e-02
3.7327497497497499e+00	7.5688099999999994e-02
3.7327507507507507e+00	7.5677400000000006e-02
3.7327517517517519e+00	7.5666700000000003e-02
3.7327527527527531e+00	7.5656100000000004e-02
3.7327537537537538e+00	7.5645500000000004e-02
3.7327547547547550e+00	7.5634900000000005e-02
3.7327557557557558e+00	7.5624399999999994e-02
3.7327567567567570e+00	7.5613899999999998e-02
3.7327577577577578e+00	7.5603400000000001e-02
3.7327587587587590e+00	7.5592999999999994e-02
3.7327597597597597e+00	7.5582600000000000e-02
3.7327607607607609e+00	7.5572200000000006e-02
3.7327617617617617e+00	7.5561900000000001e-02
3.7327627627627629e+00	7.5551599999999997e-02
3.7327637637637641e+00	7.5541300000000006e-02
3.7327647647647648e+00	7.5531000000000001e-02
3.7327657657657660e+00	7.5520799999999999e-02
3.7327667667667668e+00	7.5510599999999997e-02
3.7327677677677680e+00	7.5500499999999998e-02
3.7327687687687687e+00	7.5490299999999996e-02
3.7327697697697699e+00	7.5480199999999997e-02
3.7327707707707707e+00	7.5470200000000001e-02
3.7327717717717719e+00	7.5460100000000002e-02
3.7327727727727731e+00	7.5450100000000006e-02
3.7327737737737738e+00	7.5440099999999996e-02
3.7327747747747750e+00	7.5430200000000003e-02
3.7327757757757758e+00	7.5420200000000007e-02
3.7327767767767770e+00	7.5410300000000000e-02
3.7327777777777778e+00	7.5400400000000006e-02
3.7327787787787789e+00	7.5390600000000002e-02
3.7327797797797797e+00	7.5380699999999995e-02
3.7327807807807809e+00	7.5370900000000005e-02
3.7327817817817821e+00	7.5361100000000000e-02
3.7327827827827829e+00	7.5351399999999999e-02
3.7327837837837841e+00	7.5341599999999995e-02
3.7327847847847848e+00	7.5331899999999993e-02
3.7327857857857860e+00	7.5322200000000006e-02
3.7327867867867868e+00	7.5312599999999993e-02
3.7327877877877880e+00	7.5302900000000006e-02
3.7327887887887887e+00	7.5293299999999994e-02
3.7327897897897899e+00	7.5283699999999995e-02
3.7327907907907911e+00	7.5274099999999997e-02
3.7327917917917919e+00	7.5264600000000001e-02
3.7327927927927931e+00	7.5255000000000002e-02
3.7327937937937938e+00	7.5245500000000007e-02
3.7327947947947950e+00	7.5235999999999997e-02
3.7327957957957958e+00	7.5226600000000005e-02
3.7327967967967970e+00	7.5217099999999995e-02
3.7327977977977977e+00	7.5207700000000002e-02
3.7327987987987989e+00	7.5198299999999996e-02
3.7327997997997997e+00	7.5188900000000003e-02
3.7328008008008009e+00	7.5179499999999996e-02
3.7328018018018021e+00	7.5170200000000006e-02
3.7328028028028029e+00	7.5160800000000000e-02
3.7328038038038041e+00	7.5151499999999996e-02
3.7328048048048048e+00	7.5142200000000006e-02
3.7328058058058060e+00	7.5133000000000005e-02
3.7328068068068068e+00	7.5123700000000002e-02
3.7328078078078080e+00	7.5114500000000001e-02
3.7328088088088087e+00	7.5105300000000000e-02
3.7328098098098099e+00	7.5096099999999999e-02
3.7328108108108111e+00	7.5086899999999998e-02
3.7328118118118119e+00	7.5077699999999997e-02
3.7328128128128131e+00	7.5068599999999999e-02
3.7328138138138138e+00	7.5059399999999998e-02
3.7328148148148150e+00	7.5050300000000000e-02
3.7328158158158158e+00	7.5041200000000002e-02
3.7328168168168170e+00	7.5032100000000004e-02
3.7328178178178177e+00	7.5023099999999995e-02
3.7328188188188189e+00	7.5013999999999997e-02
3.7328198198198201e+00	7.5005000000000002e-02
3.7328208208208209e+00	7.4995999999999993e-02
3.7328218218218221e+00	7.4986999999999998e-02
3.7328228228228229e+00	7.4978000000000003e-02
3.7328238238238240e+00	7.4968999999999994e-02
3.7328248248248248e+00	7.4960100000000002e-02
3.7328258258258260e+00	7.4951199999999996e-02
3.7328268268268268e+00	7.4942200000000000e-02
3.7328278278278280e+00	7.4933299999999994e-02
3.7328288288288292e+00	7.4924400000000002e-02
3.7328298298298299e+00	7.4915599999999999e-02
3.7328308308308311e+00	7.4906700000000007e-02
3.7328318318318319e+00	7.4897800000000000e-02
3.7328328328328331e+00	7.4888999999999997e-02
3.7328338338338338e+00	7.4880199999999994e-02
3.7328348348348350e+00	7.4871400000000005e-02
3.7328358358358358e+00	7.4862600000000001e-02
3.7328368368368370e+00	7.4853799999999998e-02
3.7328378378378377e+00	7.4845099999999998e-02
3.7328388388388389e+00	7.4836299999999994e-02
3.7328398398398401e+00	7.4827599999999994e-02
3.7328408408408409e+00	7.4818800000000005e-02
3.7328418418418421e+00	7.4810100000000004e-02
3.7328428428428428e+00	7.4801400000000004e-02
3.7328438438438440e+00	7.4792800000000006e-02
3.7328448448448448e+00	7.4784100000000006e-02
3.7328458458458460e+00	7.4775400000000006e-02
3.7328468468468468e+00	7.4766799999999994e-02
3.7328478478478480e+00	7.4758099999999994e-02
3.7328488488488492e+00	7.4749499999999997e-02
3.7328498498498499e+00	7.4740899999999999e-02
3.7328508508508511e+00	7.4732300000000002e-02
3.7328518518518519e+00	7.4723700000000004e-02
3.7328528528528531e+00	7.4715199999999996e-02
3.7328538538538538e+00	7.4706599999999998e-02
3.7328548548548550e+00	7.4698000000000001e-02
3.7328558558558558e+00	7.4689500000000006e-02
3.7328568568568570e+00	7.4680999999999997e-02
3.7328578578578582e+00	7.4672500000000003e-02
3.7328588588588589e+00	7.4663999999999994e-02
3.7328598598598601e+00	7.4655500000000000e-02
3.7328608608608609e+00	7.4647000000000005e-02
3.7328618618618621e+00	7.4638499999999997e-02
3.7328628628628628e+00	7.4630100000000005e-02
3.7328638638638640e+00	7.4621599999999996e-02
3.7328648648648648e+00	7.4613200000000005e-02
3.7328658658658660e+00	7.4604699999999996e-02
3.7328668668668672e+00	7.4596300000000004e-02
3.7328678678678680e+00	7.4587899999999999e-02
3.7328688688688691e+00	7.4579500000000007e-02
3.7328698698698699e+00	7.4571100000000001e-02
3.7328708708708711e+00	7.4562799999999999e-02
3.7328718718718719e+00	7.4554400000000007e-02
3.7328728728728731e+00	7.4546000000000001e-02
3.7328738738738738e+00	7.4537699999999998e-02
3.7328748748748750e+00	7.4529399999999996e-02
3.7328758758758758e+00	7.4521000000000004e-02
3.7328768768768770e+00	7.4512700000000001e-02
3.7328778778778782e+00	7.4504399999999998e-02
3.7328788788788789e+00	7.4496099999999996e-02
3.7328798798798801e+00	7.4487800000000007e-02
3.7328808808808809e+00	7.4479500000000004e-02
3.7328818818818821e+00	7.4471300000000004e-02
3.7328828828828828e+00	7.4463000000000001e-02
3.7328838838838840e+00	7.4454800000000002e-02
3.7328848848848848e+00	7.4446499999999999e-02
3.7328858858858860e+00	7.4438299999999999e-02
3.7328868868868872e+00	7.4430099999999999e-02
3.7328878878878879e+00	7.4421799999999996e-02
3.7328888888888891e+00	7.4413599999999996e-02
3.7328898898898899e+00	7.4405399999999997e-02
3.7328908908908911e+00	7.4397300000000000e-02
3.7328918918918919e+00	7.4389100000000000e-02
3.7328928928928931e+00	7.4380900000000000e-02
3.7328938938938938e+00	7.4372700000000000e-02
3.7328948948948950e+00	7.4364600000000003e-02
3.7328958958958962e+00	7.4356400000000003e-02
3.7328968968968970e+00	7.4348300000000006e-02
3.7328978978978982e+00	7.4340199999999995e-02
3.7328988988988989e+00	7.4332099999999998e-02
3.7328998998999001e+00	7.4323899999999998e-02
3.7329009009009009e+00	7.4315800000000001e-02
3.7329019019019021e+00	7.4307700000000004e-02
3.7329029029029028e+00	7.4299699999999996e-02
3.7329039039039040e+00	7.4291599999999999e-02
3.7329049049049052e+00	7.4283500000000002e-02
3.7329059059059060e+00	7.4275400000000005e-02
3.7329069069069072e+00	7.4267399999999997e-02
3.7329079079079079e+00	7.4259300000000000e-02
3.7329089089089091e+00	7.4251300000000006e-02
3.7329099099099099e+00	7.4243299999999998e-02
3.7329109109109111e+00	7.4235200000000001e-02
3.7329119119119119e+00	7.4227199999999993e-02
3.7329129129129131e+00	7.4219199999999999e-02
3.7329139139139138e+00	7.4211200000000005e-02
3.7329149149149150e+00	7.4203199999999997e-02
3.7329159159159162e+00	7.4195200000000003e-02
3.7329169169169170e+00	7.4187199999999995e-02
3.7329179179179182e+00	7.4179200000000001e-02
3.7329189189189189e+00	7.4171299999999996e-02
3.7329199199199201e+00	7.4163300000000001e-02
3.7329209209209209e+00	7.4155399999999996e-02
3.7329219219219221e+00	7.4147400000000002e-02
3.7329229229229228e+00	7.4139499999999997e-02
3.7329239239239240e+00	7.4131500000000003e-02
3.7329249249249252e+00	7.4123599999999998e-02
3.7329259259259260e+00	7.4115700000000007e-02
3.7329269269269272e+00	7.4107800000000001e-02
3.7329279279279279e+00	7.4099899999999996e-02
3.7329289289289291e+00	7.4092000000000005e-02
3.7329299299299299e+00	7.4084100000000000e-02
3.7329309309309311e+00	7.4076199999999995e-02
3.7329319319319318e+00	7.4068300000000004e-02
3.7329329329329330e+00	7.4060399999999998e-02
3.7329339339339342e+00	7.4052599999999996e-02
3.7329349349349350e+00	7.4044700000000005e-02
3.7329359359359362e+00	7.4036900000000003e-02
3.7329369369369370e+00	7.4028999999999998e-02
3.7329379379379382e+00	7.4021199999999995e-02
3.7329389389389389e+00	7.4013300000000004e-02
3.7329399399399401e+00	7.4005500000000002e-02
3.7329409409409409e+00	7.3997700000000000e-02
3.7329419419419421e+00	7.3989899999999997e-02
3.7329429429429433e+00	7.3982099999999995e-02
3.7329439439439440e+00	7.3974200000000004e-02
3.7329449449449452e+00	7.3966400000000002e-02
3.7329459459459460e+00	7.3958700000000002e-02
3.7329469469469472e+00	7.3950900000000000e-02
3.7329479479479479e+00	7.3943099999999998e-02
3.7329489489489491e+00	7.3935299999999995e-02
3.7329499499499499e+00	7.3927499999999993e-02
3.7329509509509511e+00	7.3919799999999994e-02
3.7329519519519518e+00	7.3912000000000005e-02
3.7329529529529530e+00	7.3904300000000006e-02
3.7329539539539542e+00	7.3896500000000004e-02
3.7329549549549550e+00	7.3888800000000004e-02
3.7329559559559562e+00	7.3881000000000002e-02
3.7329569569569570e+00	7.3873300000000003e-02
3.7329579579579582e+00	7.3865600000000003e-02
3.7329589589589589e+00	7.3857900000000004e-02
3.7329599599599601e+00	7.3850200000000005e-02
3.7329609609609609e+00	7.3842400000000002e-02
3.7329619619619621e+00	7.3834700000000003e-02
3.7329629629629633e+00	7.3827000000000004e-02
3.7329639639639640e+00	7.3819399999999993e-02
3.7329649649649652e+00	7.3811699999999994e-02
3.7329659659659660e+00	7.3803999999999995e-02
3.7329669669669672e+00	7.3796299999999995e-02
3.7329679679679679e+00	7.3788599999999996e-02
3.7329689689689691e+00	7.3780999999999999e-02
3.7329699699699699e+00	7.3773300000000000e-02
3.7329709709709711e+00	7.3765700000000003e-02
3.7329719719719723e+00	7.3758000000000004e-02
3.7329729729729730e+00	7.3750399999999994e-02
3.7329739739739742e+00	7.3742699999999994e-02
3.7329749749749750e+00	7.3735099999999998e-02
3.7329759759759762e+00	7.3727500000000001e-02
3.7329769769769769e+00	7.3719800000000002e-02
3.7329779779779781e+00	7.3712200000000005e-02
3.7329789789789789e+00	7.3704599999999995e-02
3.7329799799799801e+00	7.3696999999999999e-02
3.7329809809809813e+00	7.3689400000000002e-02
3.7329819819819821e+00	7.3681800000000006e-02
3.7329829829829833e+00	7.3674199999999995e-02
3.7329839839839840e+00	7.3666599999999999e-02
3.7329849849849852e+00	7.3659000000000002e-02
3.7329859859859860e+00	7.3651400000000006e-02
3.7329869869869872e+00	7.3643799999999995e-02
3.7329879879879879e+00	7.3636300000000002e-02
3.7329889889889891e+00	7.3628700000000005e-02
3.7329899899899899e+00	7.3621099999999995e-02
3.7329909909909911e+00	7.3613600000000001e-02
3.7329919919919923e+00	7.3606000000000005e-02
3.7329929929929930e+00	7.3598499999999997e-02
3.7329939939939942e+00	7.3590900000000001e-02
3.7329949949949950e+00	7.3583399999999993e-02
3.7329959959959962e+00	7.3575900000000000e-02
3.7329969969969969e+00	7.3568300000000003e-02
3.7329979979979981e+00	7.3560799999999996e-02
3.7329989989989989e+00	7.3553300000000002e-02
3.7330000000000001e+00	7.3545799999999995e-02
