3.7345999999999999e+00	4.5281099999999998e-02
3.7346001001001001e+00	4.5283499999999997e-02
3.7346002002002003e+00	4.5286000000000000e-02
3.7346003003003001e+00	4.5288500000000002e-02
3.7346004004004003e+00	4.5290999999999998e-02
3.7346005005005005e+00	4.5293500000000000e-02
3.7346006006006007e+00	4.5296099999999999e-02
3.7346007007007005e+00	4.5298600000000001e-02
3.7346008008008007e+00	4.5301200000000000e-02
3.7346009009009009e+00	4.5303700000000002e-02
3.7346010010010011e+00	4.5306300000000001e-02
3.7346011011011009e+00	4.5308899999999999e-02
3.7346012012012011e+00	4.5311600000000000e-02
3.7346013013013013e+00	4.5314199999999999e-02
3.7346014014014015e+00	4.5316799999999997e-02
3.7346015015015013e+00	4.5319499999999999e-02
3.7346016016016015e+00	4.5322200000000000e-02
3.7346017017017017e+00	4.5324900000000001e-02
3.7346018018018019e+00	4.5327600000000003e-02
3.7346019019019017e+00	4.5330299999999997e-02
3.7346020020020019e+00	4.5333100000000001e-02
3.7346021021021021e+00	4.5335899999999998e-02
3.7346022022022023e+00	4.5338600000000000e-02
3.7346023023023021e+00	4.5341399999999997e-02
3.7346024024024023e+00	4.5344299999999997e-02
3.7346025025025025e+00	4.5347100000000001e-02
3.7346026026026027e+00	4.5349899999999999e-02
3.7346027027027024e+00	4.5352799999999999e-02
3.7346028028028027e+00	4.5355699999999999e-02
3.7346029029029029e+00	4.5358599999999999e-02
3.7346030030030031e+00	4.5361499999999999e-02
3.7346031031031028e+00	4.5364500000000002e-02
3.7346032032032030e+00	4.5367400000000002e-02
3.7346033033033033e+00	4.5370399999999998e-02
3.7346034034034035e+00	4.5373400000000001e-02
3.7346035035035032e+00	4.5376399999999997e-02
3.7346036036036034e+00	4.5379400000000000e-02
3.7346037037037036e+00	4.5382499999999999e-02
3.7346038038038039e+00	4.5385599999999998e-02
3.7346039039039036e+00	4.5388600000000001e-02
3.7346040040040038e+00	4.5391700000000000e-02
3.7346041041041040e+00	4.5394900000000002e-02
3.7346042042042042e+00	4.5398000000000001e-02
3.7346043043043040e+00	4.5401200000000003e-02
3.7346044044044042e+00	4.5404399999999998e-02
3.7346045045045044e+00	4.5407599999999999e-02
3.7346046046046046e+00	4.5410800000000001e-02
3.7346047047047048e+00	4.5414099999999999e-02
3.7346048048048046e+00	4.5417300000000001e-02
3.7346049049049048e+00	4.5420599999999998e-02
3.7346050050050050e+00	4.5423900000000003e-02
3.7346051051051052e+00	4.5427299999999997e-02
3.7346052052052050e+00	4.5430600000000002e-02
3.7346053053053052e+00	4.5434000000000002e-02
3.7346054054054054e+00	4.5437400000000003e-02
3.7346055055055056e+00	4.5440800000000003e-02
3.7346056056056054e+00	4.5444300000000000e-02
3.7346057057057056e+00	4.5447700000000001e-02
3.7346058058058058e+00	4.5451199999999997e-02
3.7346059059059060e+00	4.5454700000000001e-02
3.7346060060060058e+00	4.5458300000000000e-02
3.7346061061061060e+00	4.5461799999999997e-02
3.7346062062062062e+00	4.5465400000000003e-02
3.7346063063063064e+00	4.5469000000000002e-02
3.7346064064064062e+00	4.5472600000000002e-02
3.7346065065065064e+00	4.5476299999999997e-02
3.7346066066066066e+00	4.5480000000000000e-02
3.7346067067067068e+00	4.5483700000000002e-02
3.7346068068068066e+00	4.5487399999999997e-02
3.7346069069069068e+00	4.5491200000000002e-02
3.7346070070070070e+00	4.5494899999999998e-02
3.7346071071071072e+00	4.5498700000000003e-02
3.7346072072072070e+00	4.5502599999999997e-02
3.7346073073073072e+00	4.5506400000000002e-02
3.7346074074074074e+00	4.5510299999999997e-02
3.7346075075075076e+00	4.5514199999999998e-02
3.7346076076076073e+00	4.5518200000000002e-02
3.7346077077077076e+00	4.5522100000000003e-02
3.7346078078078078e+00	4.5526100000000000e-02
3.7346079079079080e+00	4.5530099999999997e-02
3.7346080080080077e+00	4.5534199999999997e-02
3.7346081081081079e+00	4.5538200000000001e-02
3.7346082082082082e+00	4.5542399999999997e-02
3.7346083083083084e+00	4.5546499999999997e-02
3.7346084084084081e+00	4.5550599999999997e-02
3.7346085085085083e+00	4.5554799999999999e-02
3.7346086086086085e+00	4.5559099999999998e-02
3.7346087087087088e+00	4.5563300000000001e-02
3.7346088088088090e+00	4.5567600000000000e-02
3.7346089089089087e+00	4.5571899999999999e-02
3.7346090090090089e+00	4.5576300000000000e-02
3.7346091091091091e+00	4.5580599999999999e-02
3.7346092092092094e+00	4.5585000000000001e-02
3.7346093093093091e+00	4.5589499999999998e-02
3.7346094094094093e+00	4.5593900000000000e-02
3.7346095095095095e+00	4.5598399999999997e-02
3.7346096096096097e+00	4.5602999999999998e-02
3.7346097097097095e+00	4.5607599999999998e-02
3.7346098098098097e+00	4.5612199999999999e-02
3.7346099099099099e+00	4.5616799999999999e-02
3.7346100100100101e+00	4.5621500000000002e-02
3.7346101101101099e+00	4.5626199999999999e-02
3.7346102102102101e+00	4.5630900000000002e-02
3.7346103103103103e+00	4.5635700000000001e-02
3.7346104104104105e+00	4.5640500000000001e-02
3.7346105105105103e+00	4.5645300000000000e-02
3.7346106106106105e+00	4.5650200000000002e-02
3.7346107107107107e+00	4.5655200000000000e-02
3.7346108108108109e+00	4.5660100000000002e-02
3.7346109109109107e+00	4.5665100000000000e-02
3.7346110110110109e+00	4.5670099999999998e-02
3.7346111111111111e+00	4.5675199999999999e-02
3.7346112112112113e+00	4.5680300000000000e-02
3.7346113113113111e+00	4.5685499999999997e-02
3.7346114114114113e+00	4.5690700000000001e-02
3.7346115115115115e+00	4.5695899999999998e-02
3.7346116116116117e+00	4.5701199999999997e-02
3.7346117117117115e+00	4.5706499999999997e-02
3.7346118118118117e+00	4.5711900000000000e-02
3.7346119119119119e+00	4.5717300000000002e-02
3.7346120120120121e+00	4.5722699999999998e-02
3.7346121121121119e+00	4.5728199999999997e-02
3.7346122122122121e+00	4.5733700000000002e-02
3.7346123123123123e+00	4.5739299999999997e-02
3.7346124124124125e+00	4.5744899999999998e-02
3.7346125125125123e+00	4.5750600000000002e-02
3.7346126126126125e+00	4.5756300000000000e-02
3.7346127127127127e+00	4.5761999999999997e-02
3.7346128128128129e+00	4.5767799999999997e-02
3.7346129129129126e+00	4.5773700000000000e-02
3.7346130130130128e+00	4.5779599999999997e-02
3.7346131131131131e+00	4.5785500000000000e-02
3.7346132132132133e+00	4.5791499999999999e-02
3.7346133133133135e+00	4.5797499999999998e-02
3.7346134134134132e+00	4.5803600000000000e-02
3.7346135135135134e+00	4.5809799999999998e-02
3.7346136136136137e+00	4.5816000000000003e-02
3.7346137137137139e+00	4.5822200000000000e-02
3.7346138138138136e+00	4.5828500000000001e-02
3.7346139139139138e+00	4.5834899999999998e-02
3.7346140140140140e+00	4.5841300000000001e-02
3.7346141141141143e+00	4.5847699999999998e-02
3.7346142142142140e+00	4.5854199999999998e-02
3.7346143143143142e+00	4.5860800000000000e-02
3.7346144144144144e+00	4.5867400000000003e-02
3.7346145145145146e+00	4.5874100000000001e-02
3.7346146146146144e+00	4.5880900000000002e-02
3.7346147147147146e+00	4.5887699999999997e-02
3.7346148148148148e+00	4.5894499999999998e-02
3.7346149149149150e+00	4.5901499999999998e-02
3.7346150150150148e+00	4.5908400000000002e-02
3.7346151151151150e+00	4.5915499999999998e-02
3.7346152152152152e+00	4.5922600000000001e-02
3.7346153153153154e+00	4.5929800000000000e-02
3.7346154154154152e+00	4.5936999999999999e-02
3.7346155155155154e+00	4.5944300000000000e-02
3.7346156156156156e+00	4.5951699999999998e-02
3.7346157157157158e+00	4.5959100000000003e-02
3.7346158158158156e+00	4.5966600000000003e-02
3.7346159159159158e+00	4.5974200000000000e-02
3.7346160160160160e+00	4.5981800000000003e-02
3.7346161161161162e+00	4.5989500000000003e-02
3.7346162162162160e+00	4.5997299999999998e-02
3.7346163163163162e+00	4.6005100000000000e-02
3.7346164164164164e+00	4.6013100000000001e-02
3.7346165165165166e+00	4.6021100000000002e-02
3.7346166166166164e+00	4.6029100000000003e-02
3.7346167167167166e+00	4.6037300000000003e-02
3.7346168168168168e+00	4.6045500000000003e-02
3.7346169169169170e+00	4.6053799999999999e-02
3.7346170170170168e+00	4.6062199999999998e-02
3.7346171171171170e+00	4.6070699999999999e-02
3.7346172172172172e+00	4.6079200000000001e-02
3.7346173173173174e+00	4.6087799999999998e-02
3.7346174174174176e+00	4.6096600000000001e-02
3.7346175175175174e+00	4.6105399999999998e-02
3.7346176176176176e+00	4.6114200000000001e-02
3.7346177177177178e+00	4.6123200000000003e-02
3.7346178178178180e+00	4.6132300000000001e-02
3.7346179179179178e+00	4.6141399999999999e-02
3.7346180180180180e+00	4.6150700000000003e-02
3.7346181181181182e+00	4.6160000000000000e-02
3.7346182182182184e+00	4.6169399999999999e-02
3.7346183183183181e+00	4.6178999999999998e-02
3.7346184184184184e+00	4.6188600000000003e-02
3.7346185185185186e+00	4.6198299999999998e-02
3.7346186186186188e+00	4.6208100000000002e-02
3.7346187187187185e+00	4.6218099999999998e-02
3.7346188188188187e+00	4.6228100000000001e-02
3.7346189189189190e+00	4.6238200000000000e-02
3.7346190190190192e+00	4.6248499999999998e-02
3.7346191191191189e+00	4.6258800000000003e-02
3.7346192192192191e+00	4.6269299999999999e-02
3.7346193193193193e+00	4.6279800000000003e-02
3.7346194194194196e+00	4.6290499999999998e-02
3.7346195195195193e+00	4.6301299999999997e-02
3.7346196196196195e+00	4.6312199999999998e-02
3.7346197197197197e+00	4.6323200000000002e-02
3.7346198198198199e+00	4.6334399999999998e-02
3.7346199199199197e+00	4.6345699999999997e-02
3.7346200200200199e+00	4.6357000000000002e-02
3.7346201201201201e+00	4.6368600000000003e-02
3.7346202202202203e+00	4.6380200000000003e-02
3.7346203203203201e+00	4.6392000000000003e-02
3.7346204204204203e+00	4.6403899999999998e-02
3.7346205205205205e+00	4.6415999999999999e-02
3.7346206206206207e+00	4.6428100000000000e-02
3.7346207207207205e+00	4.6440500000000003e-02
3.7346208208208207e+00	4.6452899999999998e-02
3.7346209209209209e+00	4.6465500000000000e-02
3.7346210210210211e+00	4.6478300000000000e-02
3.7346211211211209e+00	4.6491200000000003e-02
3.7346212212212211e+00	4.6504299999999998e-02
3.7346213213213213e+00	4.6517500000000003e-02
3.7346214214214215e+00	4.6530799999999997e-02
3.7346215215215213e+00	4.6544400000000000e-02
3.7346216216216215e+00	4.6558000000000002e-02
3.7346217217217217e+00	4.6571899999999999e-02
3.7346218218218219e+00	4.6585900000000000e-02
3.7346219219219221e+00	4.6600099999999998e-02
3.7346220220220219e+00	4.6614500000000003e-02
3.7346221221221221e+00	4.6628999999999997e-02
3.7346222222222223e+00	4.6643700000000003e-02
3.7346223223223225e+00	4.6658699999999997e-02
3.7346224224224223e+00	4.6673800000000001e-02
3.7346225225225225e+00	4.6689000000000001e-02
3.7346226226226227e+00	4.6704500000000003e-02
3.7346227227227229e+00	4.6720200000000003e-02
3.7346228228228227e+00	4.6736100000000003e-02
3.7346229229229229e+00	4.6752200000000001e-02
3.7346230230230231e+00	4.6768499999999998e-02
3.7346231231231233e+00	4.6785000000000000e-02
3.7346232232232230e+00	4.6801700000000002e-02
3.7346233233233233e+00	4.6818699999999998e-02
3.7346234234234235e+00	4.6835900000000000e-02
3.7346235235235237e+00	4.6853300000000001e-02
3.7346236236236234e+00	4.6870900000000000e-02
3.7346237237237236e+00	4.6888800000000001e-02
3.7346238238238239e+00	4.6906900000000001e-02
3.7346239239239241e+00	4.6925300000000003e-02
3.7346240240240238e+00	4.6944000000000000e-02
3.7346241241241240e+00	4.6962900000000002e-02
3.7346242242242242e+00	4.6982000000000003e-02
3.7346243243243245e+00	4.7001500000000002e-02
3.7346244244244242e+00	4.7021199999999999e-02
3.7346245245245244e+00	4.7041199999999998e-02
3.7346246246246246e+00	4.7061499999999999e-02
3.7346247247247248e+00	4.7082100000000002e-02
3.7346248248248246e+00	4.7102999999999999e-02
3.7346249249249248e+00	4.7124199999999998e-02
3.7346250250250250e+00	4.7145699999999999e-02
3.7346251251251252e+00	4.7167500000000001e-02
3.7346252252252250e+00	4.7189700000000001e-02
3.7346253253253252e+00	4.7212200000000003e-02
3.7346254254254254e+00	4.7234999999999999e-02
3.7346255255255256e+00	4.7258200000000000e-02
3.7346256256256254e+00	4.7281799999999999e-02
3.7346257257257256e+00	4.7305699999999999e-02
3.7346258258258258e+00	4.7329999999999997e-02
3.7346259259259260e+00	4.7354700000000000e-02
3.7346260260260258e+00	4.7379800000000000e-02
3.7346261261261260e+00	4.7405299999999997e-02
3.7346262262262262e+00	4.7431300000000003e-02
3.7346263263263264e+00	4.7457600000000003e-02
3.7346264264264266e+00	4.7484400000000003e-02
3.7346265265265264e+00	4.7511600000000001e-02
3.7346266266266266e+00	4.7539300000000000e-02
3.7346267267267268e+00	4.7567499999999999e-02
3.7346268268268270e+00	4.7596100000000002e-02
3.7346269269269268e+00	4.7625199999999999e-02
3.7346270270270270e+00	4.7654900000000000e-02
3.7346271271271272e+00	4.7684999999999998e-02
3.7346272272272274e+00	4.7715700000000000e-02
3.7346273273273272e+00	4.7746999999999998e-02
3.7346274274274274e+00	4.7778800000000003e-02
3.7346275275275276e+00	4.7811199999999998e-02
3.7346276276276278e+00	4.7844100000000001e-02
3.7346277277277276e+00	4.7877700000000002e-02
3.7346278278278278e+00	4.7911900000000000e-02
3.7346279279279280e+00	4.7946799999999998e-02
3.7346280280280282e+00	4.7982299999999999e-02
3.7346281281281279e+00	4.8018499999999999e-02
3.7346282282282282e+00	4.8055500000000001e-02
3.7346283283283284e+00	4.8093100000000000e-02
3.7346284284284286e+00	4.8131500000000001e-02
3.7346285285285283e+00	4.8170600000000001e-02
3.7346286286286285e+00	4.8210500000000003e-02
3.7346287287287288e+00	4.8251299999999997e-02
3.7346288288288290e+00	4.8292900000000000e-02
3.7346289289289287e+00	4.8335299999999998e-02
3.7346290290290289e+00	4.8378600000000001e-02
3.7346291291291291e+00	4.8422899999999998e-02
3.7346292292292294e+00	4.8468100000000000e-02
3.7346293293293291e+00	4.8514300000000003e-02
3.7346294294294293e+00	4.8561399999999998e-02
3.7346295295295295e+00	4.8609699999999999e-02
3.7346296296296297e+00	4.8659000000000001e-02
3.7346297297297295e+00	4.8709400000000000e-02
3.7346298298298297e+00	4.8760999999999999e-02
3.7346299299299299e+00	4.8813799999999997e-02
3.7346300300300301e+00	4.8867800000000003e-02
3.7346301301301299e+00	4.8923000000000001e-02
3.7346302302302301e+00	4.8979599999999998e-02
3.7346303303303303e+00	4.9037600000000001e-02
3.7346304304304305e+00	4.9097000000000002e-02
3.7346305305305307e+00	4.9157899999999997e-02
3.7346306306306305e+00	4.9220300000000002e-02
3.7346307307307307e+00	4.9284300000000003e-02
3.7346308308308309e+00	4.9349900000000002e-02
3.7346309309309311e+00	4.9417200000000001e-02
3.7346310310310309e+00	4.9486400000000000e-02
3.7346311311311311e+00	4.9557299999999999e-02
3.7346312312312313e+00	4.9630199999999999e-02
3.7346313313313315e+00	4.9705100000000002e-02
3.7346314314314313e+00	4.9782100000000003e-02
3.7346315315315315e+00	4.9861299999999997e-02
3.7346316316316317e+00	4.9942700000000000e-02
3.7346317317317319e+00	5.0026500000000002e-02
3.7346318318318317e+00	5.0112799999999999e-02
3.7346319319319319e+00	5.0201700000000002e-02
3.7346320320320321e+00	5.0293200000000003e-02
3.7346321321321323e+00	5.0387599999999998e-02
3.7346322322322321e+00	5.0485000000000002e-02
3.7346323323323323e+00	5.0585400000000003e-02
3.7346324324324325e+00	5.0689100000000001e-02
3.7346325325325327e+00	5.0796200000000000e-02
3.7346326326326325e+00	5.0906800000000002e-02
3.7346327327327327e+00	5.1021299999999999e-02
3.7346328328328329e+00	5.1139700000000003e-02
3.7346329329329331e+00	5.1262200000000001e-02
3.7346330330330328e+00	5.1389100000000000e-02
3.7346331331331331e+00	5.1520700000000003e-02
3.7346332332332333e+00	5.1657099999999997e-02
3.7346333333333335e+00	5.1798700000000003e-02
3.7346334334334332e+00	5.1945699999999997e-02
3.7346335335335334e+00	5.2098499999999999e-02
3.7346336336336337e+00	5.2257400000000002e-02
3.7346337337337339e+00	5.2422700000000003e-02
3.7346338338338336e+00	5.2595000000000003e-02
3.7346339339339338e+00	5.2774599999999998e-02
3.7346340340340340e+00	5.2962000000000002e-02
3.7346341341341343e+00	5.3157700000000002e-02
3.7346342342342340e+00	5.3362399999999997e-02
3.7346343343343342e+00	5.3576499999999999e-02
3.7346344344344344e+00	5.3800800000000003e-02
3.7346345345345346e+00	5.4036000000000001e-02
3.7346346346346344e+00	5.4282900000000002e-02
3.7346347347347346e+00	5.4542500000000001e-02
3.7346348348348348e+00	5.4815700000000002e-02
3.7346349349349350e+00	5.5103600000000003e-02
3.7346350350350352e+00	5.5407499999999998e-02
3.7346351351351350e+00	5.5728699999999999e-02
3.7346352352352352e+00	5.6068600000000003e-02
3.7346353353353354e+00	5.6429100000000003e-02
3.7346354354354356e+00	5.6811899999999999e-02
3.7346355355355354e+00	5.7219300000000001e-02
3.7346356356356356e+00	5.7653700000000002e-02
3.7346357357357358e+00	5.8117799999999997e-02
3.7346358358358360e+00	5.8614800000000002e-02
3.7346359359359358e+00	5.9148300000000001e-02
3.7346360360360360e+00	5.9722299999999999e-02
3.7346361361361362e+00	6.0341899999999997e-02
3.7346362362362364e+00	6.1012400000000001e-02
3.7346363363363362e+00	6.1740400000000001e-02
3.7346364364364364e+00	6.2533699999999998e-02
3.7346365365365366e+00	6.3401200000000005e-02
3.7346366366366368e+00	6.4353999999999995e-02
3.7346367367367366e+00	6.5405000000000005e-02
3.7346368368368368e+00	6.6570199999999996e-02
3.7346369369369370e+00	6.7868999999999999e-02
3.7346370370370372e+00	6.9325600000000001e-02
3.7346371371371370e+00	7.0970199999999997e-02
3.7346372372372372e+00	7.2841199999999995e-02
3.7346373373373374e+00	7.4988200000000005e-02
3.7346374374374376e+00	7.7476100000000006e-02
3.7346375375375374e+00	8.0391599999999994e-02
3.7346376376376376e+00	8.3852999999999997e-02
3.7346377377377378e+00	8.8025599999999996e-02
3.7346378378378380e+00	9.3147700000000000e-02
3.7346379379379377e+00	9.9574300000000004e-02
3.7346380380380380e+00	1.0785699999999999e-01
3.7346381381381382e+00	1.1889500000000000e-01
3.7346382382382384e+00	1.3425400000000001e-01
3.7346383383383381e+00	1.5687599999999999e-01
3.7346384384384383e+00	1.9289300000000001e-01
3.7346385385385386e+00	2.5692100000000001e-01
3.7346386386386388e+00	3.8997599999999999e-01
3.7346387387387385e+00	7.1006100000000005e-01
3.7346388388388387e+00	9.4521800000000000e-01
3.7346389389389389e+00	2.7735300000000002e-01
3.7346390390390392e+00	5.7227399999999998e-02
3.7346391391391394e+00	1.0669500000000000e-02
3.7346392392392391e+00	8.1808800000000002e-04
3.7346393393393393e+00	3.1971899999999999e-04
3.7346394394394395e+00	2.4411500000000000e-03
3.7346395395395398e+00	5.2034400000000001e-03
3.7346396396396395e+00	7.9691699999999994e-03
3.7346397397397397e+00	1.0535100000000000e-02
3.7346398398398399e+00	1.2850100000000000e-02
3.7346399399399401e+00	1.4917900000000000e-02
3.7346400400400399e+00	1.6760500000000001e-02
3.7346401401401401e+00	1.8404299999999998e-02
3.7346402402402403e+00	1.9875100000000000e-02
3.7346403403403405e+00	2.1195700000000001e-02
3.7346404404404403e+00	2.2386300000000001e-02
3.7346405405405405e+00	2.3463899999999999e-02
3.7346406406406407e+00	2.4442999999999999e-02
3.7346407407407409e+00	2.5336100000000000e-02
3.7346408408408407e+00	2.6153400000000000e-02
3.7346409409409409e+00	2.6904100000000000e-02
3.7346410410410411e+00	2.7595700000000001e-02
3.7346411411411413e+00	2.8234700000000001e-02
3.7346412412412411e+00	2.8826899999999999e-02
3.7346413413413413e+00	2.9377100000000000e-02
3.7346414414414415e+00	2.9889499999999999e-02
3.7346415415415417e+00	3.0367800000000000e-02
3.7346416416416415e+00	3.0815300000000000e-02
3.7346417417417417e+00	3.1234899999999999e-02
3.7346418418418419e+00	3.1628999999999997e-02
3.7346419419419421e+00	3.1999899999999998e-02
3.7346420420420419e+00	3.2349500000000003e-02
3.7346421421421421e+00	3.2679699999999999e-02
3.7346422422422423e+00	3.2991899999999998e-02
3.7346423423423425e+00	3.3287499999999998e-02
3.7346424424424423e+00	3.3568000000000001e-02
3.7346425425425425e+00	3.3834299999999998e-02
3.7346426426426427e+00	3.4087600000000003e-02
3.7346427427427429e+00	3.4328699999999997e-02
3.7346428428428426e+00	3.4558499999999999e-02
3.7346429429429429e+00	3.4777799999999998e-02
3.7346430430430431e+00	3.4987299999999999e-02
3.7346431431431433e+00	3.5187599999999999e-02
3.7346432432432430e+00	3.5379300000000002e-02
3.7346433433433432e+00	3.5562999999999997e-02
3.7346434434434435e+00	3.5739100000000003e-02
3.7346435435435437e+00	3.5908099999999998e-02
3.7346436436436439e+00	3.6070400000000002e-02
3.7346437437437436e+00	3.6226399999999999e-02
3.7346438438438438e+00	3.6376499999999999e-02
3.7346439439439441e+00	3.6520999999999998e-02
3.7346440440440443e+00	3.6660100000000001e-02
3.7346441441441440e+00	3.6794300000000002e-02
3.7346442442442442e+00	3.6923699999999997e-02
3.7346443443443444e+00	3.7048600000000001e-02
3.7346444444444447e+00	3.7169199999999999e-02
3.7346445445445444e+00	3.7285699999999998e-02
3.7346446446446446e+00	3.7398399999999998e-02
3.7346447447447448e+00	3.7507499999999999e-02
3.7346448448448450e+00	3.7613000000000001e-02
3.7346449449449448e+00	3.7715199999999997e-02
3.7346450450450450e+00	3.7814199999999999e-02
3.7346451451451452e+00	3.7910199999999998e-02
3.7346452452452454e+00	3.8003299999999997e-02
3.7346453453453452e+00	3.8093700000000001e-02
3.7346454454454454e+00	3.8181399999999997e-02
3.7346455455455456e+00	3.8266500000000002e-02
3.7346456456456458e+00	3.8349200000000000e-02
3.7346457457457456e+00	3.8429699999999997e-02
3.7346458458458458e+00	3.8507899999999998e-02
3.7346459459459460e+00	3.8583899999999997e-02
3.7346460460460462e+00	3.8657900000000002e-02
3.7346461461461460e+00	3.8729899999999998e-02
3.7346462462462462e+00	3.8800099999999997e-02
3.7346463463463464e+00	3.8868399999999997e-02
3.7346464464464466e+00	3.8934999999999997e-02
3.7346465465465464e+00	3.8999899999999997e-02
3.7346466466466466e+00	3.9063199999999999e-02
3.7346467467467468e+00	3.9124899999999997e-02
3.7346468468468470e+00	3.9185100000000000e-02
3.7346469469469468e+00	3.9243899999999998e-02
3.7346470470470470e+00	3.9301200000000001e-02
3.7346471471471472e+00	3.9357200000000002e-02
3.7346472472472474e+00	3.9412000000000003e-02
3.7346473473473472e+00	3.9465399999999998e-02
3.7346474474474474e+00	3.9517700000000003e-02
3.7346475475475476e+00	3.9568699999999998e-02
3.7346476476476478e+00	3.9618700000000000e-02
3.7346477477477475e+00	3.9667500000000001e-02
3.7346478478478478e+00	3.9715300000000002e-02
3.7346479479479480e+00	3.9761999999999999e-02
3.7346480480480482e+00	3.9807799999999997e-02
3.7346481481481484e+00	3.9852499999999999e-02
3.7346482482482481e+00	3.9896399999999999e-02
3.7346483483483484e+00	3.9939299999999997e-02
3.7346484484484486e+00	3.9981400000000000e-02
3.7346485485485488e+00	4.0022599999999998e-02
3.7346486486486485e+00	4.0063000000000001e-02
3.7346487487487487e+00	4.0102600000000002e-02
3.7346488488488490e+00	4.0141400000000001e-02
3.7346489489489492e+00	4.0179399999999997e-02
3.7346490490490489e+00	4.0216700000000001e-02
3.7346491491491491e+00	4.0253299999999999e-02
3.7346492492492493e+00	4.0289300000000000e-02
3.7346493493493496e+00	4.0324499999999999e-02
3.7346494494494493e+00	4.0359100000000002e-02
3.7346495495495495e+00	4.0392999999999998e-02
3.7346496496496497e+00	4.0426299999999998e-02
3.7346497497497499e+00	4.0459099999999998e-02
3.7346498498498497e+00	4.0491199999999998e-02
3.7346499499499499e+00	4.0522799999999998e-02
3.7346500500500501e+00	4.0553800000000001e-02
3.7346501501501503e+00	4.0584200000000001e-02
3.7346502502502501e+00	4.0614200000000003e-02
3.7346503503503503e+00	4.0643600000000002e-02
3.7346504504504505e+00	4.0672500000000000e-02
3.7346505505505507e+00	4.0700899999999998e-02
3.7346506506506505e+00	4.0728899999999998e-02
3.7346507507507507e+00	4.0756399999999998e-02
3.7346508508508509e+00	4.0783399999999997e-02
3.7346509509509511e+00	4.0809999999999999e-02
3.7346510510510509e+00	4.0836200000000003e-02
3.7346511511511511e+00	4.0861900000000000e-02
3.7346512512512513e+00	4.0887199999999999e-02
3.7346513513513515e+00	4.0912200000000003e-02
3.7346514514514513e+00	4.0936699999999999e-02
3.7346515515515515e+00	4.0960799999999999e-02
3.7346516516516517e+00	4.0984600000000003e-02
3.7346517517517519e+00	4.1008000000000003e-02
3.7346518518518517e+00	4.1031100000000001e-02
3.7346519519519519e+00	4.1053800000000001e-02
3.7346520520520521e+00	4.1076099999999997e-02
3.7346521521521523e+00	4.1098200000000001e-02
3.7346522522522525e+00	4.1119799999999998e-02
3.7346523523523523e+00	4.1141200000000003e-02
3.7346524524524525e+00	4.1162299999999999e-02
3.7346525525525527e+00	4.1183100000000000e-02
3.7346526526526529e+00	4.1203499999999997e-02
3.7346527527527527e+00	4.1223700000000002e-02
3.7346528528528529e+00	4.1243599999999998e-02
3.7346529529529531e+00	4.1263200000000000e-02
3.7346530530530533e+00	4.1282500000000000e-02
3.7346531531531530e+00	4.1301499999999998e-02
3.7346532532532533e+00	4.1320299999999997e-02
3.7346533533533535e+00	4.1338800000000002e-02
3.7346534534534537e+00	4.1357100000000001e-02
3.7346535535535534e+00	4.1375200000000001e-02
3.7346536536536536e+00	4.1392900000000003e-02
3.7346537537537539e+00	4.1410500000000003e-02
3.7346538538538541e+00	4.1427800000000001e-02
3.7346539539539538e+00	4.1444900000000000e-02
3.7346540540540540e+00	4.1461699999999997e-02
3.7346541541541542e+00	4.1478399999999999e-02
3.7346542542542545e+00	4.1494799999999998e-02
3.7346543543543542e+00	4.1510999999999999e-02
3.7346544544544544e+00	4.1527000000000001e-02
3.7346545545545546e+00	4.1542799999999998e-02
3.7346546546546548e+00	4.1558400000000002e-02
3.7346547547547546e+00	4.1573800000000001e-02
3.7346548548548548e+00	4.1589000000000001e-02
3.7346549549549550e+00	4.1604000000000002e-02
3.7346550550550552e+00	4.1618900000000000e-02
3.7346551551551550e+00	4.1633499999999997e-02
3.7346552552552552e+00	4.1647999999999998e-02
3.7346553553553554e+00	4.1662299999999999e-02
3.7346554554554556e+00	4.1676400000000002e-02
3.7346555555555554e+00	4.1690300000000000e-02
3.7346556556556556e+00	4.1704100000000001e-02
3.7346557557557558e+00	4.1717700000000003e-02
3.7346558558558560e+00	4.1731200000000003e-02
3.7346559559559558e+00	4.1744499999999997e-02
3.7346560560560560e+00	4.1757599999999999e-02
3.7346561561561562e+00	4.1770599999999998e-02
3.7346562562562564e+00	4.1783500000000001e-02
3.7346563563563562e+00	4.1796199999999999e-02
3.7346564564564564e+00	4.1808699999999997e-02
3.7346565565565566e+00	4.1821100000000000e-02
3.7346566566566568e+00	4.1833400000000000e-02
3.7346567567567570e+00	4.1845500000000001e-02
3.7346568568568568e+00	4.1857499999999999e-02
3.7346569569569570e+00	4.1869400000000001e-02
3.7346570570570572e+00	4.1881099999999997e-02
3.7346571571571574e+00	4.1892699999999998e-02
3.7346572572572572e+00	4.1904100000000000e-02
3.7346573573573574e+00	4.1915500000000001e-02
3.7346574574574576e+00	4.1926699999999997e-02
3.7346575575575578e+00	4.1937799999999997e-02
3.7346576576576576e+00	4.1948800000000001e-02
3.7346577577577578e+00	4.1959700000000003e-02
3.7346578578578580e+00	4.1970399999999998e-02
3.7346579579579582e+00	4.1980999999999997e-02
3.7346580580580580e+00	4.1991500000000001e-02
3.7346581581581582e+00	4.2001999999999998e-02
3.7346582582582584e+00	4.2012300000000002e-02
3.7346583583583586e+00	4.2022400000000001e-02
3.7346584584584583e+00	4.2032500000000000e-02
3.7346585585585585e+00	4.2042499999999997e-02
3.7346586586586588e+00	4.2052399999999997e-02
3.7346587587587590e+00	4.2062200000000001e-02
3.7346588588588587e+00	4.2071900000000002e-02
3.7346589589589589e+00	4.2081399999999998e-02
3.7346590590590591e+00	4.2090900000000001e-02
3.7346591591591594e+00	4.2100300000000000e-02
3.7346592592592591e+00	4.2109599999999997e-02
3.7346593593593593e+00	4.2118799999999998e-02
3.7346594594594595e+00	4.2127900000000003e-02
3.7346595595595597e+00	4.2137000000000001e-02
3.7346596596596595e+00	4.2145900000000000e-02
3.7346597597597597e+00	4.2154799999999999e-02
3.7346598598598599e+00	4.2163500000000000e-02
3.7346599599599601e+00	4.2172200000000000e-02
3.7346600600600599e+00	4.2180799999999997e-02
3.7346601601601601e+00	4.2189299999999999e-02
3.7346602602602603e+00	4.2197699999999998e-02
3.7346603603603605e+00	4.2206100000000003e-02
3.7346604604604603e+00	4.2214399999999999e-02
3.7346605605605605e+00	4.2222599999999999e-02
3.7346606606606607e+00	4.2230700000000003e-02
3.7346607607607609e+00	4.2238699999999997e-02
3.7346608608608607e+00	4.2246699999999998e-02
3.7346609609609609e+00	4.2254600000000003e-02
3.7346610610610611e+00	4.2262399999999999e-02
3.7346611611611613e+00	4.2270200000000001e-02
3.7346612612612615e+00	4.2277799999999997e-02
3.7346613613613613e+00	4.2285400000000001e-02
3.7346614614614615e+00	4.2292999999999997e-02
3.7346615615615617e+00	4.2300499999999998e-02
3.7346616616616619e+00	4.2307900000000002e-02
3.7346617617617617e+00	4.2315199999999997e-02
3.7346618618618619e+00	4.2322499999999999e-02
3.7346619619619621e+00	4.2329699999999998e-02
3.7346620620620623e+00	4.2336800000000001e-02
3.7346621621621621e+00	4.2343899999999997e-02
3.7346622622622623e+00	4.2350899999999997e-02
3.7346623623623625e+00	4.2357899999999997e-02
3.7346624624624627e+00	4.2364800000000001e-02
3.7346625625625625e+00	4.2371600000000002e-02
3.7346626626626627e+00	4.2378399999999997e-02
3.7346627627627629e+00	4.2385100000000002e-02
3.7346628628628631e+00	4.2391800000000000e-02
3.7346629629629629e+00	4.2398400000000003e-02
3.7346630630630631e+00	4.2404900000000002e-02
3.7346631631631633e+00	4.2411400000000002e-02
3.7346632632632635e+00	4.2417900000000001e-02
3.7346633633633632e+00	4.2424200000000002e-02
3.7346634634634635e+00	4.2430599999999999e-02
3.7346635635635637e+00	4.2436900000000000e-02
3.7346636636636639e+00	4.2443099999999997e-02
3.7346637637637636e+00	4.2449300000000002e-02
3.7346638638638638e+00	4.2455399999999997e-02
3.7346639639639641e+00	4.2461400000000003e-02
3.7346640640640643e+00	4.2467499999999998e-02
3.7346641641641640e+00	4.2473400000000001e-02
3.7346642642642642e+00	4.2479400000000000e-02
3.7346643643643644e+00	4.2485200000000001e-02
3.7346644644644647e+00	4.2491099999999997e-02
3.7346645645645644e+00	4.2496899999999997e-02
3.7346646646646646e+00	4.2502600000000001e-02
3.7346647647647648e+00	4.2508299999999999e-02
3.7346648648648650e+00	4.2513900000000000e-02
3.7346649649649648e+00	4.2519500000000002e-02
3.7346650650650650e+00	4.2525100000000003e-02
3.7346651651651652e+00	4.2530600000000002e-02
3.7346652652652654e+00	4.2536100000000000e-02
3.7346653653653656e+00	4.2541500000000003e-02
3.7346654654654654e+00	4.2546899999999999e-02
3.7346655655655656e+00	4.2552199999999998e-02
3.7346656656656658e+00	4.2557499999999998e-02
3.7346657657657660e+00	4.2562799999999998e-02
3.7346658658658658e+00	4.2568000000000002e-02
3.7346659659659660e+00	4.2573100000000003e-02
3.7346660660660662e+00	4.2578299999999999e-02
3.7346661661661664e+00	4.2583400000000000e-02
3.7346662662662662e+00	4.2588399999999998e-02
3.7346663663663664e+00	4.2593499999999999e-02
3.7346664664664666e+00	4.2598400000000002e-02
3.7346665665665668e+00	4.2603400000000000e-02
3.7346666666666666e+00	4.2608300000000002e-02
3.7346667667667668e+00	4.2613199999999997e-02
3.7346668668668670e+00	4.2618000000000003e-02
3.7346669669669672e+00	4.2622800000000002e-02
3.7346670670670670e+00	4.2627600000000002e-02
3.7346671671671672e+00	4.2632299999999998e-02
3.7346672672672674e+00	4.2637000000000001e-02
3.7346673673673676e+00	4.2641600000000002e-02
3.7346674674674674e+00	4.2646299999999998e-02
3.7346675675675676e+00	4.2650899999999999e-02
3.7346676676676678e+00	4.2655400000000003e-02
3.7346677677677680e+00	4.2659900000000001e-02
3.7346678678678678e+00	4.2664399999999998e-02
3.7346679679679680e+00	4.2668900000000003e-02
3.7346680680680682e+00	4.2673299999999997e-02
3.7346681681681684e+00	4.2677699999999999e-02
3.7346682682682681e+00	4.2682100000000001e-02
3.7346683683683684e+00	4.2686399999999999e-02
3.7346684684684686e+00	4.2690699999999998e-02
3.7346685685685688e+00	4.2694999999999997e-02
3.7346686686686685e+00	4.2699200000000000e-02
3.7346687687687687e+00	4.2703400000000002e-02
3.7346688688688690e+00	4.2707599999999998e-02
3.7346689689689692e+00	4.2711800000000001e-02
3.7346690690690689e+00	4.2715900000000001e-02
3.7346691691691691e+00	4.2720000000000001e-02
3.7346692692692693e+00	4.2723999999999998e-02
3.7346693693693696e+00	4.2728099999999998e-02
3.7346694694694693e+00	4.2732100000000002e-02
3.7346695695695695e+00	4.2736099999999999e-02
3.7346696696696697e+00	4.2740000000000000e-02
3.7346697697697699e+00	4.2743999999999997e-02
3.7346698698698702e+00	4.2747899999999998e-02
3.7346699699699699e+00	4.2751699999999997e-02
3.7346700700700701e+00	4.2755599999999998e-02
3.7346701701701703e+00	4.2759400000000003e-02
3.7346702702702705e+00	4.2763200000000001e-02
3.7346703703703703e+00	4.2766999999999999e-02
3.7346704704704705e+00	4.2770700000000002e-02
3.7346705705705707e+00	4.2774399999999997e-02
3.7346706706706709e+00	4.2778099999999999e-02
3.7346707707707707e+00	4.2781800000000002e-02
3.7346708708708709e+00	4.2785400000000001e-02
3.7346709709709711e+00	4.2789099999999997e-02
3.7346710710710713e+00	4.2792700000000003e-02
3.7346711711711711e+00	4.2796200000000000e-02
3.7346712712712713e+00	4.2799799999999999e-02
3.7346713713713715e+00	4.2803300000000002e-02
3.7346714714714717e+00	4.2806799999999999e-02
3.7346715715715715e+00	4.2810300000000003e-02
3.7346716716716717e+00	4.2813700000000003e-02
3.7346717717717719e+00	4.2817200000000000e-02
3.7346718718718721e+00	4.2820600000000000e-02
3.7346719719719719e+00	4.2824000000000001e-02
3.7346720720720721e+00	4.2827400000000002e-02
3.7346721721721723e+00	4.2830699999999999e-02
3.7346722722722725e+00	4.2833999999999997e-02
3.7346723723723723e+00	4.2837300000000002e-02
3.7346724724724725e+00	4.2840600000000000e-02
3.7346725725725727e+00	4.2843899999999997e-02
3.7346726726726729e+00	4.2847099999999999e-02
3.7346727727727727e+00	4.2850300000000001e-02
3.7346728728728729e+00	4.2853500000000003e-02
3.7346729729729731e+00	4.2856699999999998e-02
3.7346730730730733e+00	4.2859899999999999e-02
3.7346731731731730e+00	4.2862999999999998e-02
3.7346732732732733e+00	4.2866099999999997e-02
3.7346733733733735e+00	4.2869200000000003e-02
3.7346734734734737e+00	4.2872300000000002e-02
3.7346735735735734e+00	4.2875400000000001e-02
3.7346736736736736e+00	4.2878399999999997e-02
3.7346737737737739e+00	4.2881500000000003e-02
3.7346738738738741e+00	4.2884499999999999e-02
3.7346739739739743e+00	4.2887500000000002e-02
3.7346740740740740e+00	4.2890400000000002e-02
3.7346741741741742e+00	4.2893399999999998e-02
3.7346742742742745e+00	4.2896299999999998e-02
3.7346743743743747e+00	4.2899199999999998e-02
3.7346744744744744e+00	4.2902099999999999e-02
3.7346745745745746e+00	4.2904999999999999e-02
3.7346746746746748e+00	4.2907899999999999e-02
3.7346747747747751e+00	4.2910700000000003e-02
3.7346748748748748e+00	4.2913500000000000e-02
3.7346749749749750e+00	4.2916400000000000e-02
3.7346750750750752e+00	4.2919100000000002e-02
3.7346751751751754e+00	4.2921899999999999e-02
3.7346752752752752e+00	4.2924700000000003e-02
3.7346753753753754e+00	4.2927399999999998e-02
3.7346754754754756e+00	4.2930200000000002e-02
3.7346755755755758e+00	4.2932900000000003e-02
3.7346756756756756e+00	4.2935599999999997e-02
3.7346757757757758e+00	4.2938200000000003e-02
3.7346758758758760e+00	4.2940899999999997e-02
3.7346759759759762e+00	4.2943599999999998e-02
3.7346760760760760e+00	4.2946199999999997e-02
3.7346761761761762e+00	4.2948800000000002e-02
3.7346762762762764e+00	4.2951400000000001e-02
3.7346763763763766e+00	4.2953999999999999e-02
3.7346764764764764e+00	4.2956599999999998e-02
3.7346765765765766e+00	4.2959100000000000e-02
3.7346766766766768e+00	4.2961699999999999e-02
3.7346767767767770e+00	4.2964200000000001e-02
3.7346768768768768e+00	4.2966699999999997e-02
3.7346769769769770e+00	4.2969199999999999e-02
3.7346770770770772e+00	4.2971700000000002e-02
3.7346771771771774e+00	4.2974199999999997e-02
3.7346772772772772e+00	4.2976599999999997e-02
3.7346773773773774e+00	4.2979099999999999e-02
3.7346774774774776e+00	4.2981499999999999e-02
3.7346775775775778e+00	4.2983899999999998e-02
3.7346776776776776e+00	4.2986299999999998e-02
3.7346777777777778e+00	4.2988699999999998e-02
3.7346778778778780e+00	4.2991099999999997e-02
3.7346779779779782e+00	4.2993400000000001e-02
3.7346780780780779e+00	4.2995800000000001e-02
3.7346781781781782e+00	4.2998099999999997e-02
3.7346782782782784e+00	4.3000400000000001e-02
3.7346783783783786e+00	4.3002699999999998e-02
3.7346784784784788e+00	4.3005000000000002e-02
3.7346785785785785e+00	4.3007299999999998e-02
3.7346786786786788e+00	4.3009600000000002e-02
3.7346787787787790e+00	4.3011800000000003e-02
3.7346788788788792e+00	4.3014100000000000e-02
3.7346789789789789e+00	4.3016300000000000e-02
3.7346790790790791e+00	4.3018500000000001e-02
3.7346791791791794e+00	4.3020700000000002e-02
3.7346792792792796e+00	4.3022900000000003e-02
3.7346793793793793e+00	4.3025099999999997e-02
3.7346794794794795e+00	4.3027299999999997e-02
3.7346795795795797e+00	4.3029400000000002e-02
3.7346796796796800e+00	4.3031600000000003e-02
3.7346797797797797e+00	4.3033700000000001e-02
3.7346798798798799e+00	4.3035799999999999e-02
3.7346799799799801e+00	4.3037899999999997e-02
3.7346800800800803e+00	4.3040000000000002e-02
3.7346801801801801e+00	4.3042100000000000e-02
3.7346802802802803e+00	4.3044199999999998e-02
3.7346803803803805e+00	4.3046300000000003e-02
3.7346804804804807e+00	4.3048299999999998e-02
3.7346805805805805e+00	4.3050400000000003e-02
3.7346806806806807e+00	4.3052399999999998e-02
3.7346807807807809e+00	4.3054400000000000e-02
3.7346808808808811e+00	4.3056400000000002e-02
3.7346809809809809e+00	4.3058399999999997e-02
3.7346810810810811e+00	4.3060399999999999e-02
3.7346811811811813e+00	4.3062400000000001e-02
3.7346812812812815e+00	4.3064300000000000e-02
3.7346813813813813e+00	4.3066300000000002e-02
3.7346814814814815e+00	4.3068299999999997e-02
3.7346815815815817e+00	4.3070200000000003e-02
3.7346816816816819e+00	4.3072100000000002e-02
3.7346817817817817e+00	4.3074000000000001e-02
3.7346818818818819e+00	4.3075900000000000e-02
3.7346819819819821e+00	4.3077799999999999e-02
3.7346820820820823e+00	4.3079699999999999e-02
3.7346821821821821e+00	4.3081599999999998e-02
3.7346822822822823e+00	4.3083499999999997e-02
3.7346823823823825e+00	4.3085300000000000e-02
3.7346824824824827e+00	4.3087199999999999e-02
3.7346825825825825e+00	4.3089000000000002e-02
3.7346826826826827e+00	4.3090799999999999e-02
3.7346827827827829e+00	4.3092699999999998e-02
3.7346828828828831e+00	4.3094500000000001e-02
3.7346829829829833e+00	4.3096299999999997e-02
3.7346830830830831e+00	4.3098100000000000e-02
3.7346831831831833e+00	4.3099800000000001e-02
3.7346832832832835e+00	4.3101599999999997e-02
3.7346833833833837e+00	4.3103400000000000e-02
3.7346834834834834e+00	4.3105100000000000e-02
3.7346835835835837e+00	4.3106899999999997e-02
3.7346836836836839e+00	4.3108599999999997e-02
3.7346837837837841e+00	4.3110299999999997e-02
3.7346838838838838e+00	4.3111999999999998e-02
3.7346839839839840e+00	4.3113800000000001e-02
3.7346840840840843e+00	4.3115500000000001e-02
3.7346841841841845e+00	4.3117200000000001e-02
3.7346842842842842e+00	4.3118799999999999e-02
3.7346843843843844e+00	4.3120499999999999e-02
3.7346844844844846e+00	4.3122199999999999e-02
3.7346845845845849e+00	4.3123799999999997e-02
3.7346846846846846e+00	4.3125499999999997e-02
3.7346847847847848e+00	4.3127100000000002e-02
3.7346848848848850e+00	4.3128800000000002e-02
3.7346849849849852e+00	4.3130399999999999e-02
3.7346850850850850e+00	4.3131999999999997e-02
3.7346851851851852e+00	4.3133600000000001e-02
3.7346852852852854e+00	4.3135199999999999e-02
3.7346853853853856e+00	4.3136800000000003e-02
3.7346854854854854e+00	4.3138400000000000e-02
3.7346855855855856e+00	4.3139999999999998e-02
3.7346856856856858e+00	4.3141499999999999e-02
3.7346857857857860e+00	4.3143099999999997e-02
3.7346858858858858e+00	4.3144700000000001e-02
3.7346859859859860e+00	4.3146200000000003e-02
3.7346860860860862e+00	4.3147699999999997e-02
3.7346861861861864e+00	4.3149300000000002e-02
3.7346862862862862e+00	4.3150800000000003e-02
3.7346863863863864e+00	4.3152299999999998e-02
3.7346864864864866e+00	4.3153799999999999e-02
3.7346865865865868e+00	4.3155300000000001e-02
3.7346866866866866e+00	4.3156800000000002e-02
3.7346867867867868e+00	4.3158299999999997e-02
3.7346868868868870e+00	4.3159799999999998e-02
3.7346869869869872e+00	4.3161199999999997e-02
3.7346870870870874e+00	4.3162699999999998e-02
3.7346871871871872e+00	4.3164200000000000e-02
3.7346872872872874e+00	4.3165599999999998e-02
3.7346873873873876e+00	4.3167100000000000e-02
3.7346874874874878e+00	4.3168499999999999e-02
3.7346875875875876e+00	4.3169899999999997e-02
3.7346876876876878e+00	4.3171300000000003e-02
3.7346877877877880e+00	4.3172799999999997e-02
3.7346878878878882e+00	4.3174200000000003e-02
3.7346879879879880e+00	4.3175600000000001e-02
3.7346880880880882e+00	4.3177000000000000e-02
3.7346881881881884e+00	4.3178399999999999e-02
3.7346882882882886e+00	4.3179700000000001e-02
3.7346883883883883e+00	4.3181100000000000e-02
3.7346884884884886e+00	4.3182499999999999e-02
3.7346885885885888e+00	4.3183800000000001e-02
3.7346886886886890e+00	4.3185200000000000e-02
3.7346887887887887e+00	4.3186500000000003e-02
3.7346888888888889e+00	4.3187900000000001e-02
3.7346889889889892e+00	4.3189199999999997e-02
3.7346890890890894e+00	4.3190600000000003e-02
3.7346891891891891e+00	4.3191899999999998e-02
3.7346892892892893e+00	4.3193200000000001e-02
3.7346893893893895e+00	4.3194499999999997e-02
3.7346894894894898e+00	4.3195799999999999e-02
3.7346895895895895e+00	4.3197100000000002e-02
3.7346896896896897e+00	4.3198399999999998e-02
3.7346897897897899e+00	4.3199700000000001e-02
3.7346898898898901e+00	4.3201000000000003e-02
3.7346899899899899e+00	4.3202200000000003e-02
3.7346900900900901e+00	4.3203499999999999e-02
3.7346901901901903e+00	4.3204800000000002e-02
3.7346902902902905e+00	4.3206000000000001e-02
3.7346903903903903e+00	4.3207299999999997e-02
3.7346904904904905e+00	4.3208499999999997e-02
3.7346905905905907e+00	4.3209800000000000e-02
3.7346906906906909e+00	4.3210999999999999e-02
3.7346907907907907e+00	4.3212199999999999e-02
3.7346908908908909e+00	4.3213500000000002e-02
3.7346909909909911e+00	4.3214700000000002e-02
3.7346910910910913e+00	4.3215900000000002e-02
3.7346911911911911e+00	4.3217100000000001e-02
3.7346912912912913e+00	4.3218300000000001e-02
3.7346913913913915e+00	4.3219500000000001e-02
3.7346914914914917e+00	4.3220700000000001e-02
3.7346915915915919e+00	4.3221799999999998e-02
3.7346916916916917e+00	4.3222999999999998e-02
3.7346917917917919e+00	4.3224199999999997e-02
3.7346918918918921e+00	4.3225399999999997e-02
3.7346919919919923e+00	4.3226500000000001e-02
3.7346920920920921e+00	4.3227700000000001e-02
3.7346921921921923e+00	4.3228799999999998e-02
3.7346922922922925e+00	4.3229999999999998e-02
3.7346923923923927e+00	4.3231100000000001e-02
3.7346924924924925e+00	4.3232199999999998e-02
3.7346925925925927e+00	4.3233399999999998e-02
3.7346926926926929e+00	4.3234500000000002e-02
3.7346927927927931e+00	4.3235599999999999e-02
3.7346928928928929e+00	4.3236700000000003e-02
3.7346929929929931e+00	4.3237800000000000e-02
3.7346930930930933e+00	4.3238899999999997e-02
3.7346931931931935e+00	4.3240000000000001e-02
3.7346932932932932e+00	4.3241099999999998e-02
3.7346933933933935e+00	4.3242200000000001e-02
3.7346934934934937e+00	4.3243299999999998e-02
3.7346935935935939e+00	4.3244400000000002e-02
3.7346936936936936e+00	4.3245499999999999e-02
3.7346937937937938e+00	4.3246500000000000e-02
3.7346938938938941e+00	4.3247599999999997e-02
3.7346939939939943e+00	4.3248700000000001e-02
3.7346940940940940e+00	4.3249700000000002e-02
3.7346941941941942e+00	4.3250799999999999e-02
3.7346942942942944e+00	4.3251800000000000e-02
3.7346943943943947e+00	4.3252800000000001e-02
3.7346944944944944e+00	4.3253899999999998e-02
3.7346945945945946e+00	4.3254899999999999e-02
3.7346946946946948e+00	4.3255900000000000e-02
3.7346947947947950e+00	4.3256999999999997e-02
3.7346948948948948e+00	4.3257999999999998e-02
3.7346949949949950e+00	4.3258999999999999e-02
3.7346950950950952e+00	4.3260000000000000e-02
3.7346951951951954e+00	4.3261000000000001e-02
3.7346952952952952e+00	4.3262000000000002e-02
3.7346953953953954e+00	4.3263000000000003e-02
3.7346954954954956e+00	4.3263999999999997e-02
3.7346955955955958e+00	4.3264999999999998e-02
3.7346956956956960e+00	4.3265999999999999e-02
3.7346957957957958e+00	4.3266899999999997e-02
3.7346958958958960e+00	4.3267899999999998e-02
3.7346959959959962e+00	4.3268899999999999e-02
3.7346960960960964e+00	4.3269799999999997e-02
3.7346961961961962e+00	4.3270799999999998e-02
3.7346962962962964e+00	4.3271799999999999e-02
3.7346963963963966e+00	4.3272699999999997e-02
3.7346964964964968e+00	4.3273699999999998e-02
3.7346965965965966e+00	4.3274600000000003e-02
3.7346966966966968e+00	4.3275500000000001e-02
3.7346967967967970e+00	4.3276500000000002e-02
3.7346968968968972e+00	4.3277400000000001e-02
3.7346969969969970e+00	4.3278299999999999e-02
3.7346970970970972e+00	4.3279300000000000e-02
3.7346971971971974e+00	4.3280199999999998e-02
3.7346972972972976e+00	4.3281100000000003e-02
3.7346973973973974e+00	4.3282000000000001e-02
3.7346974974974976e+00	4.3282899999999999e-02
3.7346975975975978e+00	4.3283799999999997e-02
3.7346976976976980e+00	4.3284700000000002e-02
3.7346977977977978e+00	4.3285600000000000e-02
3.7346978978978980e+00	4.3286499999999999e-02
3.7346979979979982e+00	4.3287399999999997e-02
3.7346980980980984e+00	4.3288300000000002e-02
3.7346981981981981e+00	4.3289099999999997e-02
3.7346982982982984e+00	4.3290000000000002e-02
3.7346983983983986e+00	4.3290900000000000e-02
3.7346984984984988e+00	4.3291799999999998e-02
3.7346985985985985e+00	4.3292600000000001e-02
3.7346986986986987e+00	4.3293499999999999e-02
3.7346987987987990e+00	4.3294300000000001e-02
3.7346988988988992e+00	4.3295199999999999e-02
3.7346989989989989e+00	4.3296000000000001e-02
3.7346990990990991e+00	4.3296899999999999e-02
3.7346991991991993e+00	4.3297700000000001e-02
3.7346992992992996e+00	4.3298600000000000e-02
3.7346993993993993e+00	4.3299400000000002e-02
3.7346994994994995e+00	4.3300199999999997e-02
3.7346995995995997e+00	4.3301100000000002e-02
3.7346996996996999e+00	4.3301899999999997e-02
3.7346997997997997e+00	4.3302700000000000e-02
3.7346998998998999e+00	4.3303500000000002e-02
3.7347000000000001e+00	4.3304299999999997e-02
