3.0000000000000000e+00	6.4192199999999998e-03
3.0020020020020022e+00	7.2567100000000004e-03
3.0040040040040039e+00	8.1688600000000000e-03
3.0060060060060061e+00	9.1608200000000001e-03
3.0080080080080078e+00	1.0238400000000000e-02
3.0100100100100100e+00	1.1408099999999999e-02
3.0120120120120122e+00	1.2677799999999999e-02
3.0140140140140139e+00	1.4056200000000000e-02
3.0160160160160161e+00	1.5554200000000001e-02
3.0180180180180178e+00	1.7184399999999999e-02
3.0200200200200200e+00	1.8962099999999999e-02
3.0220220220220222e+00	2.0903900000000000e-02
3.0240240240240239e+00	2.3077100000000000e-02
3.0260260260260261e+00	2.5425600000000000e-02
3.0280280280280278e+00	2.8059400000000002e-02
3.0300300300300300e+00	3.1023700000000001e-02
3.0320320320320322e+00	3.4401599999999997e-02
3.0340340340340339e+00	3.8316500000000003e-02
3.0360360360360361e+00	4.2957200000000001e-02
3.0380380380380378e+00	4.8628299999999999e-02
3.0400400400400400e+00	5.5856099999999999e-02
3.0420420420420422e+00	6.5629099999999996e-02
3.0440440440440439e+00	8.0033199999999999e-02
3.0460460460460461e+00	1.0425800000000000e-01
3.0480480480480479e+00	1.5492300000000001e-01
3.0500500500500500e+00	3.1242199999999998e-01
3.0520520520520522e+00	9.4436500000000001e-01
3.0540540540540539e+00	2.4776400000000001e-03
3.0560560560560561e+00	1.3640700000000000e-03
3.0580580580580579e+00	8.5550899999999996e-03
3.0600600600600600e+00	1.6594200000000000e-02
3.0620620620620622e+00	2.3892500000000001e-02
3.0640640640640640e+00	3.0451599999999999e-02
3.0660660660660661e+00	3.6473800000000001e-02
3.0680680680680679e+00	4.2138000000000002e-02
3.0700700700700700e+00	4.7577700000000001e-02
3.0720720720720722e+00	5.2890399999999997e-02
3.0740740740740740e+00	5.8147400000000002e-02
3.0760760760760761e+00	6.3402700000000006e-02
3.0780780780780779e+00	6.8697800000000003e-02
3.0800800800800801e+00	7.4065800000000001e-02
3.0820820820820822e+00	7.9533699999999999e-02
3.0840840840840840e+00	8.5123900000000002e-02
3.0860860860860861e+00	9.0855699999999998e-02
3.0880880880880879e+00	9.6746100000000002e-02
3.0900900900900901e+00	1.0281000000000000e-01
3.0920920920920922e+00	1.0906100000000001e-01
3.0940940940940940e+00	1.1551200000000000e-01
3.0960960960960962e+00	1.2217500000000001e-01
3.0980980980980979e+00	1.2906100000000001e-01
3.1001001001001001e+00	1.3617899999999999e-01
3.1021021021021022e+00	1.4354100000000000e-01
3.1041041041041040e+00	1.5115500000000001e-01
3.1061061061061062e+00	1.5903000000000000e-01
3.1081081081081079e+00	1.6717599999999999e-01
3.1101101101101101e+00	1.7560000000000001e-01
3.1121121121121122e+00	1.8431000000000000e-01
3.1141141141141140e+00	1.9331400000000001e-01
3.1161161161161162e+00	2.0261899999999999e-01
3.1181181181181179e+00	2.1222900000000000e-01
3.1201201201201201e+00	2.2215299999999999e-01
3.1221221221221223e+00	2.3239299999999999e-01
3.1241241241241240e+00	2.4295500000000000e-01
3.1261261261261262e+00	2.5384299999999999e-01
3.1281281281281279e+00	2.6505800000000002e-01
3.1301301301301301e+00	2.7660299999999999e-01
3.1321321321321323e+00	2.8847800000000001e-01
3.1341341341341340e+00	3.0068200000000000e-01
3.1361361361361362e+00	3.1321399999999999e-01
3.1381381381381379e+00	3.2607100000000000e-01
3.1401401401401401e+00	3.3924700000000002e-01
3.1421421421421423e+00	3.5273500000000002e-01
3.1441441441441440e+00	3.6652299999999999e-01
3.1461461461461462e+00	3.8058700000000001e-01
3.1481481481481479e+00	3.9473700000000000e-01
3.1501501501501501e+00	4.1000999999999999e-01
3.1521521521521523e+00	4.2478300000000002e-01
3.1541541541541540e+00	4.3992700000000001e-01
3.1561561561561562e+00	4.5532200000000000e-01
3.1581581581581579e+00	4.7093299999999999e-01
3.1601601601601601e+00	4.8673499999999997e-01
3.1621621621621623e+00	5.0270599999999999e-01
3.1641641641641640e+00	5.1881800000000000e-01
3.1661661661661662e+00	5.3504600000000002e-01
3.1681681681681679e+00	5.5136200000000002e-01
3.1701701701701701e+00	5.6773600000000002e-01
3.1721721721721723e+00	5.8413800000000005e-01
3.1741741741741740e+00	6.0053699999999999e-01
3.1761761761761762e+00	6.1690100000000003e-01
3.1781781781781784e+00	6.3319700000000001e-01
3.1801801801801801e+00	6.4939199999999997e-01
3.1821821821821823e+00	6.6545299999999996e-01
3.1841841841841840e+00	6.8134700000000004e-01
3.1861861861861862e+00	6.9704100000000002e-01
3.1881881881881884e+00	7.1250300000000000e-01
3.1901901901901901e+00	7.2770199999999996e-01
3.1921921921921923e+00	7.4260800000000005e-01
3.1941941941941940e+00	7.5719300000000000e-01
3.1961961961961962e+00	7.7142800000000000e-01
3.1981981981981984e+00	7.8529099999999996e-01
3.2002002002002001e+00	7.9875600000000002e-01
3.2022022022022023e+00	8.1180300000000005e-01
3.2042042042042040e+00	8.2441299999999995e-01
3.2062062062062062e+00	8.3657099999999995e-01
3.2082082082082084e+00	8.4826100000000004e-01
3.2102102102102101e+00	8.5947300000000004e-01
3.2122122122122123e+00	8.7019899999999994e-01
3.2142142142142140e+00	8.8043099999999996e-01
3.2162162162162162e+00	8.9016600000000001e-01
3.2182182182182184e+00	8.9940299999999995e-01
3.2202202202202201e+00	9.0814200000000000e-01
3.2222222222222223e+00	9.1638900000000001e-01
3.2242242242242241e+00	9.2414900000000000e-01
3.2262262262262262e+00	9.3143500000000001e-01
3.2282282282282284e+00	9.3859199999999998e-01
3.2302302302302301e+00	9.4452000000000003e-01
3.2322322322322323e+00	9.5042499999999996e-01
3.2342342342342341e+00	9.5588499999999998e-01
3.2362362362362362e+00	9.6092000000000000e-01
3.2382382382382384e+00	9.6554899999999999e-01
3.2402402402402402e+00	9.6978900000000001e-01
3.2422422422422423e+00	9.7365599999999997e-01
3.2442442442442441e+00	9.7716999999999998e-01
3.2462462462462462e+00	9.8034699999999997e-01
3.2482482482482484e+00	9.8320700000000005e-01
3.2502502502502502e+00	9.8576699999999995e-01
3.2522522522522523e+00	9.8804700000000001e-01
3.2542542542542541e+00	9.9006300000000003e-01
3.2562562562562563e+00	9.9183500000000002e-01
3.2582582582582584e+00	9.9338000000000004e-01
3.2602602602602602e+00	9.9471600000000004e-01
3.2622622622622623e+00	9.9585900000000005e-01
3.2642642642642641e+00	9.9682499999999996e-01
3.2662662662662663e+00	9.9763100000000005e-01
3.2682682682682684e+00	9.9829199999999996e-01
3.2702702702702702e+00	9.9882199999999999e-01
3.2722722722722724e+00	9.9923600000000001e-01
3.2742742742742741e+00	9.9954699999999996e-01
3.2762762762762763e+00	9.9976699999999996e-01
3.2782782782782784e+00	9.9990800000000002e-01
3.2802802802802802e+00	9.9998200000000004e-01
3.2822822822822824e+00	9.9999899999999997e-01
3.2842842842842841e+00	9.9997000000000003e-01
3.2862862862862863e+00	9.9990299999999999e-01
3.2882882882882885e+00	9.9980599999999997e-01
3.2902902902902902e+00	9.9968800000000002e-01
3.2922922922922924e+00	9.9955600000000000e-01
3.2942942942942941e+00	9.9941599999999997e-01
3.2962962962962963e+00	9.9927400000000000e-01
3.2982982982982985e+00	9.9913600000000002e-01
3.3003003003003002e+00	9.9900500000000003e-01
3.3023023023023024e+00	9.9888600000000005e-01
3.3043043043043046e+00	9.9878100000000003e-01
3.3063063063063063e+00	9.9869500000000000e-01
3.3083083083083085e+00	9.9862899999999999e-01
3.3103103103103102e+00	9.9858400000000003e-01
3.3123123123123124e+00	9.9856199999999995e-01
3.3143143143143146e+00	9.9856199999999995e-01
3.3163163163163163e+00	9.9858599999999997e-01
3.3183183183183185e+00	9.9863199999999996e-01
3.3203203203203202e+00	9.9869799999999997e-01
3.3223223223223224e+00	9.9878400000000001e-01
3.3243243243243246e+00	9.9888699999999997e-01
3.3263263263263263e+00	9.9900500000000003e-01
3.3283283283283285e+00	9.9913300000000005e-01
3.3303303303303302e+00	9.9926800000000005e-01
3.3323323323323324e+00	9.9940700000000005e-01
3.3343343343343346e+00	9.9954299999999996e-01
3.3363363363363363e+00	9.9967300000000003e-01
3.3383383383383385e+00	9.9978900000000004e-01
3.3403403403403402e+00	9.9988600000000005e-01
3.3423423423423424e+00	9.9995699999999998e-01
3.3443443443443446e+00	9.9999600000000000e-01
3.3463463463463463e+00	9.9999300000000002e-01
3.3483483483483485e+00	9.9994200000000000e-01
3.3503503503503502e+00	9.9983299999999997e-01
3.3523523523523524e+00	9.9965800000000005e-01
3.3543543543543546e+00	9.9940799999999996e-01
3.3563563563563563e+00	9.9907299999999999e-01
3.3583583583583585e+00	9.9864299999999995e-01
3.3603603603603602e+00	9.9810699999999997e-01
3.3623623623623624e+00	9.9745600000000001e-01
3.3643643643643646e+00	9.9667700000000004e-01
3.3663663663663663e+00	9.9576100000000001e-01
3.3683683683683685e+00	9.9469600000000002e-01
3.3703703703703702e+00	9.9347099999999999e-01
3.3723723723723724e+00	9.9207400000000001e-01
3.3743743743743746e+00	9.9049399999999999e-01
3.3763763763763763e+00	9.8872000000000004e-01
3.3783783783783785e+00	9.8673999999999995e-01
3.3803803803803802e+00	9.8454399999999997e-01
3.3823823823823824e+00	9.8211899999999996e-01
3.3843843843843846e+00	9.7945700000000002e-01
3.3863863863863863e+00	9.7654600000000003e-01
3.3883883883883885e+00	9.7337700000000005e-01
3.3903903903903903e+00	9.6994100000000005e-01
3.3923923923923924e+00	9.6622799999999998e-01
3.3943943943943946e+00	9.6223199999999998e-01
3.3963963963963963e+00	9.5794400000000002e-01
3.3983983983983985e+00	9.5335899999999996e-01
3.4004004004004003e+00	9.4847099999999995e-01
3.4024024024024024e+00	9.4327499999999997e-01
3.4044044044044046e+00	9.3776800000000005e-01
3.4064064064064064e+00	9.3194699999999997e-01
3.4084084084084085e+00	9.2581100000000005e-01
3.4104104104104103e+00	9.1935900000000004e-01
3.4124124124124124e+00	9.1259199999999996e-01
3.4144144144144146e+00	9.0551300000000001e-01
3.4164164164164164e+00	8.9812499999999995e-01
3.4184184184184185e+00	8.9043300000000003e-01
3.4204204204204203e+00	8.8244100000000003e-01
3.4224224224224224e+00	8.7415799999999999e-01
3.4244244244244246e+00	8.6559100000000000e-01
3.4264264264264264e+00	8.5674899999999998e-01
3.4284284284284285e+00	8.4764399999999995e-01
3.4304304304304303e+00	8.3828499999999995e-01
3.4324324324324325e+00	8.2868699999999995e-01
3.4344344344344346e+00	8.1886099999999995e-01
3.4364364364364364e+00	8.0882200000000004e-01
3.4384384384384385e+00	7.9858499999999999e-01
3.4404404404404403e+00	7.8816500000000000e-01
3.4424424424424425e+00	7.7757799999999999e-01
3.4444444444444446e+00	7.6684099999999999e-01
3.4464464464464464e+00	7.5597000000000003e-01
3.4484484484484486e+00	7.4498299999999995e-01
3.4504504504504503e+00	7.3389599999999999e-01
3.4524524524524525e+00	7.2272700000000001e-01
3.4544544544544546e+00	7.1149399999999996e-01
3.4564564564564564e+00	7.0021299999999997e-01
3.4584584584584586e+00	6.8889999999999996e-01
3.4604604604604603e+00	6.7757400000000001e-01
3.4624624624624625e+00	6.6624899999999998e-01
3.4644644644644647e+00	6.5494300000000005e-01
3.4664664664664664e+00	6.4366900000000005e-01
3.4684684684684686e+00	6.3244299999999998e-01
3.4704704704704703e+00	6.2127900000000003e-01
3.4724724724724725e+00	6.1019100000000004e-01
3.4744744744744747e+00	5.9919199999999995e-01
3.4764764764764764e+00	5.8829299999999995e-01
3.4784784784784786e+00	5.7750599999999996e-01
3.4804804804804803e+00	5.6684199999999996e-01
3.4824824824824825e+00	5.5631100000000000e-01
3.4844844844844847e+00	5.4592300000000005e-01
3.4864864864864864e+00	5.3568499999999997e-01
3.4884884884884886e+00	5.2560700000000005e-01
3.4904904904904903e+00	5.1569500000000001e-01
3.4924924924924925e+00	5.0595599999999996e-01
3.4944944944944947e+00	4.9639499999999998e-01
3.4964964964964964e+00	4.8701899999999998e-01
3.4984984984984986e+00	4.7783100000000001e-01
3.5005005005005003e+00	4.6883599999999997e-01
3.5025025025025025e+00	4.6003699999999997e-01
3.5045045045045047e+00	4.5143800000000001e-01
3.5065065065065064e+00	4.4304100000000002e-01
3.5085085085085086e+00	4.3484899999999999e-01
3.5105105105105103e+00	4.2686200000000002e-01
3.5125125125125125e+00	4.1908299999999998e-01
3.5145145145145147e+00	4.1151199999999999e-01
3.5165165165165164e+00	4.0415099999999998e-01
3.5185185185185186e+00	3.9699899999999999e-01
3.5205205205205203e+00	3.9005699999999999e-01
3.5225225225225225e+00	3.8332500000000003e-01
3.5245245245245247e+00	3.7680399999999997e-01
3.5265265265265264e+00	3.7049100000000001e-01
3.5285285285285286e+00	3.6438799999999999e-01
3.5305305305305303e+00	3.5849399999999998e-01
3.5325325325325325e+00	3.5280800000000001e-01
3.5345345345345347e+00	3.4733000000000003e-01
3.5365365365365364e+00	3.4205900000000000e-01
3.5385385385385386e+00	3.3699499999999999e-01
3.5405405405405403e+00	3.3213700000000002e-01
3.5425425425425425e+00	3.2748600000000000e-01
3.5445445445445447e+00	3.2303999999999999e-01
3.5465465465465464e+00	3.1880100000000000e-01
3.5485485485485486e+00	3.1476799999999999e-01
3.5505505505505504e+00	3.1094200000000000e-01
3.5525525525525525e+00	3.0732399999999999e-01
3.5545545545545547e+00	3.0391400000000002e-01
3.5565565565565564e+00	3.0071399999999998e-01
3.5585585585585586e+00	2.9772599999999999e-01
3.5605605605605604e+00	2.9495199999999999e-01
3.5625625625625625e+00	2.9239500000000002e-01
3.5645645645645647e+00	2.9005799999999998e-01
3.5665665665665665e+00	2.8794500000000001e-01
3.5685685685685686e+00	2.8605999999999998e-01
3.5705705705705704e+00	2.8440900000000002e-01
3.5725725725725725e+00	2.8299800000000003e-01
3.5745745745745747e+00	2.8183300000000000e-01
3.5765765765765765e+00	2.8092400000000001e-01
3.5785785785785786e+00	2.8027800000000003e-01
3.5805805805805804e+00	2.7990700000000002e-01
3.5825825825825826e+00	2.7982299999999999e-01
3.5845845845845847e+00	2.8003800000000001e-01
3.5865865865865865e+00	2.8056900000000001e-01
3.5885885885885886e+00	2.8143200000000002e-01
3.5905905905905904e+00	2.8264800000000001e-01
3.5925925925925926e+00	2.8423900000000002e-01
3.5945945945945947e+00	2.8622999999999998e-01
3.5965965965965965e+00	2.8864899999999999e-01
3.5985985985985987e+00	2.9153000000000001e-01
3.6006006006006004e+00	2.9490899999999998e-01
3.6026026026026026e+00	2.9882799999999998e-01
3.6046046046046047e+00	3.0333500000000002e-01
3.6066066066066065e+00	3.0848500000000001e-01
3.6086086086086087e+00	3.1433899999999998e-01
3.6106106106106104e+00	3.2096799999999998e-01
3.6126126126126126e+00	3.2845400000000002e-01
3.6146146146146148e+00	3.3688899999999999e-01
3.6166166166166165e+00	3.4637800000000002e-01
3.6186186186186187e+00	3.5704200000000003e-01
3.6206206206206204e+00	3.6901899999999999e-01
3.6226226226226226e+00	3.8246599999999997e-01
3.6246246246246248e+00	3.9756000000000002e-01
3.6266266266266265e+00	4.1450100000000001e-01
3.6286286286286287e+00	4.3351400000000001e-01
3.6306306306306304e+00	4.5484300000000000e-01
3.6326326326326326e+00	4.7875299999999998e-01
3.6346346346346348e+00	5.0551900000000005e-01
3.6366366366366365e+00	5.3541300000000003e-01
3.6386386386386387e+00	5.6867699999999999e-01
3.6406406406406404e+00	6.0548100000000005e-01
3.6426426426426426e+00	6.4586500000000002e-01
3.6446446446446448e+00	6.8965200000000004e-01
3.6466466466466465e+00	7.3633300000000002e-01
3.6486486486486487e+00	7.8494500000000000e-01
3.6506506506506504e+00	8.3394599999999997e-01
3.6526526526526526e+00	8.8116600000000000e-01
3.6546546546546548e+00	9.2388800000000004e-01
3.6566566566566565e+00	9.5915600000000001e-01
3.6586586586586587e+00	9.8431599999999997e-01
3.6606606606606604e+00	9.9770800000000004e-01
3.6626626626626626e+00	9.9927900000000003e-01
3.6646646646646648e+00	9.9086900000000000e-01
3.6666666666666665e+00	9.7604199999999997e-01
3.6686686686686687e+00	9.5956799999999998e-01
3.6706706706706704e+00	9.4677999999999995e-01
3.6726726726726726e+00	9.4293300000000002e-01
3.6746746746746748e+00	9.5221999999999996e-01
3.6766766766766765e+00	9.7488799999999998e-01
3.6786786786786787e+00	9.9828600000000001e-01
3.6806806806806804e+00	9.7741500000000003e-01
3.6826826826826826e+00	8.3451699999999995e-01
3.6846846846846848e+00	5.6728999999999996e-01
3.6866866866866865e+00	3.1209500000000001e-01
3.6886886886886887e+00	1.5359600000000001e-01
3.6906906906906904e+00	7.3134299999999999e-02
3.6926926926926926e+00	3.4804300000000003e-02
3.6946946946946948e+00	1.6662000000000000e-02
3.6966966966966965e+00	7.9893599999999992e-03
3.6986986986986987e+00	3.8032299999999999e-03
3.7007007007007005e+00	1.7770500000000001e-03
3.7027027027027026e+00	8.0358199999999995e-04
3.7047047047047048e+00	3.4548800000000002e-04
3.7067067067067065e+00	1.3598199999999999e-04
3.7087087087087087e+00	4.8340100000000002e-05
3.7107107107107105e+00	1.4199800000000001e-05
3.7127127127127126e+00	3.0232000000000001e-06
3.7147147147147148e+00	3.3010000000000002e-07
3.7167167167167166e+00	3.9019700000000003e-09
3.7187187187187187e+00	2.0873600000000001e-09
3.7207207207207205e+00	1.6842700000000000e-07
3.7227227227227226e+00	1.1630900000000001e-06
3.7247247247247248e+00	4.0315500000000004e-06
3.7267267267267266e+00	1.0311399999999999e-05
3.7287287287287287e+00	2.3496700000000002e-05
3.7307307307307305e+00	6.2799100000000000e-05
3.7327327327327327e+00	4.8490499999999999e-04
3.7347347347347348e+00	4.1442600000000000e-06
3.7367367367367370e+00	2.6087900000000001e-05
3.7387387387387387e+00	4.7401000000000002e-05
3.7407407407407405e+00	6.9036799999999996e-05
3.7427427427427427e+00	9.1708199999999997e-05
3.7447447447447448e+00	1.1557900000000000e-04
3.7467467467467470e+00	1.4059599999999999e-04
3.7487487487487487e+00	1.6661900000000001e-04
3.7507507507507505e+00	1.9347000000000000e-04
3.7527527527527527e+00	2.2096400000000001e-04
3.7547547547547548e+00	2.4891500000000000e-04
3.7567567567567570e+00	2.7714900000000003e-04
3.7587587587587588e+00	3.0550199999999998e-04
3.7607607607607605e+00	3.3382399999999998e-04
3.7627627627627627e+00	3.6197500000000000e-04
3.7647647647647648e+00	3.8981200000000001e-04
3.7667667667667670e+00	4.1700299999999999e-04
3.7687687687687688e+00	4.4509100000000000e-04
3.7707707707707705e+00	4.7125100000000000e-04
3.7727727727727727e+00	4.9708399999999996e-04
3.7747747747747749e+00	5.2229299999999995e-04
3.7767767767767770e+00	5.4680600000000005e-04
3.7787787787787788e+00	5.7058100000000002e-04
3.7807807807807805e+00	5.9358700000000002e-04
3.7827827827827827e+00	6.1580200000000004e-04
3.7847847847847849e+00	6.3721299999999997e-04
3.7867867867867870e+00	6.5780999999999999e-04
3.7887887887887888e+00	6.7758800000000002e-04
3.7907907907907905e+00	6.9654999999999999e-04
3.7927927927927927e+00	7.1469800000000005e-04
3.7947947947947949e+00	7.3204200000000002e-04
3.7967967967967970e+00	7.4859000000000004e-04
3.7987987987987988e+00	7.6435700000000001e-04
3.8008008008008005e+00	7.7935600000000004e-04
3.8028028028028027e+00	7.9360599999999998e-04
3.8048048048048049e+00	8.0712299999999998e-04
3.8068068068068071e+00	8.1992800000000004e-04
3.8088088088088088e+00	8.3204000000000004e-04
3.8108108108108110e+00	8.4347999999999997e-04
3.8128128128128127e+00	8.5426899999999995e-04
3.8148148148148149e+00	8.6443100000000003e-04
3.8168168168168171e+00	8.7398599999999999e-04
3.8188188188188188e+00	8.8295699999999997e-04
3.8208208208208210e+00	8.9136599999999999e-04
3.8228228228228227e+00	8.9923599999999998e-04
3.8248248248248249e+00	9.0658799999999995e-04
3.8268268268268271e+00	9.1344500000000003e-04
3.8288288288288288e+00	9.1982800000000003e-04
3.8308308308308310e+00	9.2575899999999996e-04
3.8328328328328327e+00	9.3125800000000002e-04
3.8348348348348349e+00	9.3634700000000003e-04
3.8368368368368371e+00	9.4104400000000004e-04
3.8388388388388388e+00	9.4537099999999997e-04
3.8408408408408410e+00	9.4934600000000000e-04
3.8428428428428427e+00	9.5298799999999999e-04
3.8448448448448449e+00	9.5631600000000002e-04
3.8468468468468471e+00	9.5934700000000004e-04
3.8488488488488488e+00	9.6209900000000001e-04
3.8508508508508510e+00	9.6458799999999995e-04
3.8528528528528527e+00	9.6683000000000001e-04
3.8548548548548549e+00	9.6884000000000000e-04
3.8568568568568571e+00	9.7063399999999995e-04
3.8588588588588588e+00	9.7222499999999996e-04
3.8608608608608610e+00	9.7362399999999997e-04
3.8628628628628627e+00	9.7484299999999998e-04
3.8648648648648649e+00	9.7588899999999997e-04
3.8668668668668671e+00	9.7676600000000001e-04
3.8688688688688688e+00	9.7746599999999997e-04
3.8708708708708710e+00	9.7795499999999997e-04
3.8728728728728727e+00	9.7810900000000001e-04
3.8748748748748749e+00	9.7709100000000003e-04
3.8768768768768771e+00	9.8465800000000002e-04
3.8788788788788788e+00	9.8032700000000002e-04
3.8808808808808810e+00	9.7814499999999993e-04
3.8828828828828827e+00	9.6311800000000000e-04
3.8848848848848849e+00	9.9274799999999989e-04
3.8868868868868871e+00	9.8748900000000003e-04
3.8888888888888888e+00	9.8638500000000000e-04
3.8908908908908910e+00	9.8606800000000010e-04
3.8928928928928928e+00	9.8605400000000010e-04
3.8948948948948949e+00	9.8620499999999998e-04
3.8968968968968971e+00	9.8647199999999996e-04
3.8988988988988988e+00	9.8683600000000005e-04
3.9009009009009010e+00	9.8729200000000007e-04
3.9029029029029028e+00	9.8784099999999994e-04
3.9049049049049049e+00	9.8848600000000001e-04
3.9069069069069071e+00	9.8923400000000008e-04
3.9089089089089089e+00	9.9009300000000005e-04
3.9109109109109110e+00	9.9107100000000005e-04
3.9129129129129128e+00	9.9217699999999990e-04
3.9149149149149149e+00	9.9342099999999997e-04
3.9169169169169171e+00	9.9481099999999996e-04
3.9189189189189189e+00	9.9635900000000005e-04
3.9209209209209210e+00	9.9807400000000005e-04
3.9229229229229228e+00	9.9996799999999995e-04
3.9249249249249250e+00	1.0020500000000000e-03
3.9269269269269271e+00	1.0043400000000001e-03
3.9289289289289289e+00	1.0068300000000000e-03
3.9309309309309310e+00	1.0095600000000001e-03
3.9329329329329328e+00	1.0125100000000001e-03
3.9349349349349350e+00	1.0157199999999999e-03
3.9369369369369371e+00	1.0192000000000001e-03
3.9389389389389389e+00	1.0229499999999999e-03
3.9409409409409411e+00	1.0269999999999999e-03
3.9429429429429428e+00	1.0313500000000001e-03
3.9449449449449450e+00	1.0360300000000001e-03
3.9469469469469471e+00	1.0410500000000000e-03
3.9489489489489489e+00	1.0464199999999999e-03
3.9509509509509511e+00	1.0521800000000000e-03
3.9529529529529528e+00	1.0583299999999999e-03
3.9549549549549550e+00	1.0648999999999999e-03
3.9569569569569571e+00	1.0719200000000001e-03
3.9589589589589589e+00	1.0793900000000000e-03
3.9609609609609611e+00	1.0873600000000001e-03
3.9629629629629628e+00	1.0958299999999999e-03
3.9649649649649650e+00	1.1048500000000001e-03
3.9669669669669672e+00	1.1144499999999999e-03
3.9689689689689689e+00	1.1246500000000000e-03
3.9709709709709711e+00	1.1354799999999999e-03
3.9729729729729728e+00	1.1469900000000001e-03
3.9749749749749750e+00	1.1592200000000001e-03
3.9769769769769772e+00	1.1722000000000000e-03
3.9789789789789789e+00	1.1859800000000001e-03
3.9809809809809811e+00	1.2006100000000000e-03
3.9829829829829828e+00	1.2161500000000000e-03
3.9849849849849850e+00	1.2326500000000001e-03
3.9869869869869872e+00	1.2501599999999999e-03
3.9889889889889889e+00	1.2687700000000000e-03
3.9909909909909911e+00	1.2885300000000000e-03
3.9929929929929928e+00	1.3095400000000001e-03
3.9949949949949950e+00	1.3318700000000000e-03
3.9969969969969972e+00	1.3556099999999999e-03
3.9989989989989989e+00	1.3808799999999999e-03
4.0010010010010006e+00	1.4077800000000000e-03
4.0030030030030028e+00	1.4364400000000000e-03
4.0050050050050050e+00	1.4669900000000000e-03
4.0070070070070072e+00	1.4995700000000000e-03
4.0090090090090094e+00	1.5343600000000000e-03
4.0110110110110107e+00	1.5715300000000000e-03
4.0130130130130128e+00	1.6112900000000000e-03
4.0150150150150150e+00	1.6538499999999999e-03
4.0170170170170172e+00	1.6994600000000001e-03
4.0190190190190194e+00	1.7484099999999999e-03
4.0210210210210207e+00	1.8009899999999999e-03
4.0230230230230228e+00	1.8575600000000001e-03
4.0250250250250250e+00	1.9185000000000001e-03
4.0270270270270272e+00	1.9842599999999998e-03
4.0290290290290294e+00	2.0553300000000002e-03
4.0310310310310307e+00	2.1322699999999999e-03
4.0330330330330328e+00	2.2157300000000000e-03
4.0350350350350350e+00	2.3064299999999999e-03
4.0370370370370372e+00	2.4052200000000000e-03
4.0390390390390394e+00	2.5130600000000001e-03
4.0410410410410407e+00	2.6310600000000002e-03
4.0430430430430429e+00	2.7605400000000001e-03
4.0450450450450450e+00	2.9029899999999998e-03
4.0470470470470472e+00	3.0601999999999999e-03
4.0490490490490494e+00	3.2342400000000002e-03
4.0510510510510507e+00	3.4275899999999999e-03
4.0530530530530529e+00	3.6432000000000001e-03
4.0550550550550550e+00	3.8846200000000001e-03
4.0570570570570572e+00	4.1561000000000002e-03
4.0590590590590594e+00	4.4628599999999999e-03
4.0610610610610607e+00	4.8112700000000003e-03
4.0630630630630629e+00	5.2092400000000004e-03
4.0650650650650650e+00	5.6666399999999997e-03
4.0670670670670672e+00	6.1959299999999997e-03
4.0690690690690694e+00	6.8130400000000002e-03
4.0710710710710707e+00	7.5385599999999997e-03
4.0730730730730729e+00	8.3995100000000007e-03
4.0750750750750750e+00	9.4318500000000003e-03
4.0770770770770772e+00	1.0684400000000000e-02
4.0790790790790794e+00	1.2224400000000000e-02
4.0810810810810807e+00	1.4147399999999999e-02
4.0830830830830829e+00	1.6591100000000001e-02
4.0850850850850851e+00	1.9761899999999999e-02
4.0870870870870872e+00	2.3977800000000001e-02
4.0890890890890894e+00	2.9750400000000000e-02
4.0910910910910907e+00	3.7942900000000002e-02
4.0930930930930929e+00	5.0097900000000001e-02
4.0950950950950951e+00	6.9175100000000003e-02
4.0970970970970972e+00	1.0136800000000000e-01
4.0990990990990994e+00	1.6103500000000001e-01
4.1011011011011007e+00	2.8495700000000002e-01
4.1031031031031029e+00	5.6199399999999999e-01
4.1051051051051051e+00	9.6879300000000002e-01
4.1071071071071072e+00	7.8383999999999998e-01
4.1091091091091094e+00	3.9790300000000001e-01
4.1111111111111107e+00	2.1088499999999999e-01
4.1131131131131129e+00	1.2573899999999999e-01
4.1151151151151151e+00	8.2442799999999997e-02
4.1171171171171173e+00	5.7984399999999998e-02
4.1191191191191194e+00	4.2982100000000002e-02
4.1211211211211207e+00	3.3180200000000000e-02
4.1231231231231229e+00	2.6455599999999999e-02
4.1251251251251251e+00	2.1662399999999998e-02
4.1271271271271273e+00	1.8141999999999998e-02
4.1291291291291294e+00	1.5495900000000000e-02
4.1311311311311307e+00	1.3472700000000001e-02
4.1331331331331329e+00	1.1909200000000000e-02
4.1351351351351351e+00	1.0697500000000000e-02
4.1371371371371373e+00	9.7666699999999999e-03
4.1391391391391394e+00	9.0723399999999999e-03
4.1411411411411407e+00	8.5927299999999998e-03
4.1431431431431429e+00	8.3294700000000003e-03
4.1451451451451451e+00	8.3167699999999994e-03
4.1471471471471473e+00	8.6484900000000000e-03
4.1491491491491495e+00	9.5568600000000004e-03
4.1511511511511507e+00	1.1682800000000000e-02
4.1531531531531529e+00	1.7346899999999998e-02
4.1551551551551551e+00	4.1575399999999998e-02
4.1571571571571573e+00	6.7127400000000004e-01
4.1591591591591595e+00	9.4610300000000003e-01
4.1611611611611607e+00	3.5967600000000002e-06
4.1631631631631629e+00	1.0951300000000000e-05
4.1651651651651651e+00	8.3783999999999996e-05
4.1671671671671673e+00	1.7333499999999999e-04
4.1691691691691695e+00	2.4791100000000002e-04
4.1711711711711708e+00	3.0228999999999998e-04
4.1731731731731729e+00	3.3896799999999998e-04
4.1751751751751751e+00	3.6174400000000000e-04
4.1771771771771773e+00	3.7403099999999998e-04
4.1791791791791795e+00	3.7853700000000002e-04
4.1811811811811808e+00	3.7732100000000001e-04
4.1831831831831829e+00	3.7192699999999998e-04
4.1851851851851851e+00	3.6350599999999999e-04
4.1871871871871873e+00	3.5292000000000000e-04
4.1891891891891895e+00	3.4081299999999998e-04
4.1911911911911908e+00	3.2766700000000002e-04
4.1931931931931929e+00	3.1384799999999998e-04
4.1951951951951951e+00	2.9963000000000000e-04
4.1971971971971973e+00	2.8522100000000000e-04
4.1991991991991995e+00	2.7077900000000002e-04
4.2012012012012008e+00	2.5642299999999998e-04
4.2032032032032030e+00	2.4224199999999999e-04
4.2052052052052051e+00	2.2830600000000001e-04
4.2072072072072073e+00	2.1466500000000001e-04
4.2092092092092095e+00	2.0135899999999999e-04
4.2112112112112108e+00	1.8841600000000001e-04
4.2132132132132130e+00	1.7585699999999999e-04
4.2152152152152151e+00	1.6369999999999999e-04
4.2172172172172173e+00	1.5195700000000001e-04
4.2192192192192195e+00	1.4063500000000001e-04
4.2212212212212208e+00	1.2974300000000001e-04
4.2232232232232230e+00	1.1928600000000000e-04
4.2252252252252251e+00	1.0926800000000000e-04
4.2272272272272273e+00	9.9692700000000002e-05
4.2292292292292295e+00	9.0562900000000000e-05
4.2312312312312308e+00	8.1881300000000005e-05
4.2332332332332330e+00	7.3650200000000002e-05
4.2352352352352352e+00	6.5871500000000001e-05
4.2372372372372373e+00	5.8547000000000000e-05
4.2392392392392395e+00	5.1677800000000002e-05
4.2412412412412408e+00	4.5264400000000000e-05
4.2432432432432430e+00	3.9306400000000000e-05
4.2452452452452452e+00	3.3801999999999999e-05
4.2472472472472473e+00	2.8746600000000000e-05
4.2492492492492495e+00	2.4130699999999999e-05
4.2512512512512508e+00	1.9928400000000000e-05
4.2532532532532530e+00	1.6018000000000001e-05
4.2552552552552552e+00	1.6951000000000001e-05
4.2572572572572573e+00	1.0675000000000000e-05
4.2592592592592595e+00	8.0822399999999997e-06
4.2612612612612608e+00	5.9831399999999998e-06
4.2632632632632630e+00	4.2791100000000001e-06
4.2652652652652652e+00	2.9274400000000000e-06
4.2672672672672673e+00	1.8917300000000000e-06
4.2692692692692695e+00	1.1342500000000000e-06
4.2712712712712708e+00	6.1410600000000003e-07
4.2732732732732730e+00	2.8714900000000000e-07
4.2752752752752752e+00	1.0692400000000000e-07
4.2772772772772774e+00	2.6662300000000000e-08
4.2792792792792795e+00	2.7097600000000000e-09
4.2812812812812808e+00	3.5281800000000000e-12
4.2832832832832830e+00	5.2192500000000004e-10
4.2852852852852852e+00	1.6096000000000001e-08
4.2872872872872874e+00	1.0763199999999999e-07
4.2892892892892895e+00	4.1379299999999998e-07
4.2912912912912908e+00	1.1937200000000000e-06
4.2932932932932930e+00	2.8907199999999998e-06
4.2952952952952952e+00	6.2274699999999997e-06
4.2972972972972974e+00	1.2349100000000000e-05
4.2992992992992995e+00	2.3040100000000000e-05
4.3013013013013008e+00	4.1055099999999999e-05
4.3033033033033030e+00	7.0631700000000003e-05
4.3053053053053052e+00	1.1829400000000000e-04
4.3073073073073074e+00	1.9414399999999999e-04
4.3093093093093096e+00	3.1399599999999998e-04
4.3113113113113108e+00	5.0328000000000005e-04
4.3133133133133130e+00	8.0938699999999995e-04
4.3153153153153152e+00	1.2274499999999999e-03
4.3173173173173174e+00	1.9814199999999998e-03
4.3193193193193196e+00	3.1727399999999998e-03
4.3213213213213209e+00	5.1249299999999998e-03
4.3233233233233230e+00	8.4074300000000005e-03
4.3253253253253252e+00	1.4107400000000001e-02
4.3273273273273274e+00	2.4426000000000000e-02
4.3293293293293296e+00	4.4132999999999999e-02
4.3313313313313309e+00	8.4384500000000001e-02
4.3333333333333330e+00	1.7302100000000001e-01
4.3353353353353352e+00	3.7629800000000002e-01
4.3373373373373374e+00	7.5946300000000000e-01
4.3393393393393396e+00	9.9974399999999997e-01
4.3413413413413409e+00	8.1606800000000002e-01
4.3433433433433430e+00	5.9581600000000001e-01
4.3453453453453452e+00	4.5807399999999998e-01
4.3473473473473474e+00	3.8028899999999999e-01
4.3493493493493496e+00	3.3747800000000000e-01
4.3513513513513509e+00	3.1622200000000000e-01
4.3533533533533531e+00	3.0991099999999999e-01
4.3553553553553552e+00	3.1557499999999999e-01
4.3573573573573574e+00	3.3239000000000002e-01
4.3593593593593596e+00	3.6106300000000002e-01
4.3613613613613609e+00	4.0363599999999999e-01
4.3633633633633631e+00	4.6343600000000001e-01
4.3653653653653652e+00	5.4474999999999996e-01
4.3673673673673674e+00	6.5120400000000001e-01
4.3693693693693696e+00	7.8045799999999999e-01
4.3713713713713709e+00	9.1210899999999995e-01
4.3733733733733731e+00	9.9484499999999998e-01
4.3753753753753752e+00	9.6662000000000003e-01
4.3773773773773774e+00	8.2210300000000003e-01
4.3793793793793796e+00	6.2767099999999998e-01
4.3813813813813809e+00	4.4875900000000002e-01
4.3833833833833831e+00	3.0960700000000002e-01
4.3853853853853852e+00	2.0788100000000001e-01
4.3873873873873874e+00	1.3384399999999999e-01
4.3893893893893896e+00	7.8451599999999996e-02
4.3913913913913909e+00	3.5548000000000003e-02
4.3933933933933931e+00	4.9233400000000000e-03
4.3953953953953953e+00	1.9901800000000001e-02
4.3973973973973974e+00	4.7378100000000001e-01
4.3993993993993996e+00	8.0707200000000001e-01
4.4014014014014009e+00	3.6836099999999999e-01
4.4034034034034031e+00	2.2142400000000001e-01
4.4054054054054053e+00	1.5729599999999999e-01
4.4074074074074074e+00	1.2278000000000000e-01
4.4094094094094096e+00	1.0221200000000000e-01
4.4114114114114109e+00	8.9860899999999994e-02
4.4134134134134131e+00	8.3709400000000003e-02
4.4154154154154153e+00	8.4162699999999993e-02
4.4174174174174174e+00	9.5728900000000006e-02
4.4194194194194196e+00	1.3954100000000000e-01
4.4214214214214209e+00	3.9615400000000001e-01
4.4234234234234231e+00	3.7605300000000003e-01
4.4254254254254253e+00	2.2660000000000000e-02
4.4274274274274275e+00	2.8611600000000002e-03
4.4294294294294296e+00	3.6756899999999999e-04
4.4314314314314309e+00	2.7769800000000000e-05
4.4334334334334331e+00	1.9767900000000001e-07
4.4354354354354353e+00	2.2257900000000000e-07
4.4374374374374375e+00	1.1986800000000000e-05
4.4394394394394396e+00	7.1861399999999996e-05
4.4414414414414409e+00	2.2576700000000001e-04
4.4434434434434431e+00	5.2226200000000001e-04
4.4454454454454453e+00	1.0139999999999999e-03
4.4474474474474475e+00	1.7614099999999999e-03
4.4494494494494496e+00	2.8374500000000000e-03
4.4514514514514509e+00	4.3333599999999996e-03
4.4534534534534531e+00	6.3660000000000001e-03
4.4554554554554553e+00	9.0875599999999997e-03
4.4574574574574575e+00	1.2698700000000000e-02
4.4594594594594597e+00	1.7466400000000000e-02
4.4614614614614609e+00	2.3749099999999999e-02
4.4634634634634631e+00	3.2031499999999997e-02
4.4654654654654653e+00	4.2972900000000001e-02
4.4674674674674675e+00	5.7473299999999998e-02
4.4694694694694697e+00	7.6762499999999997e-02
4.4714714714714709e+00	1.0251200000000001e-01
4.4734734734734740e+00	1.3695700000000000e-01
4.4754754754754753e+00	1.8299199999999999e-01
4.4774774774774775e+00	2.4411700000000000e-01
4.4794794794794797e+00	3.2399200000000000e-01
4.4814814814814810e+00	4.2518299999999998e-01
4.4834834834834840e+00	5.4668899999999998e-01
4.4854854854854853e+00	6.8064899999999995e-01
4.4874874874874875e+00	8.1067800000000001e-01
4.4894894894894897e+00	9.1575200000000001e-01
4.4914914914914910e+00	9.7986099999999998e-01
4.4934934934934940e+00	9.9999600000000000e-01
4.4954954954954953e+00	9.8526899999999995e-01
4.4974974974974975e+00	9.4965200000000005e-01
4.4994994994994997e+00	9.0557900000000002e-01
4.5015015015015010e+00	8.6150599999999999e-01
4.5035035035035040e+00	8.2221699999999998e-01
4.5055055055055053e+00	7.9000999999999999e-01
4.5075075075075075e+00	7.6577300000000004e-01
4.5095095095095097e+00	7.4970700000000001e-01
4.5115115115115110e+00	7.4174399999999996e-01
4.5135135135135140e+00	7.4176200000000003e-01
4.5155155155155153e+00	7.4967499999999998e-01
4.5175175175175175e+00	7.6544400000000001e-01
4.5195195195195197e+00	7.8879500000000002e-01
4.5215215215215210e+00	8.1965299999999996e-01
4.5235235235235240e+00	8.5694300000000001e-01
4.5255255255255253e+00	9.0477200000000002e-01
4.5275275275275275e+00	9.4042800000000004e-01
4.5295295295295297e+00	9.7675699999999999e-01
4.5315315315315310e+00	9.9804599999999999e-01
4.5335335335335341e+00	9.9385100000000004e-01
4.5355355355355353e+00	9.5592100000000002e-01
4.5375375375375375e+00	8.8282899999999997e-01
4.5395395395395397e+00	7.8216500000000000e-01
4.5415415415415410e+00	6.6774400000000000e-01
4.5435435435435441e+00	5.5374100000000004e-01
4.5455455455455454e+00	4.5016200000000001e-01
4.5475475475475475e+00	3.6174800000000001e-01
4.5495495495495497e+00	2.8923599999999999e-01
4.5515515515515510e+00	2.3116200000000001e-01
4.5535535535535541e+00	1.8523000000000001e-01
4.5555555555555554e+00	1.4908600000000000e-01
4.5575575575575575e+00	1.2064900000000001e-01
4.5595595595595597e+00	9.8215200000000003e-02
4.5615615615615610e+00	8.0435099999999995e-02
4.5635635635635641e+00	6.6264400000000001e-02
4.5655655655655654e+00	5.4901300000000000e-02
4.5675675675675675e+00	4.5732200000000001e-02
4.5695695695695697e+00	3.8287399999999999e-02
4.5715715715715710e+00	3.2205699999999997e-02
4.5735735735735741e+00	2.7208500000000000e-02
4.5755755755755754e+00	2.3079700000000002e-02
4.5775775775775776e+00	1.9650299999999999e-02
4.5795795795795797e+00	1.6787900000000001e-02
4.5815815815815810e+00	1.4387499999999999e-02
4.5835835835835841e+00	1.2365800000000000e-02
4.5855855855855854e+00	1.0656100000000000e-02
4.5875875875875876e+00	9.2048200000000007e-03
4.5895895895895897e+00	7.9685099999999998e-03
4.5915915915915910e+00	6.9118299999999999e-03
4.5935935935935941e+00	6.0059299999999996e-03
4.5955955955955954e+00	5.2270700000000003e-03
4.5975975975975976e+00	4.5556599999999996e-03
4.5995995995995997e+00	3.9754600000000001e-03
4.6016016016016010e+00	3.4729399999999999e-03
4.6036036036036041e+00	3.0367800000000002e-03
4.6056056056056054e+00	2.6575000000000001e-03
4.6076076076076076e+00	2.3270999999999999e-03
4.6096096096096097e+00	2.0388099999999998e-03
4.6116116116116119e+00	1.7868999999999999e-03
4.6136136136136141e+00	1.5664800000000001e-03
4.6156156156156154e+00	1.3734100000000000e-03
4.6176176176176176e+00	1.2040900000000001e-03
4.6196196196196198e+00	1.0554900000000001e-03
4.6216216216216219e+00	9.2495900000000005e-04
4.6236236236236241e+00	8.1023100000000002e-04
4.6256256256256254e+00	7.0933900000000002e-04
4.6276276276276276e+00	6.2058199999999995e-04
4.6296296296296298e+00	5.4247900000000001e-04
4.6316316316316319e+00	4.7374400000000001e-04
4.6336336336336341e+00	4.1325299999999998e-04
4.6356356356356354e+00	3.6002499999999998e-04
4.6376376376376376e+00	3.1320300000000002e-04
4.6396396396396398e+00	2.7203100000000000e-04
4.6416416416416419e+00	2.3585100000000000e-04
4.6436436436436441e+00	2.0407900000000000e-04
4.6456456456456454e+00	1.7620400000000001e-04
4.6476476476476476e+00	1.5177300000000001e-04
4.6496496496496498e+00	1.3038800000000000e-04
4.6516516516516520e+00	1.1169700000000000e-04
4.6536536536536541e+00	9.5385999999999998e-05
4.6556556556556554e+00	8.1179299999999997e-05
4.6576576576576576e+00	6.8831400000000006e-05
4.6596596596596598e+00	5.8124300000000002e-05
4.6616616616616620e+00	4.8864600000000000e-05
4.6636636636636641e+00	4.0880300000000002e-05
4.6656656656656654e+00	3.4018399999999999e-05
4.6676676676676676e+00	2.8142900000000001e-05
4.6696696696696698e+00	2.3132499999999999e-05
4.6716716716716720e+00	1.8879400000000001e-05
4.6736736736736741e+00	1.5287499999999999e-05
4.6756756756756754e+00	1.2271499999999999e-05
4.6776776776776776e+00	9.7551700000000007e-06
4.6796796796796798e+00	7.6709400000000008e-06
4.6816816816816820e+00	5.9586699999999998e-06
4.6836836836836842e+00	4.5649899999999996e-06
4.6856856856856854e+00	3.4425999999999999e-06
4.6876876876876876e+00	2.5496499999999998e-06
4.6896896896896898e+00	1.8491900000000000e-06
4.6916916916916920e+00	1.3087300000000000e-06
4.6936936936936942e+00	8.9975600000000000e-07
4.6956956956956954e+00	5.9740800000000000e-07
4.6976976976976976e+00	3.8011999999999999e-07
4.6996996996996998e+00	2.2933100000000000e-07
4.7017017017017020e+00	1.2922499999999999e-07
4.7037037037037042e+00	6.6497799999999993e-08
4.7057057057057055e+00	3.0154300000000003e-08
4.7077077077077076e+00	1.1327300000000001e-08
4.7097097097097098e+00	3.1201700000000000e-09
4.7117117117117120e+00	4.6698800000000004e-10
4.7137137137137142e+00	1.1458600000000000e-11
4.7157157157157155e+00	8.2653600000000004e-13
4.7177177177177176e+00	1.9403700000000001e-10
4.7197197197197198e+00	1.7819599999999999e-09
4.7217217217217220e+00	7.3168000000000002e-09
4.7237237237237242e+00	2.0643100000000000e-08
4.7257257257257255e+00	4.6794600000000001e-08
4.7277277277277276e+00	9.1521500000000003e-08
4.7297297297297298e+00	1.9341200000000001e-07
4.7317317317317320e+00	2.7751800000000001e-07
4.7337337337337342e+00	4.3104700000000001e-07
4.7357357357357355e+00	6.4208600000000000e-07
4.7377377377377377e+00	9.2249500000000003e-07
4.7397397397397398e+00	1.2856900000000000e-06
4.7417417417417420e+00	1.7463400000000000e-06
4.7437437437437442e+00	2.3203900000000000e-06
4.7457457457457455e+00	3.0250400000000001e-06
4.7477477477477477e+00	3.8787800000000003e-06
4.7497497497497498e+00	4.9014500000000003e-06
4.7517517517517520e+00	6.1143000000000001e-06
4.7537537537537542e+00	7.5399999999999998e-06
4.7557557557557555e+00	9.2027400000000003e-06
4.7577577577577577e+00	1.1128300000000000e-05
4.7597597597597598e+00	1.3344100000000000e-05
4.7617617617617620e+00	1.5879299999999999e-05
4.7637637637637642e+00	1.8765000000000001e-05
4.7657657657657655e+00	2.2034100000000000e-05
4.7677677677677677e+00	2.5721500000000001e-05
4.7697697697697699e+00	2.9864599999999999e-05
4.7717717717717720e+00	3.4502699999999997e-05
4.7737737737737742e+00	3.9677900000000002e-05
4.7757757757757755e+00	4.5434800000000001e-05
4.7777777777777777e+00	5.1820600000000003e-05
4.7797797797797799e+00	5.8885799999999998e-05
4.7817817817817820e+00	6.6683800000000000e-05
4.7837837837837842e+00	7.5271800000000007e-05
4.7857857857857855e+00	8.4710100000000001e-05
4.7877877877877877e+00	9.5063599999999996e-05
4.7897897897897899e+00	1.0640100000000000e-04
4.7917917917917920e+00	1.1879500000000000e-04
4.7937937937937942e+00	1.3232500000000000e-04
4.7957957957957955e+00	1.4707500000000001e-04
4.7977977977977977e+00	1.6313300000000001e-04
4.7997997997997999e+00	1.8059599999999999e-04
4.8018018018018020e+00	1.9956600000000001e-04
4.8038038038038042e+00	2.2015399999999999e-04
4.8058058058058055e+00	2.4247799999999999e-04
4.8078078078078077e+00	2.6666599999999998e-04
4.8098098098098099e+00	2.9285599999999998e-04
4.8118118118118121e+00	3.2119599999999999e-04
4.8138138138138142e+00	3.5184900000000000e-04
4.8158158158158155e+00	3.8498900000000002e-04
4.8178178178178177e+00	4.2080800000000000e-04
4.8198198198198199e+00	4.5951500000000002e-04
4.8218218218218221e+00	5.0133899999999995e-04
4.8238238238238242e+00	5.4653299999999998e-04
4.8258258258258255e+00	5.9537499999999998e-04
4.8278278278278277e+00	6.4817700000000000e-04
4.8298298298298299e+00	7.0528599999999996e-04
4.8318318318318321e+00	7.6709200000000003e-04
4.8338338338338342e+00	8.3403899999999996e-04
4.8358358358358355e+00	9.0663199999999999e-04
4.8378378378378377e+00	9.8545500000000010e-04
4.8398398398398399e+00	1.0711900000000001e-03
4.8418418418418421e+00	1.1646300000000000e-03
4.8438438438438443e+00	1.2667300000000000e-03
4.8458458458458455e+00	1.3786499999999999e-03
4.8478478478478477e+00	1.5018000000000000e-03
4.8498498498498499e+00	1.6379700000000001e-03
4.8518518518518521e+00	1.7894100000000000e-03
4.8538538538538543e+00	1.9591100000000000e-03
4.8558558558558556e+00	2.1510300000000000e-03
4.8578578578578577e+00	2.3706999999999999e-03
4.8598598598598599e+00	2.6260200000000002e-03
4.8618618618618621e+00	2.9288199999999999e-03
4.8638638638638643e+00	3.2976500000000001e-03
4.8658658658658656e+00	3.7635799999999999e-03
4.8678678678678677e+00	4.3827500000000004e-03
4.8698698698698699e+00	5.2679199999999997e-03
4.8718718718718721e+00	6.6812099999999999e-03
4.8738738738738743e+00	9.3843399999999997e-03
4.8758758758758756e+00	1.6645600000000000e-02
4.8778778778778777e+00	6.3217300000000004e-02
4.8798798798798799e+00	9.5814699999999997e-01
4.8818818818818821e+00	9.0442999999999998e-08
4.8838838838838843e+00	2.6857200000000002e-04
4.8858858858858856e+00	8.3282600000000005e-04
4.8878878878878878e+00	1.3957399999999999e-03
4.8898898898898899e+00	1.9124400000000001e-03
4.8918918918918921e+00	2.3910500000000000e-03
4.8938938938938943e+00	2.8449899999999999e-03
4.8958958958958956e+00	3.2854799999999999e-03
4.8978978978978978e+00	3.7211000000000002e-03
4.8998998998998999e+00	4.1584400000000002e-03
4.9019019019019021e+00	4.6026399999999999e-03
4.9039039039039043e+00	5.0578999999999997e-03
4.9059059059059056e+00	5.5277499999999997e-03
4.9079079079079078e+00	6.0152699999999996e-03
4.9099099099099099e+00	6.5232700000000003e-03
4.9119119119119121e+00	7.0543400000000001e-03
4.9139139139139143e+00	7.6109699999999999e-03
4.9159159159159156e+00	8.1955799999999992e-03
4.9179179179179178e+00	8.8105900000000001e-03
4.9199199199199199e+00	9.4584100000000004e-03
4.9219219219219221e+00	1.0141499999999999e-02
4.9239239239239243e+00	1.0862399999999999e-02
4.9259259259259256e+00	1.1623600000000000e-02
4.9279279279279278e+00	1.2427799999999999e-02
4.9299299299299300e+00	1.3277900000000000e-02
4.9319319319319321e+00	1.4176599999999999e-02
4.9339339339339343e+00	1.5127000000000000e-02
4.9359359359359356e+00	1.6132199999999999e-02
4.9379379379379378e+00	1.7195300000000000e-02
4.9399399399399400e+00	1.8319599999999998e-02
4.9419419419419421e+00	1.9508399999999999e-02
4.9439439439439443e+00	2.0764800000000000e-02
4.9459459459459456e+00	2.2091599999999999e-02
4.9479479479479478e+00	2.3488599999999998e-02
4.9499499499499500e+00	2.4939099999999999e-02
4.9519519519519521e+00	2.7412099999999998e-02
4.9539539539539543e+00	2.8319700000000000e-02
4.9559559559559556e+00	3.0047399999999998e-02
4.9579579579579578e+00	3.1893199999999997e-02
4.9599599599599600e+00	3.3847099999999998e-02
4.9619619619619622e+00	3.5910400000000002e-02
4.9639639639639643e+00	3.8086399999999999e-02
4.9659659659659656e+00	4.0378900000000002e-02
4.9679679679679678e+00	4.2791799999999998e-02
4.9699699699699700e+00	4.5328800000000002e-02
4.9719719719719722e+00	4.7993200000000000e-02
4.9739739739739743e+00	5.0787800000000001e-02
4.9759759759759756e+00	5.3714699999999997e-02
4.9779779779779778e+00	5.6775300000000001e-02
4.9799799799799800e+00	5.9970000000000002e-02
4.9819819819819822e+00	6.3297900000000004e-02
4.9839839839839843e+00	6.6756800000000005e-02
4.9859859859859856e+00	7.0343199999999995e-02
4.9879879879879878e+00	7.4052000000000007e-02
4.9899899899899900e+00	7.7877000000000002e-02
4.9919919919919922e+00	8.1811800000000004e-02
4.9939939939939944e+00	8.5851700000000003e-02
4.9959959959959956e+00	8.9997499999999994e-02
4.9979979979979978e+00	9.4263700000000006e-02
5.0000000000000000e+00	9.8695599999999994e-02
