3.0000000000000000e+00	2.3500599999999999e-01
3.0020020020020022e+00	2.3141999999999999e-01
3.0040040040040039e+00	2.2842899999999999e-01
3.0060060060060061e+00	2.2593299999999999e-01
3.0080080080080078e+00	2.2383700000000001e-01
3.0100100100100100e+00	2.2195599999999999e-01
3.0120120120120122e+00	2.2186100000000000e-01
3.0140140140140139e+00	2.2006200000000001e-01
3.0160160160160161e+00	2.1911700000000001e-01
3.0180180180180178e+00	2.1842300000000001e-01
3.0200200200200200e+00	2.1791400000000000e-01
3.0220220220220222e+00	2.1755300000000000e-01
3.0240240240240239e+00	2.1731400000000001e-01
3.0260260260260261e+00	2.1717000000000000e-01
3.0280280280280278e+00	2.1710099999999999e-01
3.0300300300300300e+00	2.1708300000000000e-01
3.0320320320320322e+00	2.1709700000000001e-01
3.0340340340340339e+00	2.1711900000000001e-01
3.0360360360360361e+00	2.1712799999999999e-01
3.0380380380380378e+00	2.1710099999999999e-01
3.0400400400400400e+00	2.1701500000000001e-01
3.0420420420420422e+00	2.1684200000000001e-01
3.0440440440440439e+00	2.1655400000000000e-01
3.0460460460460461e+00	2.1612000000000001e-01
3.0480480480480479e+00	2.1550700000000000e-01
3.0500500500500500e+00	2.1467600000000001e-01
3.0520520520520522e+00	2.1358500000000000e-01
3.0540540540540539e+00	2.1219299999999999e-01
3.0560560560560561e+00	2.1046500000000001e-01
3.0580580580580579e+00	2.0854900000000001e-01
3.0600600600600600e+00	2.0481400000000000e-01
3.0620620620620622e+00	2.0182300000000000e-01
3.0640640640640640e+00	1.9785000000000000e-01
3.0660660660660661e+00	1.9302200000000000e-01
3.0680680680680679e+00	1.8723000000000001e-01
3.0700700700700700e+00	1.8032400000000001e-01
3.0720720720720722e+00	1.7212700000000000e-01
3.0740740740740740e+00	1.6243700000000000e-01
3.0760760760760761e+00	1.5102900000000000e-01
3.0780780780780779e+00	1.3766500000000001e-01
3.0800800800800801e+00	1.2211800000000000e-01
3.0820820820820822e+00	1.0421500000000000e-01
3.0840840840840840e+00	8.3948800000000004e-02
3.0860860860860861e+00	6.1666699999999998e-02
3.0880880880880879e+00	3.8462200000000002e-02
3.0900900900900901e+00	1.6878199999999999e-02
3.0920920920920922e+00	2.1011900000000002e-03
3.0940940940940940e+00	3.6228900000000001e-03
3.0960960960960962e+00	3.6425399999999997e-02
3.0980980980980979e+00	1.1842900000000001e-01
3.1001001001001001e+00	2.5931100000000001e-01
3.1021021021021022e+00	4.4404199999999999e-01
3.1041041041041040e+00	6.3257399999999997e-01
3.1061061061061062e+00	7.8620999999999996e-01
3.1081081081081079e+00	8.9038499999999998e-01
3.1101101101101101e+00	9.5146100000000000e-01
3.1121121121121122e+00	9.8280999999999996e-01
3.1141141141141140e+00	9.9626499999999996e-01
3.1161161161161162e+00	9.9995000000000001e-01
3.1181181181181179e+00	9.9883400000000000e-01
3.1201201201201201e+00	9.9568199999999996e-01
3.1221221221221223e+00	9.9244299999999996e-01
3.1241241241241240e+00	9.8949799999999999e-01
3.1261261261261262e+00	9.8743000000000003e-01
3.1281281281281279e+00	9.8638099999999995e-01
3.1301301301301301e+00	9.8635399999999995e-01
3.1321321321321323e+00	9.8726499999999995e-01
3.1341341341341340e+00	9.8896799999999996e-01
3.1361361361361362e+00	9.9126300000000001e-01
3.1381381381381379e+00	9.9389200000000000e-01
3.1401401401401401e+00	9.9652600000000002e-01
3.1421421421421423e+00	9.9873400000000001e-01
3.1441441441441440e+00	9.9994000000000005e-01
3.1461461461461462e+00	9.9935200000000002e-01
3.1481481481481479e+00	9.9590999999999996e-01
3.1501501501501501e+00	9.8808300000000004e-01
3.1521521521521523e+00	9.7375500000000004e-01
3.1541541541541540e+00	9.4998499999999997e-01
3.1561561561561562e+00	9.1278700000000002e-01
3.1581581581581579e+00	8.5707000000000000e-01
3.1601601601601601e+00	7.7707800000000005e-01
3.1621621621621623e+00	6.6801900000000003e-01
3.1641641641641640e+00	5.2965600000000002e-01
3.1661661661661662e+00	3.7143799999999999e-01
3.1681681681681679e+00	2.1535199999999999e-01
3.1701701701701701e+00	9.0204599999999996e-02
3.1721721721721723e+00	1.7477199999999998e-02
3.1741741741741740e+00	7.1092300000000002e-04
3.1761761761761762e+00	2.8004800000000000e-02
3.1781781781781784e+00	8.2179299999999997e-02
3.1801801801801801e+00	1.4859000000000000e-01
3.1821821821821823e+00	2.1760900000000000e-01
3.1841841841841840e+00	2.8395799999999999e-01
3.1861861861861862e+00	3.4523199999999998e-01
3.1881881881881884e+00	4.0066000000000002e-01
3.1901901901901901e+00	4.5030799999999999e-01
3.1921921921921923e+00	4.9461100000000002e-01
3.1941941941941940e+00	5.3413900000000003e-01
3.1961961961961962e+00	5.6947000000000003e-01
3.1981981981981984e+00	6.0114299999999998e-01
3.2002002002002001e+00	6.2963499999999994e-01
3.2022022022022023e+00	6.5535800000000000e-01
3.2042042042042040e+00	6.7866400000000004e-01
3.2062062062062062e+00	6.9985299999999995e-01
3.2082082082082084e+00	7.1917900000000001e-01
3.2102102102102101e+00	7.3685599999999996e-01
3.2122122122122123e+00	7.5306700000000004e-01
3.2142142142142140e+00	7.6796900000000001e-01
3.2162162162162162e+00	7.8169299999999997e-01
3.2182182182182184e+00	7.9435599999999995e-01
3.2202202202202201e+00	8.0605499999999997e-01
3.2222222222222223e+00	8.1687799999999999e-01
3.2242242242242241e+00	8.2689900000000005e-01
3.2262262262262262e+00	8.3618400000000004e-01
3.2282282282282284e+00	8.4479199999999999e-01
3.2302302302302301e+00	8.5277300000000000e-01
3.2322322322322323e+00	8.6017399999999999e-01
3.2342342342342341e+00	8.6703500000000000e-01
3.2362362362362362e+00	8.7339400000000000e-01
3.2382382382382384e+00	8.7928300000000004e-01
3.2402402402402402e+00	8.8473199999999996e-01
3.2422422422422423e+00	8.8976800000000000e-01
3.2442442442442441e+00	8.9441700000000002e-01
3.2462462462462462e+00	8.9870000000000005e-01
3.2482482482482484e+00	9.0263700000000002e-01
3.2502502502502502e+00	9.0624800000000005e-01
3.2522522522522523e+00	9.0954900000000005e-01
3.2542542542542541e+00	9.1255600000000003e-01
3.2562562562562563e+00	9.1528299999999996e-01
3.2582582582582584e+00	9.1774199999999995e-01
3.2602602602602602e+00	9.1994600000000004e-01
3.2622622622622623e+00	9.2190300000000003e-01
3.2642642642642641e+00	9.2362400000000000e-01
3.2662662662662663e+00	9.2511600000000005e-01
3.2682682682682684e+00	9.2638699999999996e-01
3.2702702702702702e+00	9.2744300000000002e-01
3.2722722722722724e+00	9.2828800000000000e-01
3.2742742742742741e+00	9.2892799999999998e-01
3.2762762762762763e+00	9.2936600000000003e-01
3.2782782782782784e+00	9.2960399999999999e-01
3.2802802802802802e+00	9.2964599999999997e-01
3.2822822822822824e+00	9.2948100000000000e-01
3.2842842842842841e+00	9.2913000000000001e-01
3.2862862862862863e+00	9.2857800000000001e-01
3.2882882882882885e+00	9.2782600000000004e-01
3.2902902902902902e+00	9.2687299999999995e-01
3.2922922922922924e+00	9.2571599999999998e-01
3.2942942942942941e+00	9.2435100000000003e-01
3.2962962962962963e+00	9.2277500000000001e-01
3.2982982982982985e+00	9.2098199999999997e-01
3.3003003003003002e+00	9.1896800000000001e-01
3.3023023023023024e+00	9.1672600000000004e-01
3.3043043043043046e+00	9.1425100000000004e-01
3.3063063063063063e+00	9.1153700000000004e-01
3.3083083083083085e+00	9.0857600000000005e-01
3.3103103103103102e+00	9.0536099999999997e-01
3.3123123123123124e+00	9.0188500000000005e-01
3.3143143143143146e+00	8.9814099999999997e-01
3.3163163163163163e+00	8.9412100000000005e-01
3.3183183183183185e+00	8.8981800000000000e-01
3.3203203203203202e+00	8.8522500000000004e-01
3.3223223223223224e+00	8.8033300000000003e-01
3.3243243243243246e+00	8.7513799999999997e-01
3.3263263263263263e+00	8.6963199999999996e-01
3.3283283283283285e+00	8.6380900000000005e-01
3.3303303303303302e+00	8.5766399999999998e-01
3.3323323323323324e+00	8.5119299999999998e-01
3.3343343343343346e+00	8.4439200000000003e-01
3.3363363363363363e+00	8.3725799999999995e-01
3.3383383383383385e+00	8.2978900000000000e-01
3.3403403403403402e+00	8.2198499999999997e-01
3.3423423423423424e+00	8.1384500000000004e-01
3.3443443443443446e+00	8.0537099999999995e-01
3.3463463463463463e+00	7.9656499999999997e-01
3.3483483483483485e+00	7.8743300000000005e-01
3.3503503503503502e+00	7.7798000000000000e-01
3.3523523523523524e+00	7.6821200000000001e-01
3.3543543543543546e+00	7.5813799999999998e-01
3.3563563563563563e+00	7.4776699999999996e-01
3.3583583583583585e+00	7.3711000000000004e-01
3.3603603603603602e+00	7.2618099999999997e-01
3.3623623623623624e+00	7.1499199999999996e-01
3.3643643643643646e+00	7.0355800000000002e-01
3.3663663663663663e+00	6.9189599999999996e-01
3.3683683683683685e+00	6.8002300000000004e-01
3.3703703703703702e+00	6.6795700000000002e-01
3.3723723723723724e+00	6.5571599999999997e-01
3.3743743743743746e+00	6.4332100000000003e-01
3.3763763763763763e+00	6.3079200000000002e-01
3.3783783783783785e+00	6.1814899999999995e-01
3.3803803803803802e+00	6.0541400000000001e-01
3.3823823823823824e+00	5.9260699999999999e-01
3.3843843843843846e+00	5.7974999999999999e-01
3.3863863863863863e+00	5.6686400000000003e-01
3.3883883883883885e+00	5.5396999999999996e-01
3.3903903903903903e+00	5.4108900000000004e-01
3.3923923923923924e+00	5.2824000000000004e-01
3.3943943943943946e+00	5.1544199999999996e-01
3.3963963963963963e+00	5.0271600000000005e-01
3.3983983983983985e+00	4.9007800000000001e-01
3.4004004004004003e+00	4.7754500000000000e-01
3.4024024024024024e+00	4.6513500000000002e-01
3.4044044044044046e+00	4.5286100000000001e-01
3.4064064064064064e+00	4.4073899999999999e-01
3.4084084084084085e+00	4.2877999999999999e-01
3.4104104104104103e+00	4.1699799999999998e-01
3.4124124124124124e+00	4.0540300000000001e-01
3.4144144144144146e+00	3.9400499999999999e-01
3.4164164164164164e+00	3.8281300000000001e-01
3.4184184184184185e+00	3.7183400000000000e-01
3.4204204204204203e+00	3.6107499999999998e-01
3.4224224224224224e+00	3.5054200000000002e-01
3.4244244244244246e+00	3.4023900000000001e-01
3.4264264264264264e+00	3.3017000000000002e-01
3.4284284284284285e+00	3.2033800000000001e-01
3.4304304304304303e+00	3.1074499999999999e-01
3.4324324324324325e+00	3.0139199999999999e-01
3.4344344344344346e+00	2.9227999999999998e-01
3.4364364364364364e+00	2.8340799999999999e-01
3.4384384384384385e+00	2.7477600000000002e-01
3.4404404404404403e+00	2.6638299999999998e-01
3.4424424424424425e+00	2.5822600000000001e-01
3.4444444444444446e+00	2.5030300000000000e-01
3.4464464464464464e+00	2.4261099999999999e-01
3.4484484484484486e+00	2.3514800000000000e-01
3.4504504504504503e+00	2.2790900000000000e-01
3.4524524524524525e+00	2.2089100000000000e-01
3.4544544544544546e+00	2.1409000000000000e-01
3.4564564564564564e+00	2.0750199999999999e-01
3.4584584584584586e+00	2.0112099999999999e-01
3.4604604604604603e+00	1.9494400000000001e-01
3.4624624624624625e+00	1.8896600000000000e-01
3.4644644644644647e+00	1.8318200000000001e-01
3.4664664664664664e+00	1.7758599999999999e-01
3.4684684684684686e+00	1.7217499999999999e-01
3.4704704704704703e+00	1.6694300000000001e-01
3.4724724724724725e+00	1.6188500000000000e-01
3.4744744744744747e+00	1.5699700000000000e-01
3.4764764764764764e+00	1.5227199999999999e-01
3.4784784784784786e+00	1.4770700000000000e-01
3.4804804804804803e+00	1.4329700000000001e-01
3.4824824824824825e+00	1.3903699999999999e-01
3.4844844844844847e+00	1.3492199999999999e-01
3.4864864864864864e+00	1.3094700000000001e-01
3.4884884884884886e+00	1.2710900000000000e-01
3.4904904904904903e+00	1.2340200000000000e-01
3.4924924924924925e+00	1.1982300000000000e-01
3.4944944944944947e+00	1.1636600000000000e-01
3.4964964964964964e+00	1.1302900000000000e-01
3.4984984984984986e+00	1.0980700000000000e-01
3.5005005005005003e+00	1.0669500000000000e-01
3.5025025025025025e+00	1.0369100000000001e-01
3.5045045045045047e+00	1.0079000000000000e-01
3.5065065065065064e+00	9.7989499999999993e-02
3.5085085085085086e+00	9.5285300000000003e-02
3.5105105105105103e+00	9.2674099999999995e-02
3.5125125125125125e+00	9.0152800000000005e-02
3.5145145145145147e+00	8.7718199999999996e-02
3.5165165165165164e+00	8.5367200000000004e-02
3.5185185185185186e+00	8.3096900000000001e-02
3.5205205205205203e+00	8.0904400000000001e-02
3.5225225225225225e+00	7.8786900000000007e-02
3.5245245245245247e+00	7.6741799999999999e-02
3.5265265265265264e+00	7.4766600000000003e-02
3.5285285285285286e+00	7.2858699999999998e-02
3.5305305305305303e+00	7.1015800000000004e-02
3.5325325325325325e+00	6.9235599999999994e-02
3.5345345345345347e+00	6.7515800000000001e-02
3.5365365365365364e+00	6.5854300000000005e-02
3.5385385385385386e+00	6.4249000000000001e-02
3.5405405405405403e+00	6.2698100000000007e-02
3.5425425425425425e+00	6.1199400000000001e-02
3.5445445445445447e+00	5.9751400000000003e-02
3.5465465465465464e+00	5.8352000000000001e-02
3.5485485485485486e+00	5.6999700000000000e-02
3.5505505505505504e+00	5.5692899999999997e-02
3.5525525525525525e+00	5.4429900000000003e-02
3.5545545545545547e+00	5.3209199999999998e-02
3.5565565565565564e+00	5.2029400000000003e-02
3.5585585585585586e+00	5.0889100000000000e-02
3.5605605605605604e+00	4.9786900000000002e-02
3.5625625625625625e+00	4.8721599999999997e-02
3.5645645645645647e+00	4.7691900000000002e-02
3.5665665665665665e+00	4.6696599999999998e-02
3.5685685685685686e+00	4.5734600000000000e-02
3.5705705705705704e+00	4.4804799999999999e-02
3.5725725725725725e+00	4.3906100000000003e-02
3.5745745745745747e+00	4.3037499999999999e-02
3.5765765765765765e+00	4.2197999999999999e-02
3.5785785785785786e+00	4.1386800000000001e-02
3.5805805805805804e+00	4.0602800000000001e-02
3.5825825825825826e+00	3.9845400000000003e-02
3.5845845845845847e+00	3.9113500000000002e-02
3.5865865865865865e+00	3.8406500000000003e-02
3.5885885885885886e+00	3.7723500000000000e-02
3.5905905905905904e+00	3.7064000000000000e-02
3.5925925925925926e+00	3.6427000000000001e-02
3.5945945945945947e+00	3.5812099999999999e-02
3.5965965965965965e+00	3.5218600000000003e-02
3.5985985985985987e+00	3.4645799999999997e-02
3.6006006006006004e+00	3.4093199999999997e-02
3.6026026026026026e+00	3.3560300000000001e-02
3.6046046046046047e+00	3.3046399999999997e-02
3.6066066066066065e+00	3.2551200000000002e-02
3.6086086086086087e+00	3.2074100000000001e-02
3.6106106106106104e+00	3.1614600000000000e-02
3.6126126126126126e+00	3.1172399999999999e-02
3.6146146146146148e+00	3.0747000000000000e-02
3.6166166166166165e+00	3.0338000000000000e-02
3.6186186186186187e+00	2.9945099999999999e-02
3.6206206206206204e+00	2.9568000000000001e-02
3.6226226226226226e+00	2.9206200000000002e-02
3.6246246246246248e+00	2.8859599999999999e-02
3.6266266266266265e+00	2.8527700000000000e-02
3.6286286286286287e+00	2.8210499999999999e-02
3.6306306306306304e+00	2.7907499999999998e-02
3.6326326326326326e+00	2.7618700000000000e-02
3.6346346346346348e+00	2.7343699999999999e-02
3.6366366366366365e+00	2.7082499999999999e-02
3.6386386386386387e+00	2.6834799999999999e-02
3.6406406406406404e+00	2.6600599999999999e-02
3.6426426426426426e+00	2.6379600000000000e-02
3.6446446446446448e+00	2.6171900000000001e-02
3.6466466466466465e+00	2.5977299999999998e-02
3.6486486486486487e+00	2.5795800000000001e-02
3.6506506506506504e+00	2.5627400000000002e-02
3.6526526526526526e+00	2.5472000000000002e-02
3.6546546546546548e+00	2.5329800000000000e-02
3.6566566566566565e+00	2.5200600000000000e-02
3.6586586586586587e+00	2.5084700000000001e-02
3.6606606606606604e+00	2.4982100000000000e-02
3.6626626626626626e+00	2.4892899999999999e-02
3.6646646646646648e+00	2.4817300000000000e-02
3.6666666666666665e+00	2.4755300000000001e-02
3.6686686686686687e+00	2.4707199999999999e-02
3.6706706706706704e+00	2.4672599999999999e-02
3.6726726726726726e+00	2.4650600000000002e-02
3.6746746746746748e+00	2.4635100000000000e-02
3.6766766766766765e+00	2.4395900000000002e-02
3.6786786786786787e+00	2.4745600000000000e-02
3.6806806806806804e+00	2.4774000000000001e-02
3.6826826826826826e+00	2.4833700000000000e-02
3.6846846846846848e+00	2.4915099999999999e-02
3.6866866866866865e+00	2.5017399999999999e-02
3.6886886886886887e+00	2.5141000000000000e-02
3.6906906906906904e+00	2.5287100000000000e-02
3.6926926926926926e+00	2.5456900000000001e-02
3.6946946946946948e+00	2.5652299999999999e-02
3.6966966966966965e+00	2.5876199999999999e-02
3.6986986986986987e+00	2.6138300000000000e-02
3.7007007007007005e+00	2.6357499999999999e-02
3.7027027027027026e+00	2.6702799999999999e-02
3.7047047047047048e+00	2.7059099999999999e-02
3.7067067067067065e+00	2.7453499999999999e-02
3.7087087087087087e+00	2.7892299999999998e-02
3.7107107107107105e+00	2.8380900000000001e-02
3.7127127127127126e+00	2.8925400000000000e-02
3.7147147147147148e+00	2.9533100000000000e-02
3.7167167167167166e+00	3.0212400000000000e-02
3.7187187187187187e+00	3.0973500000000001e-02
3.7207207207207205e+00	3.1828700000000001e-02
3.7227227227227226e+00	3.2793099999999999e-02
3.7247247247247248e+00	3.3885100000000001e-02
3.7267267267267266e+00	3.5127600000000002e-02
3.7287287287287287e+00	3.6549300000000000e-02
3.7307307307307305e+00	3.8186400000000002e-02
3.7327327327327327e+00	4.0085400000000000e-02
3.7347347347347348e+00	4.2306299999999998e-02
3.7367367367367370e+00	4.4928000000000003e-02
3.7387387387387387e+00	4.8055300000000002e-02
3.7407407407407405e+00	5.1829800000000002e-02
3.7427427427427427e+00	5.6445400000000000e-02
3.7447447447447448e+00	6.2172999999999999e-02
3.7467467467467470e+00	6.9397200000000006e-02
3.7487487487487487e+00	7.8674599999999997e-02
3.7507507507507505e+00	9.0825500000000003e-02
3.7527527527527527e+00	1.0707999999999999e-01
3.7547547547547548e+00	1.2930500000000000e-01
3.7567567567567570e+00	1.6034599999999999e-01
3.7587587587587588e+00	2.0446200000000000e-01
3.7607607607607605e+00	2.6765099999999997e-01
3.7627627627627627e+00	3.5703800000000002e-01
3.7647647647647648e+00	4.7731499999999999e-01
3.7667667667667670e+00	6.2230900000000000e-01
3.7687687687687688e+00	7.6731199999999999e-01
3.7707707707707705e+00	8.7950099999999998e-01
3.7727727727727727e+00	9.4440999999999997e-01
3.7747747747747749e+00	9.7232300000000005e-01
3.7767767767767770e+00	9.7954100000000000e-01
3.7787787787787788e+00	9.7429200000000005e-01
3.7807807807807805e+00	9.5674599999999999e-01
3.7827827827827827e+00	9.2509100000000000e-01
3.7847847847847849e+00	8.8055700000000003e-01
3.7867867867867870e+00	8.2833000000000001e-01
3.7887887887887888e+00	7.8574100000000002e-01
3.7907907907907905e+00	7.2484700000000002e-01
3.7927927927927927e+00	6.8362199999999995e-01
3.7947947947947949e+00	6.5147999999999995e-01
3.7967967967967970e+00	6.2873900000000005e-01
3.7987987987987988e+00	6.1505500000000002e-01
3.8008008008008005e+00	6.0989300000000002e-01
3.8028028028028027e+00	6.1274799999999996e-01
3.8048048048048049e+00	6.2322400000000000e-01
3.8068068068068071e+00	6.4103500000000002e-01
3.8088088088088088e+00	6.6621799999999998e-01
3.8108108108108110e+00	6.9791999999999998e-01
3.8128128128128127e+00	7.3622399999999999e-01
3.8148148148148149e+00	7.8015999999999996e-01
3.8168168168168171e+00	8.2820000000000005e-01
3.8188188188188188e+00	8.7781100000000001e-01
3.8208208208208210e+00	9.2518199999999995e-01
3.8228228228228227e+00	9.6520499999999998e-01
3.8248248248248249e+00	9.9195000000000000e-01
3.8268268268268271e+00	9.9978999999999996e-01
3.8288288288288288e+00	9.8499000000000003e-01
3.8308308308308310e+00	9.4708400000000004e-01
3.8328328328328327e+00	8.8924800000000004e-01
3.8348348348348349e+00	8.1734700000000005e-01
3.8368368368368371e+00	7.3820699999999995e-01
3.8388388388388388e+00	6.5797799999999995e-01
3.8408408408408410e+00	5.8120799999999995e-01
3.8428428428428427e+00	5.1066400000000001e-01
3.8448448448448449e+00	4.4762500000000000e-01
3.8468468468468471e+00	3.9233299999999999e-01
3.8488488488488488e+00	3.4440700000000002e-01
3.8508508508508510e+00	3.0315300000000001e-01
3.8528528528528527e+00	2.6776400000000000e-01
3.8548548548548549e+00	2.3743500000000001e-01
3.8568568568568571e+00	2.1142300000000000e-01
3.8588588588588588e+00	1.8907099999999999e-01
3.8608608608608610e+00	1.6981099999999999e-01
3.8628628628628627e+00	1.5316199999999999e-01
3.8648648648648649e+00	1.3872000000000001e-01
3.8668668668668671e+00	1.2614800000000001e-01
3.8688688688688688e+00	1.1516100000000000e-01
3.8708708708708710e+00	1.0552599999999999e-01
3.8728728728728727e+00	9.7044300000000000e-02
3.8748748748748749e+00	8.9552999999999994e-02
3.8768768768768771e+00	8.2913799999999996e-02
3.8788788788788788e+00	7.7010899999999993e-02
3.8808808808808810e+00	7.1746500000000005e-02
3.8828828828828827e+00	6.7038100000000003e-02
3.8848848848848849e+00	6.2815300000000004e-02
3.8868868868868871e+00	5.9018399999999999e-02
3.8888888888888888e+00	5.5596399999999997e-02
3.8908908908908910e+00	5.2505499999999997e-02
3.8928928928928928e+00	4.9708000000000002e-02
3.8948948948948949e+00	4.7171299999999999e-02
3.8968968968968971e+00	4.4867499999999998e-02
3.8988988988988988e+00	4.2771999999999998e-02
3.9009009009009010e+00	4.0863700000000003e-02
3.9029029029029028e+00	3.9124100000000002e-02
3.9049049049049049e+00	3.7537000000000001e-02
3.9069069069069071e+00	3.6088299999999997e-02
3.9089089089089089e+00	3.4765499999999998e-02
3.9109109109109110e+00	3.3557700000000003e-02
3.9129129129129128e+00	3.2455499999999998e-02
3.9149149149149149e+00	3.1450300000000000e-02
3.9169169169169171e+00	3.0534700000000001e-02
3.9189189189189189e+00	2.9702300000000001e-02
3.9209209209209210e+00	2.8947400000000002e-02
3.9229229229229228e+00	2.8264899999999999e-02
3.9249249249249250e+00	2.7650399999999999e-02
3.9269269269269271e+00	2.7100300000000001e-02
3.9289289289289289e+00	2.6611300000000001e-02
3.9309309309309310e+00	2.6180499999999999e-02
3.9329329329329328e+00	2.5805800000000000e-02
3.9349349349349350e+00	2.5485100000000000e-02
3.9369369369369371e+00	2.5217000000000000e-02
3.9389389389389389e+00	2.5000399999999999e-02
3.9409409409409411e+00	2.4834599999999998e-02
3.9429429429429428e+00	2.4719200000000000e-02
3.9449449449449450e+00	2.4654100000000002e-02
3.9469469469469471e+00	2.4639800000000000e-02
3.9489489489489489e+00	2.4677000000000001e-02
3.9509509509509511e+00	2.4766799999999999e-02
3.9529529529529528e+00	2.4910900000000000e-02
3.9549549549549550e+00	2.5111200000000000e-02
3.9569569569569571e+00	2.5370199999999999e-02
3.9589589589589589e+00	2.5690999999999999e-02
3.9609609609609611e+00	2.6077099999999999e-02
3.9629629629629628e+00	2.6532799999999999e-02
3.9649649649649650e+00	2.7063199999999999e-02
3.9669669669669672e+00	2.7673900000000001e-02
3.9689689689689689e+00	2.8371700000000000e-02
3.9709709709709711e+00	2.9164400000000000e-02
3.9729729729729728e+00	3.0060900000000002e-02
3.9749749749749750e+00	3.1071700000000001e-02
3.9769769769769772e+00	3.2208599999999997e-02
3.9789789789789789e+00	3.3485500000000001e-02
3.9809809809809811e+00	3.4918400000000002e-02
3.9829829829829828e+00	3.6525700000000001e-02
3.9849849849849850e+00	3.8329000000000002e-02
3.9869869869869872e+00	4.0353300000000002e-02
3.9889889889889889e+00	4.2627499999999999e-02
3.9909909909909911e+00	4.5185599999999999e-02
3.9929929929929928e+00	4.8067300000000000e-02
3.9949949949949950e+00	5.1319200000000002e-02
3.9969969969969972e+00	5.4996000000000003e-02
3.9989989989989989e+00	5.9162300000000001e-02
4.0010010010010006e+00	6.3894300000000001e-02
4.0030030030030028e+00	6.9282300000000005e-02
4.0050050050050050e+00	7.5433399999999998e-02
4.0070070070070072e+00	8.2475099999999996e-02
4.0090090090090094e+00	9.0558899999999998e-02
4.0110110110110107e+00	9.9865499999999996e-02
4.0130130130130128e+00	1.1061000000000000e-01
4.0150150150150150e+00	1.2304800000000000e-01
4.0170170170170172e+00	1.3748299999999999e-01
4.0190190190190194e+00	1.5427399999999999e-01
4.0210210210210207e+00	1.7383899999999999e-01
4.0230230230230228e+00	1.9666300000000000e-01
4.0250250250250250e+00	2.2329499999999999e-01
4.0270270270270272e+00	2.5434000000000001e-01
4.0290290290290294e+00	2.9043700000000000e-01
4.0310310310310307e+00	3.3220800000000000e-01
4.0330330330330328e+00	3.8018099999999999e-01
4.0350350350350350e+00	4.3466700000000003e-01
4.0370370370370372e+00	4.9558799999999997e-01
4.0390390390390394e+00	5.6227000000000005e-01
4.0410410410410407e+00	6.3324000000000003e-01
4.0430430430430429e+00	7.0610399999999995e-01
4.0450450450450450e+00	7.7759400000000001e-01
4.0470470470470472e+00	8.4388799999999997e-01
4.0490490490490494e+00	9.0118799999999999e-01
4.0510510510510507e+00	9.4616599999999995e-01
4.0530530530530529e+00	9.7787299999999999e-01
4.0550550550550550e+00	9.9529299999999998e-01
4.0570570570570572e+00	9.9994899999999998e-01
4.0590590590590594e+00	9.9404499999999996e-01
4.0610610610610607e+00	9.8022500000000001e-01
4.0630630630630629e+00	9.6110899999999999e-01
4.0650650650650650e+00	9.3900099999999997e-01
4.0670670670670672e+00	9.1574999999999995e-01
4.0690690690690694e+00	8.9276599999999995e-01
4.0710710710710707e+00	8.7063400000000002e-01
4.0730730730730729e+00	8.5082199999999997e-01
4.0750750750750750e+00	8.3307200000000003e-01
4.0770770770770772e+00	8.1772999999999996e-01
4.0790790790790794e+00	8.0488300000000002e-01
4.0810810810810807e+00	7.9452599999999995e-01
4.0830830830830829e+00	7.8660099999999999e-01
4.0850850850850851e+00	7.8101799999999999e-01
4.0870870870870872e+00	7.7766599999999997e-01
4.0890890890890894e+00	7.7642500000000003e-01
4.0910910910910907e+00	7.7717000000000003e-01
4.0930930930930929e+00	7.7977399999999997e-01
4.0950950950950951e+00	7.8410700000000000e-01
4.0970970970970972e+00	7.9003800000000002e-01
4.0990990990990994e+00	7.9743200000000003e-01
4.1011011011011007e+00	8.0615099999999995e-01
4.1031031031031029e+00	8.1605000000000005e-01
4.1051051051051051e+00	8.2697799999999999e-01
4.1071071071071072e+00	8.3877599999999997e-01
4.1091091091091094e+00	8.5127699999999995e-01
4.1111111111111107e+00	8.6430399999999996e-01
4.1131131131131129e+00	8.7767200000000001e-01
4.1151151151151151e+00	8.9119000000000004e-01
4.1171171171171173e+00	9.0466100000000005e-01
4.1191191191191194e+00	9.1788599999999998e-01
4.1211211211211207e+00	9.3066700000000002e-01
4.1231231231231229e+00	9.4281099999999995e-01
4.1251251251251251e+00	9.5413300000000001e-01
4.1271271271271273e+00	9.6446100000000001e-01
4.1291291291291294e+00	9.7359499999999999e-01
4.1311311311311307e+00	9.8154399999999997e-01
4.1331331331331329e+00	9.8730600000000002e-01
4.1351351351351351e+00	9.9364699999999995e-01
4.1371371371371373e+00	9.9718200000000001e-01
4.1391391391391394e+00	9.9931800000000004e-01
4.1411411411411407e+00	1.0000000000000000e+00
4.1431431431431429e+00	9.9926000000000004e-01
4.1451451451451451e+00	9.9716700000000003e-01
4.1471471471471473e+00	9.9380800000000002e-01
4.1491491491491495e+00	9.8929299999999998e-01
4.1511511511511507e+00	9.8374099999999998e-01
4.1531531531531529e+00	9.7728199999999998e-01
4.1551551551551551e+00	9.7005200000000003e-01
4.1571571571571573e+00	9.6218599999999999e-01
4.1591591591591595e+00	9.5381800000000005e-01
4.1611611611611607e+00	9.4507699999999994e-01
4.1631631631631629e+00	9.3608700000000000e-01
4.1651651651651651e+00	9.2696299999999998e-01
4.1671671671671673e+00	9.1780899999999999e-01
4.1691691691691695e+00	9.0872200000000003e-01
4.1711711711711708e+00	8.9978999999999998e-01
4.1731731731731729e+00	8.9108799999999999e-01
4.1751751751751751e+00	8.8268400000000002e-01
4.1771771771771773e+00	8.7463700000000000e-01
4.1791791791791795e+00	8.6699599999999999e-01
4.1811811811811808e+00	8.5980599999999996e-01
4.1831831831831829e+00	8.5310200000000003e-01
4.1851851851851851e+00	8.4691399999999994e-01
4.1871871871871873e+00	8.4126599999999996e-01
4.1891891891891895e+00	8.3617799999999998e-01
4.1911911911911908e+00	8.3166600000000002e-01
4.1931931931931929e+00	8.2774199999999998e-01
4.1951951951951951e+00	8.2441399999999998e-01
4.1971971971971973e+00	8.2168699999999995e-01
4.1991991991991995e+00	8.1956700000000005e-01
4.2012012012012008e+00	8.1805399999999995e-01
4.2032032032032030e+00	8.1714699999999996e-01
4.2052052052052051e+00	8.1684500000000004e-01
4.2072072072072073e+00	8.1714299999999995e-01
4.2092092092092095e+00	8.1803800000000004e-01
4.2112112112112108e+00	8.1952100000000005e-01
4.2132132132132130e+00	8.2158600000000004e-01
4.2152152152152151e+00	8.2422200000000001e-01
4.2172172172172173e+00	8.2741799999999999e-01
4.2192192192192195e+00	8.3116199999999996e-01
4.2212212212212208e+00	8.3543800000000001e-01
4.2232232232232230e+00	8.4022799999999997e-01
4.2252252252252251e+00	8.4551500000000002e-01
4.2272272272272273e+00	8.5127399999999998e-01
4.2292292292292295e+00	8.5748100000000005e-01
4.2312312312312308e+00	8.6410699999999996e-01
4.2332332332332330e+00	8.7112000000000001e-01
4.2352352352352352e+00	8.7848199999999999e-01
4.2372372372372373e+00	8.8615400000000000e-01
4.2392392392392395e+00	8.9408799999999999e-01
4.2412412412412408e+00	9.0223399999999998e-01
4.2432432432432430e+00	9.1053700000000004e-01
4.2452452452452452e+00	9.1893300000000000e-01
4.2472472472472473e+00	9.2735500000000004e-01
4.2492492492492495e+00	9.3573099999999998e-01
4.2512512512512508e+00	9.4398000000000004e-01
4.2532532532532530e+00	9.5201899999999995e-01
4.2552552552552552e+00	9.5975900000000003e-01
4.2572572572572573e+00	9.6710600000000002e-01
4.2592592592592595e+00	9.7396199999999999e-01
4.2612612612612608e+00	9.8023000000000005e-01
4.2632632632632630e+00	9.8580800000000002e-01
4.2652652652652652e+00	9.9059799999999998e-01
4.2672672672672673e+00	9.9450099999999997e-01
4.2692692692692695e+00	9.9742500000000001e-01
4.2712712712712708e+00	9.9928200000000000e-01
4.2732732732732730e+00	9.9999499999999997e-01
4.2752752752752752e+00	9.9949200000000005e-01
4.2772772772772774e+00	9.9771900000000002e-01
4.2792792792792795e+00	9.9463299999999999e-01
4.2812812812812808e+00	9.9020399999999997e-01
4.2832832832832830e+00	9.8442200000000002e-01
4.2852852852852852e+00	9.7729100000000002e-01
4.2872872872872874e+00	9.6883300000000006e-01
4.2892892892892895e+00	9.5908599999999999e-01
4.2912912912912908e+00	9.4810499999999998e-01
4.2932932932932930e+00	9.3595799999999996e-01
4.2952952952952952e+00	9.2272699999999996e-01
4.2972972972972974e+00	9.0850399999999998e-01
4.2992992992992995e+00	8.9338899999999999e-01
4.3013013013013008e+00	8.7749200000000005e-01
4.3033033033033030e+00	8.6092400000000002e-01
4.3053053053053052e+00	8.4379800000000005e-01
4.3073073073073074e+00	8.2623000000000002e-01
4.3093093093093096e+00	8.0832999999999999e-01
4.3113113113113108e+00	7.9020699999999999e-01
4.3133133133133130e+00	7.7196299999999995e-01
4.3153153153153152e+00	7.5369600000000003e-01
4.3173173173173174e+00	7.3549600000000004e-01
4.3193193193193196e+00	7.1744300000000005e-01
4.3213213213213209e+00	6.9961200000000001e-01
4.3233233233233230e+00	6.8206999999999995e-01
4.3253253253253252e+00	6.6487300000000005e-01
4.3273273273273274e+00	6.4807199999999998e-01
4.3293293293293296e+00	6.3171100000000002e-01
4.3313313313313309e+00	6.1582300000000001e-01
4.3333333333333330e+00	6.0043999999999997e-01
4.3353353353353352e+00	5.8558500000000002e-01
4.3373373373373374e+00	5.7127499999999998e-01
4.3393393393393396e+00	5.5752500000000005e-01
4.3413413413413409e+00	5.4434400000000005e-01
4.3433433433433430e+00	5.3173899999999996e-01
4.3453453453453452e+00	5.1971100000000003e-01
4.3473473473473474e+00	5.0826099999999996e-01
4.3493493493493496e+00	4.9738900000000003e-01
4.3513513513513509e+00	4.8709000000000002e-01
4.3533533533533531e+00	4.7735899999999998e-01
4.3553553553553552e+00	4.6819200000000000e-01
4.3573573573573574e+00	4.5958100000000002e-01
4.3593593593593596e+00	4.5152199999999998e-01
4.3613613613613609e+00	4.4400499999999998e-01
4.3633633633633631e+00	4.3702600000000003e-01
4.3653653653653652e+00	4.3057899999999999e-01
4.3673673673673674e+00	4.2465599999999998e-01
4.3693693693693696e+00	4.1925400000000002e-01
4.3713713713713709e+00	4.1436800000000001e-01
4.3733733733733731e+00	4.0999500000000000e-01
4.3753753753753752e+00	4.0613199999999999e-01
4.3773773773773774e+00	4.0278000000000003e-01
4.3793793793793796e+00	3.9993800000000002e-01
4.3813813813813809e+00	3.9760899999999999e-01
4.3833833833833831e+00	3.9579500000000001e-01
4.3853853853853852e+00	3.9450400000000002e-01
4.3873873873873874e+00	3.9374100000000001e-01
4.3893893893893896e+00	3.9351500000000000e-01
4.3913913913913909e+00	3.9384000000000002e-01
4.3933933933933931e+00	3.9472699999999999e-01
4.3953953953953953e+00	3.9619300000000002e-01
4.3973973973973974e+00	3.9825800000000000e-01
4.3993993993993996e+00	4.0094299999999999e-01
4.4014014014014009e+00	4.0427299999999999e-01
4.4034034034034031e+00	4.0827599999999997e-01
4.4054054054054053e+00	4.1298400000000002e-01
4.4074074074074074e+00	4.1843100000000000e-01
4.4094094094094096e+00	4.2465799999999998e-01
4.4114114114114109e+00	4.3170799999999998e-01
4.4134134134134131e+00	4.3962800000000002e-01
4.4154154154154153e+00	4.4847100000000001e-01
4.4174174174174174e+00	4.5829300000000001e-01
4.4194194194194196e+00	4.6865099999999998e-01
4.4214214214214209e+00	4.8111900000000002e-01
4.4234234234234231e+00	4.9425700000000000e-01
4.4254254254254253e+00	5.0863899999999995e-01
4.4274274274274275e+00	5.2433600000000002e-01
4.4294294294294296e+00	5.4142000000000001e-01
4.4314314314314309e+00	5.5996000000000001e-01
4.4334334334334331e+00	5.8001599999999998e-01
4.4354354354354353e+00	6.0163800000000001e-01
4.4374374374374375e+00	6.2485700000000000e-01
4.4394394394394396e+00	6.4967699999999995e-01
4.4414414414414409e+00	6.7606500000000003e-01
4.4434434434434431e+00	7.0393799999999995e-01
4.4454454454454453e+00	7.3314999999999997e-01
4.4474474474474475e+00	7.6347299999999996e-01
4.4494494494494496e+00	7.9458099999999998e-01
4.4514514514514509e+00	8.2603199999999999e-01
4.4534534534534531e+00	8.5726199999999997e-01
4.4554554554554553e+00	8.8756900000000005e-01
4.4574574574574575e+00	9.1613000000000000e-01
4.4594594594594597e+00	9.4201699999999999e-01
4.4614614614614609e+00	9.6424200000000004e-01
4.4634634634634631e+00	9.8181900000000000e-01
4.4654654654654653e+00	9.9384300000000003e-01
4.4674674674674675e+00	9.9957700000000005e-01
4.4694694694694697e+00	9.9853899999999995e-01
4.4714714714714709e+00	9.9055800000000005e-01
4.4734734734734740e+00	9.7581099999999998e-01
4.4754754754754753e+00	9.5480500000000001e-01
4.4774774774774775e+00	9.2833500000000002e-01
4.4794794794794797e+00	8.9739800000000003e-01
4.4814814814814810e+00	8.6310600000000004e-01
4.4834834834834840e+00	8.2659000000000005e-01
4.4854854854854853e+00	7.8892899999999999e-01
4.4874874874874875e+00	7.5108900000000001e-01
4.4894894894894897e+00	7.1389700000000000e-01
4.4914914914914910e+00	6.7802899999999999e-01
4.4934934934934940e+00	6.4401699999999995e-01
4.4954954954954953e+00	6.1226999999999998e-01
4.4974974974974975e+00	5.8309800000000001e-01
4.4994994994994997e+00	5.5674400000000002e-01
4.5015015015015010e+00	5.3341200000000000e-01
4.5035035035035040e+00	5.1331000000000004e-01
4.5055055055055053e+00	4.9668200000000001e-01
4.5075075075075075e+00	4.8385899999999998e-01
4.5095095095095097e+00	4.7532999999999997e-01
4.5115115115115110e+00	4.7183100000000000e-01
4.5135135135135140e+00	4.7449700000000000e-01
4.5155155155155153e+00	4.8510900000000001e-01
4.5175175175175175e+00	5.0618500000000000e-01
4.5195195195195197e+00	5.4246000000000005e-01
4.5215215215215210e+00	5.9974000000000005e-01
4.5235235235235240e+00	6.8506299999999998e-01
4.5255255255255253e+00	7.9855699999999996e-01
4.5275275275275275e+00	9.1376599999999997e-01
4.5295295295295297e+00	9.7914100000000004e-01
4.5315315315315310e+00	9.8674200000000001e-01
4.5335335335335341e+00	9.1172699999999995e-01
4.5355355355355353e+00	6.5783800000000003e-01
4.5375375375375375e+00	4.0228100000000000e-01
4.5395395395395397e+00	2.6273200000000002e-01
4.5415415415415410e+00	1.9402100000000000e-01
4.5435435435435441e+00	1.5793599999999999e-01
4.5455455455455454e+00	1.3711400000000001e-01
4.5475475475475475e+00	1.2402199999999999e-01
4.5495495495495497e+00	1.1517100000000000e-01
4.5515515515515510e+00	1.0881299999999999e-01
4.5535535535535541e+00	1.0401199999999999e-01
4.5555555555555554e+00	1.0023600000000001e-01
4.5575575575575575e+00	9.7167000000000003e-02
4.5595595595595597e+00	9.4608100000000001e-02
4.5615615615615610e+00	9.2431600000000003e-02
4.5635635635635641e+00	9.0552400000000005e-02
4.5655655655655654e+00	8.8912300000000000e-02
4.5675675675675675e+00	8.7470000000000006e-02
4.5695695695695697e+00	8.6195800000000003e-02
4.5715715715715710e+00	8.5067500000000004e-02
4.5735735735735741e+00	8.4068199999999996e-02
4.5755755755755754e+00	8.3183400000000005e-02
4.5775775775775776e+00	8.2421300000000003e-02
4.5795795795795797e+00	8.1737599999999994e-02
4.5815815815815810e+00	8.1151299999999996e-02
4.5835835835835841e+00	8.0652000000000001e-02
4.5855855855855854e+00	8.0234899999999998e-02
4.5875875875875876e+00	7.9896099999999998e-02
4.5895895895895897e+00	7.9632599999999998e-02
4.5915915915915910e+00	7.9441600000000001e-02
4.5935935935935941e+00	7.9321000000000003e-02
4.5955955955955954e+00	7.9269000000000006e-02
4.5975975975975976e+00	7.9283900000000004e-02
4.5995995995995997e+00	7.9364599999999993e-02
4.6016016016016010e+00	7.9509999999999997e-02
4.6036036036036041e+00	7.9719399999999996e-02
4.6056056056056054e+00	7.9992300000000002e-02
4.6076076076076076e+00	8.0328300000000005e-02
4.6096096096096097e+00	8.0727300000000002e-02
4.6116116116116119e+00	8.1189399999999995e-02
4.6136136136136141e+00	8.1714700000000001e-02
4.6156156156156154e+00	8.2303600000000005e-02
4.6176176176176176e+00	8.2956799999999997e-02
4.6196196196196198e+00	8.3674999999999999e-02
4.6216216216216219e+00	8.4459199999999998e-02
4.6236236236236241e+00	8.5310399999999995e-02
4.6256256256256254e+00	8.6229899999999998e-02
4.6276276276276276e+00	8.7219300000000000e-02
4.6296296296296298e+00	8.8280300000000006e-02
4.6316316316316319e+00	8.9414599999999997e-02
4.6336336336336341e+00	9.0624499999999997e-02
4.6356356356356354e+00	9.1912300000000002e-02
4.6376376376376376e+00	9.3280399999999999e-02
4.6396396396396398e+00	9.4731899999999994e-02
4.6416416416416419e+00	9.6269700000000000e-02
4.6436436436436441e+00	9.7897200000000004e-02
4.6456456456456454e+00	9.9618100000000001e-02
4.6476476476476476e+00	1.0143700000000000e-01
4.6496496496496498e+00	1.0335700000000000e-01
4.6516516516516520e+00	1.0538400000000001e-01
4.6536536536536541e+00	1.0752299999999999e-01
4.6556556556556554e+00	1.0977900000000000e-01
4.6576576576576576e+00	1.1216000000000000e-01
4.6596596596596598e+00	1.1467100000000000e-01
4.6616616616616620e+00	1.1731999999999999e-01
4.6636636636636641e+00	1.2011600000000000e-01
4.6656656656656654e+00	1.2306700000000000e-01
4.6676676676676676e+00	1.2618399999999999e-01
4.6696696696696698e+00	1.2947700000000001e-01
4.6716716716716720e+00	1.3295899999999999e-01
4.6736736736736741e+00	1.3664299999999999e-01
4.6756756756756754e+00	1.4054400000000000e-01
4.6776776776776776e+00	1.4467900000000000e-01
4.6796796796796798e+00	1.4906700000000001e-01
4.6816816816816820e+00	1.5372900000000000e-01
4.6836836836836842e+00	1.5868900000000000e-01
4.6856856856856854e+00	1.6397500000000001e-01
4.6876876876876876e+00	1.6961699999999999e-01
4.6896896896896898e+00	1.7565200000000000e-01
4.6916916916916920e+00	1.8212000000000000e-01
4.6936936936936942e+00	1.8907099999999999e-01
4.6956956956956954e+00	1.9655900000000001e-01
4.6976976976976976e+00	2.0465200000000000e-01
4.6996996996996998e+00	2.1342800000000001e-01
4.7017017017017020e+00	2.2298200000000001e-01
4.7037037037037042e+00	2.3342800000000000e-01
4.7057057057057055e+00	2.4490700000000001e-01
4.7077077077077076e+00	2.5758900000000001e-01
4.7097097097097098e+00	2.7169199999999999e-01
4.7117117117117120e+00	2.8748899999999999e-01
4.7137137137137142e+00	3.0533100000000002e-01
4.7157157157157155e+00	3.2567499999999999e-01
4.7177177177177176e+00	3.4913000000000000e-01
4.7197197197197198e+00	3.7652000000000002e-01
4.7217217217217220e+00	4.0900900000000001e-01
4.7237237237237242e+00	4.4868500000000000e-01
4.7257257257257255e+00	4.9361300000000002e-01
4.7277277277277276e+00	5.5358700000000005e-01
4.7297297297297298e+00	6.2829699999999999e-01
4.7317317317317320e+00	7.2250300000000001e-01
4.7337337337337342e+00	8.3679999999999999e-01
4.7357357357357355e+00	9.5298899999999998e-01
4.7377377377377377e+00	9.9639699999999998e-01
4.7397397397397398e+00	8.3532099999999998e-01
4.7417417417417420e+00	4.9559799999999998e-01
4.7437437437437442e+00	2.0902299999999999e-01
4.7457457457457455e+00	6.3012799999999994e-02
4.7477477477477477e+00	9.5591700000000005e-03
4.7497497497497498e+00	2.1843300000000000e-04
4.7517517517517520e+00	9.8971200000000006e-03
4.7537537537537542e+00	2.7360599999999999e-02
4.7557557557557555e+00	4.7724000000000003e-02
4.7577577577577577e+00	6.8880399999999994e-02
4.7597597597597598e+00	8.9946499999999999e-02
4.7617617617617620e+00	1.1058700000000000e-01
4.7637637637637642e+00	1.3071199999999999e-01
4.7657657657657655e+00	1.5034300000000000e-01
4.7677677677677677e+00	1.6954300000000000e-01
4.7697697697697699e+00	1.8839200000000000e-01
4.7717717717717720e+00	2.0696899999999999e-01
4.7737737737737742e+00	2.2534599999999999e-01
4.7757757757757755e+00	2.4358900000000000e-01
4.7777777777777777e+00	2.6175300000000001e-01
4.7797797797797799e+00	2.7988400000000002e-01
4.7817817817817820e+00	2.9801899999999998e-01
4.7837837837837842e+00	3.1618800000000002e-01
4.7857857857857855e+00	3.3441100000000001e-01
4.7877877877877877e+00	3.5270400000000002e-01
4.7897897897897899e+00	3.7107200000000001e-01
4.7917917917917920e+00	3.8951100000000000e-01
4.7937937937937942e+00	4.0798499999999999e-01
4.7957957957957955e+00	4.2840600000000001e-01
4.7977977977977977e+00	4.4548900000000002e-01
4.7997997997997999e+00	4.6414100000000003e-01
4.8018018018018020e+00	4.8284300000000002e-01
4.8038038038038042e+00	5.0154500000000002e-01
4.8058058058058055e+00	5.2021300000000004e-01
4.8078078078078077e+00	5.3881199999999996e-01
4.8098098098098099e+00	5.5730599999999997e-01
4.8118118118118121e+00	5.7565999999999995e-01
4.8138138138138142e+00	5.9383300000000006e-01
4.8158158158158155e+00	6.1178600000000005e-01
4.8178178178178177e+00	6.2947699999999995e-01
4.8198198198198199e+00	6.4686900000000003e-01
4.8218218218218221e+00	6.6231099999999998e-01
4.8238238238238242e+00	6.8720899999999996e-01
4.8258258258258255e+00	6.9705600000000001e-01
4.8278278278278277e+00	7.1281700000000003e-01
4.8298298298298299e+00	7.2814299999999998e-01
4.8318318318318321e+00	7.4297000000000002e-01
4.8338338338338342e+00	7.5726700000000002e-01
4.8358358358358355e+00	7.7100900000000006e-01
4.8378378378378377e+00	7.8417499999999996e-01
4.8398398398398399e+00	7.9674999999999996e-01
4.8418418418418421e+00	8.0872200000000005e-01
4.8438438438438443e+00	8.2008300000000001e-01
4.8458458458458455e+00	8.3082800000000001e-01
4.8478478478478477e+00	8.4095600000000004e-01
4.8498498498498499e+00	8.5047099999999998e-01
4.8518518518518521e+00	8.5937600000000003e-01
4.8538538538538543e+00	8.6768000000000001e-01
4.8558558558558556e+00	8.7539400000000001e-01
4.8578578578578577e+00	8.8252900000000001e-01
4.8598598598598599e+00	8.8910000000000000e-01
4.8618618618618621e+00	8.9512199999999997e-01
4.8638638638638643e+00	9.0060899999999999e-01
4.8658658658658656e+00	9.0558000000000005e-01
4.8678678678678677e+00	9.1004900000000000e-01
4.8698698698698699e+00	9.1403299999999998e-01
4.8718718718718721e+00	9.1754700000000000e-01
4.8738738738738743e+00	9.2060500000000001e-01
4.8758758758758756e+00	9.2321900000000001e-01
4.8778778778778777e+00	9.2540000000000000e-01
4.8798798798798799e+00	9.2715800000000004e-01
4.8818818818818821e+00	9.2849800000000005e-01
4.8838838838838843e+00	9.2942400000000003e-01
4.8858858858858856e+00	9.2993800000000004e-01
4.8878878878878878e+00	9.3003899999999995e-01
4.8898898898898899e+00	9.2975600000000003e-01
4.8918918918918921e+00	9.2894100000000002e-01
4.8938938938938943e+00	9.2775399999999997e-01
4.8958958958958956e+00	9.2610400000000004e-01
4.8978978978978978e+00	9.2397399999999996e-01
4.8998998998998999e+00	9.2134000000000005e-01
4.9019019019019021e+00	9.1817599999999999e-01
4.9039039039039043e+00	9.1444800000000004e-01
4.9059059059059056e+00	9.1011799999999998e-01
4.9079079079079078e+00	9.0513699999999997e-01
4.9099099099099099e+00	8.9957799999999999e-01
4.9119119119119121e+00	8.9316300000000004e-01
4.9139139139139143e+00	8.8600599999999996e-01
4.9159159159159156e+00	8.7802300000000000e-01
4.9179179179179178e+00	8.6915900000000001e-01
4.9199199199199199e+00	8.5935899999999998e-01
4.9219219219219221e+00	8.4856699999999996e-01
4.9239239239239243e+00	8.3673200000000003e-01
4.9259259259259256e+00	8.2380299999999995e-01
4.9279279279279278e+00	8.0973200000000001e-01
4.9299299299299300e+00	7.9447900000000005e-01
4.9319319319319321e+00	7.7800899999999995e-01
4.9339339339339343e+00	7.6029599999999997e-01
4.9359359359359356e+00	7.4132699999999996e-01
4.9379379379379378e+00	7.2109900000000005e-01
4.9399399399399400e+00	6.9962199999999997e-01
4.9419419419419421e+00	6.7692399999999997e-01
4.9439439439439443e+00	6.5304899999999999e-01
4.9459459459459456e+00	6.2805599999999995e-01
4.9479479479479478e+00	6.0202599999999995e-01
4.9499499499499500e+00	5.7505499999999998e-01
4.9519519519519521e+00	5.4725699999999999e-01
4.9539539539539543e+00	5.1876299999999997e-01
4.9559559559559556e+00	4.8971700000000001e-01
4.9579579579579578e+00	4.6027600000000002e-01
4.9599599599599600e+00	4.3060700000000002e-01
4.9619619619619622e+00	4.0088299999999999e-01
4.9639639639639643e+00	3.7128200000000000e-01
4.9659659659659656e+00	3.4197800000000000e-01
4.9679679679679678e+00	3.1314500000000001e-01
4.9699699699699700e+00	2.8495100000000001e-01
4.9719719719719722e+00	2.5755000000000000e-01
4.9739739739739743e+00	2.3108999999999999e-01
4.9759759759759756e+00	2.0569999999999999e-01
4.9779779779779778e+00	1.8149699999999999e-01
4.9799799799799800e+00	1.5858100000000000e-01
4.9819819819819822e+00	1.3703499999999999e-01
4.9839839839839843e+00	1.1692400000000000e-01
4.9859859859859856e+00	9.8301200000000005e-02
4.9879879879879878e+00	8.1201099999999998e-02
4.9899899899899900e+00	6.5646899999999994e-02
4.9919919919919922e+00	5.1649899999999999e-02
4.9939939939939944e+00	3.9213400000000002e-02
4.9959959959959956e+00	2.8336299999999998e-02
4.9979979979979978e+00	1.9021099999999999e-02
5.0000000000000000e+00	1.1291000000000001e-02
