3.7320000000000002e+00	8.0048599999999998e-02
3.7320010010010014e+00	8.0040299999999995e-02
3.7320020020020022e+00	8.0032000000000006e-02
3.7320030030030034e+00	8.0023700000000003e-02
3.7320040040040041e+00	8.0015400000000000e-02
3.7320050050050053e+00	8.0007099999999998e-02
3.7320060060060061e+00	7.9998799999999995e-02
3.7320070070070073e+00	7.9990400000000003e-02
3.7320080080080080e+00	7.9982100000000000e-02
3.7320090090090092e+00	7.9973799999999998e-02
3.7320100100100104e+00	7.9965499999999995e-02
3.7320110110110112e+00	7.9957200000000006e-02
3.7320120120120124e+00	7.9948900000000003e-02
3.7320130130130131e+00	7.9940499999999998e-02
3.7320140140140143e+00	7.9932199999999995e-02
3.7320150150150151e+00	7.9923900000000006e-02
3.7320160160160163e+00	7.9915600000000003e-02
3.7320170170170170e+00	7.9907300000000001e-02
3.7320180180180182e+00	7.9898899999999995e-02
3.7320190190190190e+00	7.9890600000000006e-02
3.7320200200200202e+00	7.9882300000000003e-02
3.7320210210210214e+00	7.9873899999999998e-02
3.7320220220220222e+00	7.9865599999999995e-02
3.7320230230230234e+00	7.9857300000000006e-02
3.7320240240240241e+00	7.9848900000000000e-02
3.7320250250250253e+00	7.9840599999999998e-02
3.7320260260260261e+00	7.9832299999999995e-02
3.7320270270270273e+00	7.9823900000000003e-02
3.7320280280280280e+00	7.9815600000000000e-02
3.7320290290290292e+00	7.9807199999999995e-02
3.7320300300300304e+00	7.9798900000000006e-02
3.7320310310310312e+00	7.9790600000000003e-02
3.7320320320320324e+00	7.9782199999999998e-02
3.7320330330330331e+00	7.9773899999999995e-02
3.7320340340340343e+00	7.9765500000000003e-02
3.7320350350350351e+00	7.9757200000000000e-02
3.7320360360360363e+00	7.9748799999999995e-02
3.7320370370370370e+00	7.9740500000000006e-02
3.7320380380380382e+00	7.9732100000000000e-02
3.7320390390390394e+00	7.9723699999999995e-02
3.7320400400400402e+00	7.9715400000000006e-02
3.7320410410410414e+00	7.9707000000000000e-02
3.7320420420420422e+00	7.9698699999999997e-02
3.7320430430430434e+00	7.9690300000000006e-02
3.7320440440440441e+00	7.9681900000000000e-02
3.7320450450450453e+00	7.9673599999999997e-02
3.7320460460460461e+00	7.9665200000000005e-02
3.7320470470470473e+00	7.9656800000000000e-02
3.7320480480480485e+00	7.9648399999999994e-02
3.7320490490490492e+00	7.9640100000000005e-02
3.7320500500500504e+00	7.9631700000000000e-02
3.7320510510510512e+00	7.9623299999999994e-02
3.7320520520520524e+00	7.9614900000000002e-02
3.7320530530530531e+00	7.9606499999999997e-02
3.7320540540540543e+00	7.9598199999999994e-02
3.7320550550550551e+00	7.9589800000000002e-02
3.7320560560560563e+00	7.9581399999999997e-02
3.7320570570570570e+00	7.9573000000000005e-02
3.7320580580580582e+00	7.9564599999999999e-02
3.7320590590590594e+00	7.9556199999999994e-02
3.7320600600600602e+00	7.9547800000000002e-02
3.7320610610610614e+00	7.9539399999999996e-02
3.7320620620620621e+00	7.9531000000000004e-02
3.7320630630630633e+00	7.9522599999999999e-02
3.7320640640640641e+00	7.9514199999999993e-02
3.7320650650650653e+00	7.9505800000000001e-02
3.7320660660660661e+00	7.9497399999999996e-02
3.7320670670670673e+00	7.9489000000000004e-02
3.7320680680680685e+00	7.9480499999999996e-02
3.7320690690690692e+00	7.9472100000000004e-02
3.7320700700700704e+00	7.9463699999999998e-02
3.7320710710710712e+00	7.9455300000000006e-02
3.7320720720720724e+00	7.9446900000000001e-02
3.7320730730730731e+00	7.9438400000000006e-02
3.7320740740740743e+00	7.9430000000000001e-02
3.7320750750750751e+00	7.9421599999999995e-02
3.7320760760760763e+00	7.9413100000000000e-02
3.7320770770770775e+00	7.9404699999999995e-02
3.7320780780780782e+00	7.9396300000000003e-02
3.7320790790790794e+00	7.9387799999999994e-02
3.7320800800800802e+00	7.9379400000000003e-02
3.7320810810810814e+00	7.9370899999999994e-02
3.7320820820820821e+00	7.9362500000000002e-02
3.7320830830830833e+00	7.9353999999999994e-02
3.7320840840840841e+00	7.9345600000000002e-02
3.7320850850850853e+00	7.9337099999999994e-02
3.7320860860860865e+00	7.9328700000000002e-02
3.7320870870870873e+00	7.9320199999999993e-02
3.7320880880880885e+00	7.9311699999999999e-02
3.7320890890890892e+00	7.9303299999999993e-02
3.7320900900900904e+00	7.9294799999999999e-02
3.7320910910910912e+00	7.9286300000000004e-02
3.7320920920920924e+00	7.9277899999999998e-02
3.7320930930930931e+00	7.9269400000000004e-02
3.7320940940940943e+00	7.9260899999999995e-02
3.7320950950950951e+00	7.9252400000000001e-02
3.7320960960960963e+00	7.9243900000000006e-02
3.7320970970970975e+00	7.9235399999999998e-02
3.7320980980980982e+00	7.9226900000000003e-02
3.7320990990990994e+00	7.9218499999999997e-02
3.7321001001001002e+00	7.9210000000000003e-02
3.7321011011011014e+00	7.9201499999999994e-02
3.7321021021021021e+00	7.9192899999999997e-02
3.7321031031031033e+00	7.9184400000000002e-02
3.7321041041041041e+00	7.9175899999999994e-02
3.7321051051051053e+00	7.9167399999999999e-02
3.7321061061061065e+00	7.9158900000000004e-02
3.7321071071071072e+00	7.9150399999999996e-02
3.7321081081081084e+00	7.9141900000000001e-02
3.7321091091091092e+00	7.9133300000000004e-02
3.7321101101101104e+00	7.9124799999999995e-02
3.7321111111111112e+00	7.9116300000000001e-02
3.7321121121121124e+00	7.9107700000000003e-02
3.7321131131131131e+00	7.9099199999999995e-02
3.7321141141141143e+00	7.9090599999999997e-02
3.7321151151151155e+00	7.9082100000000002e-02
3.7321161161161163e+00	7.9073500000000005e-02
3.7321171171171175e+00	7.9064999999999996e-02
3.7321181181181182e+00	7.9056399999999999e-02
3.7321191191191194e+00	7.9047900000000004e-02
3.7321201201201202e+00	7.9039300000000007e-02
3.7321211211211214e+00	7.9030699999999995e-02
3.7321221221221221e+00	7.9022200000000001e-02
3.7321231231231233e+00	7.9013600000000003e-02
3.7321241241241245e+00	7.9005000000000006e-02
3.7321251251251253e+00	7.8996399999999994e-02
3.7321261261261265e+00	7.8987799999999997e-02
3.7321271271271272e+00	7.8979199999999999e-02
3.7321281281281284e+00	7.8970600000000002e-02
3.7321291291291292e+00	7.8962000000000004e-02
3.7321301301301304e+00	7.8953400000000007e-02
3.7321311311311312e+00	7.8944799999999996e-02
3.7321321321321324e+00	7.8936199999999998e-02
3.7321331331331331e+00	7.8927600000000001e-02
3.7321341341341343e+00	7.8919000000000003e-02
3.7321351351351355e+00	7.8910400000000006e-02
3.7321361361361363e+00	7.8901700000000005e-02
3.7321371371371375e+00	7.8893099999999994e-02
3.7321381381381382e+00	7.8884499999999996e-02
3.7321391391391394e+00	7.8875799999999996e-02
3.7321401401401402e+00	7.8867199999999998e-02
3.7321411411411414e+00	7.8858499999999998e-02
3.7321421421421421e+00	7.8849900000000001e-02
3.7321431431431433e+00	7.8841200000000000e-02
3.7321441441441445e+00	7.8832600000000003e-02
3.7321451451451453e+00	7.8823900000000002e-02
3.7321461461461465e+00	7.8815200000000002e-02
3.7321471471471472e+00	7.8806500000000002e-02
3.7321481481481484e+00	7.8797900000000004e-02
3.7321491491491492e+00	7.8789200000000004e-02
3.7321501501501504e+00	7.8780500000000003e-02
3.7321511511511511e+00	7.8771800000000003e-02
3.7321521521521523e+00	7.8763100000000003e-02
3.7321531531531535e+00	7.8754400000000002e-02
3.7321541541541543e+00	7.8745700000000002e-02
3.7321551551551555e+00	7.8736899999999999e-02
3.7321561561561563e+00	7.8728199999999998e-02
3.7321571571571575e+00	7.8719499999999998e-02
3.7321581581581582e+00	7.8710799999999997e-02
3.7321591591591594e+00	7.8701999999999994e-02
3.7321601601601602e+00	7.8693299999999994e-02
3.7321611611611614e+00	7.8684500000000004e-02
3.7321621621621626e+00	7.8675800000000004e-02
3.7321631631631633e+00	7.8667000000000001e-02
3.7321641641641645e+00	7.8658300000000000e-02
3.7321651651651653e+00	7.8649499999999997e-02
3.7321661661661665e+00	7.8640699999999994e-02
3.7321671671671672e+00	7.8631900000000005e-02
3.7321681681681684e+00	7.8623100000000001e-02
3.7321691691691692e+00	7.8614400000000001e-02
3.7321701701701704e+00	7.8605599999999998e-02
3.7321711711711711e+00	7.8596799999999994e-02
3.7321721721721723e+00	7.8587900000000002e-02
3.7321731731731735e+00	7.8579099999999999e-02
3.7321741741741743e+00	7.8570299999999996e-02
3.7321751751751755e+00	7.8561500000000006e-02
3.7321761761761763e+00	7.8552600000000000e-02
3.7321771771771775e+00	7.8543799999999997e-02
3.7321781781781782e+00	7.8534999999999994e-02
3.7321791791791794e+00	7.8526100000000001e-02
3.7321801801801802e+00	7.8517199999999995e-02
3.7321811811811814e+00	7.8508400000000006e-02
3.7321821821821826e+00	7.8499500000000000e-02
3.7321831831831833e+00	7.8490599999999994e-02
3.7321841841841845e+00	7.8481700000000001e-02
3.7321851851851853e+00	7.8472799999999995e-02
3.7321861861861865e+00	7.8463900000000003e-02
3.7321871871871872e+00	7.8454999999999997e-02
3.7321881881881884e+00	7.8446100000000005e-02
3.7321891891891892e+00	7.8437199999999999e-02
3.7321901901901904e+00	7.8428300000000006e-02
3.7321911911911916e+00	7.8419299999999997e-02
3.7321921921921923e+00	7.8410400000000005e-02
3.7321931931931935e+00	7.8401399999999996e-02
3.7321941941941943e+00	7.8392500000000004e-02
3.7321951951951955e+00	7.8383499999999995e-02
3.7321961961961962e+00	7.8374600000000003e-02
3.7321971971971974e+00	7.8365599999999994e-02
3.7321981981981982e+00	7.8356599999999998e-02
3.7321991991991994e+00	7.8347600000000003e-02
3.7322002002002006e+00	7.8338599999999994e-02
3.7322012012012014e+00	7.8329599999999999e-02
3.7322022022022026e+00	7.8320600000000004e-02
3.7322032032032033e+00	7.8311500000000006e-02
3.7322042042042045e+00	7.8302499999999997e-02
3.7322052052052053e+00	7.8293500000000002e-02
3.7322062062062065e+00	7.8284400000000004e-02
3.7322072072072072e+00	7.8275300000000006e-02
3.7322082082082084e+00	7.8266299999999997e-02
3.7322092092092092e+00	7.8257199999999999e-02
3.7322102102102104e+00	7.8248100000000001e-02
3.7322112112112116e+00	7.8239000000000003e-02
3.7322122122122123e+00	7.8229900000000005e-02
3.7322132132132135e+00	7.8220799999999993e-02
3.7322142142142143e+00	7.8211699999999995e-02
3.7322152152152155e+00	7.8202599999999997e-02
3.7322162162162162e+00	7.8193399999999996e-02
3.7322172172172174e+00	7.8184299999999998e-02
3.7322182182182182e+00	7.8175099999999997e-02
3.7322192192192194e+00	7.8165899999999996e-02
3.7322202202202206e+00	7.8156799999999998e-02
3.7322212212212214e+00	7.8147599999999998e-02
3.7322222222222226e+00	7.8138399999999997e-02
3.7322232232232233e+00	7.8129199999999996e-02
3.7322242242242245e+00	7.8119900000000006e-02
3.7322252252252253e+00	7.8110700000000005e-02
3.7322262262262265e+00	7.8101500000000004e-02
3.7322272272272272e+00	7.8092200000000001e-02
3.7322282282282284e+00	7.8083000000000000e-02
3.7322292292292296e+00	7.8073699999999996e-02
3.7322302302302304e+00	7.8064400000000006e-02
3.7322312312312316e+00	7.8055100000000002e-02
3.7322322322322323e+00	7.8045799999999999e-02
3.7322332332332335e+00	7.8036499999999995e-02
3.7322342342342343e+00	7.8027200000000005e-02
3.7322352352352355e+00	7.8017900000000001e-02
3.7322362362362362e+00	7.8008499999999995e-02
3.7322372372372374e+00	7.7999200000000005e-02
3.7322382382382386e+00	7.7989799999999998e-02
3.7322392392392394e+00	7.7980400000000005e-02
3.7322402402402406e+00	7.7970999999999999e-02
3.7322412412412413e+00	7.7961600000000006e-02
3.7322422422422425e+00	7.7952199999999999e-02
3.7322432432432433e+00	7.7942800000000007e-02
3.7322442442442445e+00	7.7933299999999997e-02
3.7322452452452453e+00	7.7923900000000004e-02
3.7322462462462465e+00	7.7914399999999995e-02
3.7322472472472472e+00	7.7904899999999999e-02
3.7322482482482484e+00	7.7895400000000004e-02
3.7322492492492496e+00	7.7885899999999994e-02
3.7322502502502504e+00	7.7876399999999998e-02
3.7322512512512516e+00	7.7866900000000003e-02
3.7322522522522523e+00	7.7857300000000004e-02
3.7322532532532535e+00	7.7847700000000006e-02
3.7322542542542543e+00	7.7838199999999996e-02
3.7322552552552555e+00	7.7828599999999998e-02
3.7322562562562562e+00	7.7818999999999999e-02
3.7322572572572574e+00	7.7809400000000001e-02
3.7322582582582586e+00	7.7799699999999999e-02
3.7322592592592594e+00	7.7790100000000001e-02
3.7322602602602606e+00	7.7780400000000000e-02
3.7322612612612613e+00	7.7770699999999998e-02
3.7322622622622625e+00	7.7760999999999997e-02
3.7322632632632633e+00	7.7751299999999995e-02
3.7322642642642645e+00	7.7741599999999994e-02
3.7322652652652653e+00	7.7731900000000007e-02
3.7322662662662665e+00	7.7722100000000002e-02
3.7322672672672677e+00	7.7712299999999998e-02
3.7322682682682684e+00	7.7702599999999997e-02
3.7322692692692696e+00	7.7692800000000006e-02
3.7322702702702704e+00	7.7682899999999999e-02
3.7322712712712716e+00	7.7673099999999995e-02
3.7322722722722723e+00	7.7663200000000002e-02
3.7322732732732735e+00	7.7653399999999997e-02
3.7322742742742743e+00	7.7643500000000004e-02
3.7322752752752755e+00	7.7633599999999997e-02
3.7322762762762767e+00	7.7623600000000001e-02
3.7322772772772774e+00	7.7613699999999994e-02
3.7322782782782786e+00	7.7603699999999998e-02
3.7322792792792794e+00	7.7593700000000002e-02
3.7322802802802806e+00	7.7583700000000005e-02
3.7322812812812813e+00	7.7573699999999995e-02
3.7322822822822825e+00	7.7563699999999999e-02
3.7322832832832833e+00	7.7553600000000000e-02
3.7322842842842845e+00	7.7543500000000001e-02
3.7322852852852852e+00	7.7533400000000002e-02
3.7322862862862864e+00	7.7523300000000003e-02
3.7322872872872876e+00	7.7513200000000004e-02
3.7322882882882884e+00	7.7503000000000002e-02
3.7322892892892896e+00	7.7492800000000001e-02
3.7322902902902904e+00	7.7482599999999999e-02
3.7322912912912916e+00	7.7472399999999997e-02
3.7322922922922923e+00	7.7462100000000006e-02
3.7322932932932935e+00	7.7451900000000004e-02
3.7322942942942943e+00	7.7441599999999999e-02
3.7322952952952955e+00	7.7431299999999995e-02
3.7322962962962967e+00	7.7420900000000001e-02
3.7322972972972974e+00	7.7410599999999996e-02
3.7322982982982986e+00	7.7400200000000002e-02
3.7322992992992994e+00	7.7389799999999995e-02
3.7323003003003006e+00	7.7379299999999998e-02
3.7323013013013013e+00	7.7368900000000004e-02
3.7323023023023025e+00	7.7358399999999994e-02
3.7323033033033033e+00	7.7347899999999997e-02
3.7323043043043045e+00	7.7337299999999998e-02
3.7323053053053057e+00	7.7326800000000001e-02
3.7323063063063064e+00	7.7316200000000002e-02
3.7323073073073076e+00	7.7305499999999999e-02
3.7323083083083084e+00	7.7294900000000000e-02
3.7323093093093096e+00	7.7284199999999997e-02
3.7323103103103104e+00	7.7273499999999995e-02
3.7323113113113116e+00	7.7262800000000006e-02
3.7323123123123123e+00	7.7252000000000001e-02
3.7323133133133135e+00	7.7241299999999999e-02
3.7323143143143147e+00	7.7230400000000005e-02
3.7323153153153155e+00	7.7219599999999999e-02
3.7323163163163167e+00	7.7208700000000005e-02
3.7323173173173174e+00	7.7197799999999997e-02
3.7323183183183186e+00	7.7186900000000003e-02
3.7323193193193194e+00	7.7175900000000006e-02
3.7323203203203206e+00	7.7164899999999995e-02
3.7323213213213213e+00	7.7153899999999997e-02
3.7323223223223225e+00	7.7142799999999997e-02
3.7323233233233233e+00	7.7131699999999997e-02
3.7323243243243245e+00	7.7120599999999997e-02
3.7323253253253257e+00	7.7109399999999995e-02
3.7323263263263264e+00	7.7098200000000006e-02
3.7323273273273276e+00	7.7086900000000000e-02
3.7323283283283284e+00	7.7075699999999997e-02
3.7323293293293296e+00	7.7064300000000002e-02
3.7323303303303303e+00	7.7052999999999996e-02
3.7323313313313315e+00	7.7041600000000002e-02
3.7323323323323323e+00	7.7030199999999993e-02
3.7323333333333335e+00	7.7018699999999995e-02
3.7323343343343347e+00	7.7007199999999998e-02
3.7323353353353355e+00	7.6995700000000000e-02
3.7323363363363367e+00	7.6984100000000000e-02
3.7323373373373374e+00	7.6972399999999996e-02
3.7323383383383386e+00	7.6960799999999996e-02
3.7323393393393394e+00	7.6949100000000006e-02
3.7323403403403406e+00	7.6937300000000000e-02
3.7323413413413413e+00	7.6925499999999994e-02
3.7323423423423425e+00	7.6913700000000002e-02
3.7323433433433437e+00	7.6901800000000006e-02
3.7323443443443445e+00	7.6889799999999994e-02
3.7323453453453457e+00	7.6877799999999996e-02
3.7323463463463464e+00	7.6865799999999998e-02
3.7323473473473476e+00	7.6853699999999997e-02
3.7323483483483484e+00	7.6841599999999996e-02
3.7323493493493496e+00	7.6829400000000006e-02
3.7323503503503503e+00	7.6817200000000002e-02
3.7323513513513515e+00	7.6804899999999995e-02
3.7323523523523523e+00	7.6792600000000003e-02
3.7323533533533535e+00	7.6780200000000007e-02
3.7323543543543547e+00	7.6767799999999997e-02
3.7323553553553555e+00	7.6755299999999999e-02
3.7323563563563567e+00	7.6742699999999997e-02
3.7323573573573574e+00	7.6730099999999996e-02
3.7323583583583586e+00	7.6717400000000005e-02
3.7323593593593594e+00	7.6704700000000001e-02
3.7323603603603606e+00	7.6691899999999993e-02
3.7323613613613613e+00	7.6679100000000000e-02
3.7323623623623625e+00	7.6666100000000001e-02
3.7323633633633637e+00	7.6653200000000005e-02
3.7323643643643645e+00	7.6640100000000003e-02
3.7323653653653657e+00	7.6627000000000001e-02
3.7323663663663664e+00	7.6613899999999999e-02
3.7323673673673676e+00	7.6600600000000005e-02
3.7323683683683684e+00	7.6587299999999997e-02
3.7323693693693696e+00	7.6573900000000000e-02
3.7323703703703703e+00	7.6560500000000004e-02
3.7323713713713715e+00	7.6547000000000004e-02
3.7323723723723727e+00	7.6533400000000001e-02
3.7323733733733735e+00	7.6519699999999996e-02
3.7323743743743747e+00	7.6505900000000002e-02
3.7323753753753754e+00	7.6492099999999993e-02
3.7323763763763766e+00	7.6478199999999996e-02
3.7323773773773774e+00	7.6464199999999996e-02
3.7323783783783786e+00	7.6450099999999993e-02
3.7323793793793794e+00	7.6436000000000004e-02
3.7323803803803806e+00	7.6421699999999995e-02
3.7323813813813818e+00	7.6407400000000000e-02
3.7323823823823825e+00	7.6393000000000003e-02
3.7323833833833837e+00	7.6378399999999999e-02
3.7323843843843845e+00	7.6363799999999996e-02
3.7323853853853857e+00	7.6349100000000003e-02
3.7323863863863864e+00	7.6334299999999994e-02
3.7323873873873876e+00	7.6319399999999996e-02
3.7323883883883884e+00	7.6304399999999994e-02
3.7323893893893896e+00	7.6289300000000004e-02
3.7323903903903903e+00	7.6274099999999997e-02
3.7323913913913915e+00	7.6258800000000002e-02
3.7323923923923927e+00	7.6243400000000003e-02
3.7323933933933935e+00	7.6227799999999998e-02
3.7323943943943947e+00	7.6212199999999994e-02
3.7323953953953954e+00	7.6196399999999997e-02
3.7323963963963966e+00	7.6180499999999998e-02
3.7323973973973974e+00	7.6164499999999996e-02
3.7323983983983986e+00	7.6148300000000002e-02
3.7323993993993994e+00	7.6132099999999994e-02
3.7324004004004006e+00	7.6115699999999994e-02
3.7324014014014018e+00	7.6099100000000003e-02
3.7324024024024025e+00	7.6082499999999997e-02
3.7324034034034037e+00	7.6065700000000000e-02
3.7324044044044045e+00	7.6048699999999997e-02
3.7324054054054057e+00	7.6031600000000005e-02
3.7324064064064064e+00	7.6014399999999996e-02
3.7324074074074076e+00	7.5996999999999995e-02
3.7324084084084084e+00	7.5979400000000002e-02
3.7324094094094096e+00	7.5961699999999993e-02
3.7324104104104108e+00	7.5943800000000006e-02
3.7324114114114115e+00	7.5925800000000002e-02
3.7324124124124127e+00	7.5907500000000003e-02
3.7324134134134135e+00	7.5889200000000004e-02
3.7324144144144147e+00	7.5870599999999996e-02
3.7324154154154154e+00	7.5851799999999997e-02
3.7324164164164166e+00	7.5832899999999995e-02
3.7324174174174174e+00	7.5813699999999998e-02
3.7324184184184186e+00	7.5794399999999998e-02
3.7324194194194198e+00	7.5774800000000003e-02
3.7324204204204205e+00	7.5755100000000006e-02
3.7324214214214217e+00	7.5735100000000000e-02
3.7324224224224225e+00	7.5714900000000002e-02
3.7324234234234237e+00	7.5694499999999998e-02
3.7324244244244245e+00	7.5673799999999999e-02
3.7324254254254257e+00	7.5652899999999995e-02
3.7324264264264264e+00	7.5631799999999999e-02
3.7324274274274276e+00	7.5610399999999994e-02
3.7324284284284284e+00	7.5588699999999995e-02
3.7324294294294296e+00	7.5566800000000003e-02
3.7324304304304308e+00	7.5544600000000003e-02
3.7324314314314315e+00	7.5522099999999995e-02
3.7324324324324327e+00	7.5499399999999994e-02
3.7324334334334335e+00	7.5476299999999996e-02
3.7324344344344347e+00	7.5452900000000003e-02
3.7324354354354354e+00	7.5429200000000002e-02
3.7324364364364366e+00	7.5405200000000006e-02
3.7324374374374374e+00	7.5380900000000001e-02
3.7324384384384386e+00	7.5356199999999998e-02
3.7324394394394398e+00	7.5331099999999998e-02
3.7324404404404405e+00	7.5305700000000003e-02
3.7324414414414417e+00	7.5279899999999997e-02
3.7324424424424425e+00	7.5253700000000007e-02
3.7324434434434437e+00	7.5227100000000005e-02
3.7324444444444445e+00	7.5200100000000006e-02
3.7324454454454457e+00	7.5172600000000006e-02
3.7324464464464464e+00	7.5144699999999995e-02
3.7324474474474476e+00	7.5116400000000000e-02
3.7324484484484488e+00	7.5087500000000001e-02
3.7324494494494496e+00	7.5058200000000005e-02
3.7324504504504508e+00	7.5028399999999995e-02
3.7324514514514515e+00	7.4997999999999995e-02
3.7324524524524527e+00	7.4967099999999995e-02
3.7324534534534535e+00	7.4935600000000005e-02
3.7324544544544547e+00	7.4903499999999998e-02
3.7324554554554554e+00	7.4870900000000004e-02
3.7324564564564566e+00	7.4837600000000004e-02
3.7324574574574578e+00	7.4803599999999998e-02
3.7324584584584586e+00	7.4769000000000002e-02
3.7324594594594598e+00	7.4733599999999997e-02
3.7324604604604605e+00	7.4697500000000000e-02
3.7324614614614617e+00	7.4660699999999997e-02
3.7324624624624625e+00	7.4623099999999998e-02
3.7324634634634637e+00	7.4584600000000001e-02
3.7324644644644644e+00	7.4545299999999995e-02
3.7324654654654656e+00	7.4505000000000002e-02
3.7324664664664664e+00	7.4463900000000000e-02
3.7324674674674676e+00	7.4421699999999993e-02
3.7324684684684688e+00	7.4378600000000003e-02
3.7324694694694696e+00	7.4334399999999995e-02
3.7324704704704708e+00	7.4288999999999994e-02
3.7324714714714715e+00	7.4242500000000003e-02
3.7324724724724727e+00	7.4194800000000005e-02
3.7324734734734735e+00	7.4145799999999998e-02
3.7324744744744747e+00	7.4095499999999995e-02
3.7324754754754754e+00	7.4043700000000004e-02
3.7324764764764766e+00	7.3990500000000001e-02
3.7324774774774778e+00	7.3935799999999996e-02
3.7324784784784786e+00	7.3879399999999998e-02
3.7324794794794798e+00	7.3821300000000006e-02
3.7324804804804805e+00	7.3761400000000005e-02
3.7324814814814817e+00	7.3699600000000004e-02
3.7324824824824825e+00	7.3635800000000001e-02
3.7324834834834837e+00	7.3569899999999994e-02
3.7324844844844844e+00	7.3501800000000006e-02
3.7324854854854856e+00	7.3431300000000005e-02
3.7324864864864868e+00	7.3358199999999998e-02
3.7324874874874876e+00	7.3282600000000003e-02
3.7324884884884888e+00	7.3204000000000005e-02
3.7324894894894896e+00	7.3122500000000007e-02
3.7324904904904908e+00	7.3037800000000000e-02
3.7324914914914915e+00	7.2949700000000006e-02
3.7324924924924927e+00	7.2857900000000003e-02
3.7324934934934935e+00	7.2762300000000002e-02
3.7324944944944947e+00	7.2662400000000002e-02
3.7324954954954959e+00	7.2558100000000000e-02
3.7324964964964966e+00	7.2449000000000000e-02
3.7324974974974978e+00	7.2334800000000005e-02
3.7324984984984986e+00	7.2214899999999999e-02
3.7324994994994998e+00	7.2089100000000003e-02
3.7325005005005005e+00	7.1956699999999998e-02
3.7325015015015017e+00	7.1817300000000001e-02
3.7325025025025025e+00	7.1670200000000003e-02
3.7325035035035037e+00	7.1514800000000003e-02
3.7325045045045044e+00	7.1350200000000003e-02
3.7325055055055056e+00	7.1175600000000006e-02
3.7325065065065068e+00	7.0989999999999998e-02
3.7325075075075076e+00	7.0792300000000002e-02
3.7325085085085088e+00	7.0581199999999997e-02
3.7325095095095095e+00	7.0355200000000007e-02
3.7325105105105107e+00	7.0112800000000003e-02
3.7325115115115115e+00	6.9851800000000006e-02
3.7325125125125127e+00	6.9570099999999996e-02
3.7325135135135135e+00	6.9264999999999993e-02
3.7325145145145147e+00	6.8933400000000006e-02
3.7325155155155159e+00	6.8571499999999994e-02
3.7325165165165166e+00	6.8175100000000002e-02
3.7325175175175178e+00	6.7738599999999996e-02
3.7325185185185186e+00	6.7255700000000002e-02
3.7325195195195198e+00	6.6718399999999997e-02
3.7325205205205205e+00	6.6116800000000003e-02
3.7325215215215217e+00	6.5438399999999994e-02
3.7325225225225225e+00	6.4667500000000003e-02
3.7325235235235237e+00	6.3783500000000007e-02
3.7325245245245249e+00	6.2759400000000007e-02
3.7325255255255256e+00	6.1558700000000001e-02
3.7325265265265268e+00	6.0131600000000000e-02
3.7325275275275276e+00	5.8407000000000001e-02
3.7325285285285288e+00	5.6281699999999997e-02
3.7325295295295295e+00	5.3598399999999997e-02
3.7325305305305307e+00	5.0107499999999999e-02
3.7325315315315315e+00	4.5389699999999998e-02
3.7325325325325327e+00	3.8694100000000002e-02
3.7325335335335339e+00	2.8599300000000001e-02
3.7325345345345347e+00	1.2713800000000001e-02
3.7325355355355359e+00	3.7157399999999999e-03
3.7325365365365366e+00	9.9995800000000001e-01
3.7325375375375378e+00	2.8714899999999999e-01
3.7325385385385386e+00	1.7546600000000001e-01
3.7325395395395398e+00	1.3997000000000001e-01
3.7325405405405405e+00	1.2297400000000000e-01
3.7325415415415417e+00	1.1307800000000000e-01
3.7325425425425425e+00	1.0662000000000001e-01
3.7325435435435437e+00	1.0207900000000000e-01
3.7325445445445449e+00	9.8714600000000000e-02
3.7325455455455456e+00	9.6121899999999996e-02
3.7325465465465468e+00	9.4062999999999994e-02
3.7325475475475476e+00	9.2388499999999998e-02
3.7325485485485488e+00	9.0999700000000003e-02
3.7325495495495495e+00	8.9829099999999995e-02
3.7325505505505507e+00	8.8828900000000002e-02
3.7325515515515515e+00	8.7964299999999995e-02
3.7325525525525527e+00	8.7209200000000001e-02
3.7325535535535539e+00	8.6543999999999996e-02
3.7325545545545546e+00	8.5953399999999999e-02
3.7325555555555558e+00	8.5425399999999999e-02
3.7325565565565566e+00	8.4950499999999998e-02
3.7325575575575578e+00	8.4520899999999996e-02
3.7325585585585586e+00	8.4130399999999994e-02
3.7325595595595598e+00	8.3773799999999995e-02
3.7325605605605605e+00	8.3446699999999999e-02
3.7325615615615617e+00	8.3145700000000003e-02
3.7325625625625629e+00	8.2867600000000000e-02
3.7325635635635637e+00	8.2609799999999997e-02
3.7325645645645649e+00	8.2370200000000005e-02
3.7325655655655656e+00	8.2146800000000006e-02
3.7325665665665668e+00	8.1937999999999997e-02
3.7325675675675676e+00	8.1742499999999996e-02
3.7325685685685688e+00	8.1558800000000001e-02
3.7325695695695695e+00	8.1385899999999997e-02
3.7325705705705707e+00	8.1223000000000004e-02
3.7325715715715719e+00	8.1069000000000002e-02
3.7325725725725727e+00	8.0923300000000004e-02
3.7325735735735739e+00	8.0785099999999999e-02
3.7325745745745746e+00	8.0653900000000001e-02
3.7325755755755758e+00	8.0529199999999995e-02
3.7325765765765766e+00	8.0410400000000007e-02
3.7325775775775778e+00	8.0296999999999993e-02
3.7325785785785786e+00	8.0188800000000005e-02
3.7325795795795798e+00	8.0085400000000001e-02
3.7325805805805805e+00	7.9986299999999996e-02
3.7325815815815817e+00	7.9891400000000001e-02
3.7325825825825829e+00	7.9800300000000005e-02
3.7325835835835837e+00	7.9712900000000003e-02
3.7325845845845849e+00	7.9628800000000000e-02
3.7325855855855856e+00	7.9547900000000005e-02
3.7325865865865868e+00	7.9469899999999996e-02
3.7325875875875876e+00	7.9394800000000001e-02
3.7325885885885888e+00	7.9322299999999998e-02
3.7325895895895895e+00	7.9252299999999998e-02
3.7325905905905907e+00	7.9184599999999994e-02
3.7325915915915919e+00	7.9119200000000001e-02
3.7325925925925927e+00	7.9055799999999996e-02
3.7325935935935939e+00	7.8994400000000006e-02
3.7325945945945946e+00	7.8935000000000005e-02
3.7325955955955958e+00	7.8877299999999997e-02
3.7325965965965966e+00	7.8821299999999997e-02
3.7325975975975978e+00	7.8766900000000001e-02
3.7325985985985985e+00	7.8714099999999995e-02
3.7325995995995997e+00	7.8662700000000002e-02
3.7326006006006009e+00	7.8612699999999994e-02
3.7326016016016017e+00	7.8564099999999998e-02
3.7326026026026029e+00	7.8516699999999995e-02
3.7326036036036037e+00	7.8470499999999999e-02
3.7326046046046049e+00	7.8425499999999995e-02
3.7326056056056056e+00	7.8381599999999996e-02
3.7326066066066068e+00	7.8338699999999997e-02
3.7326076076076076e+00	7.8296900000000003e-02
3.7326086086086088e+00	7.8256000000000006e-02
3.7326096096096100e+00	7.8216099999999997e-02
3.7326106106106107e+00	7.8177099999999999e-02
3.7326116116116119e+00	7.8138899999999997e-02
3.7326126126126127e+00	7.8101500000000004e-02
3.7326136136136139e+00	7.8064900000000007e-02
3.7326146146146146e+00	7.8029100000000004e-02
3.7326156156156158e+00	7.7994099999999997e-02
3.7326166166166166e+00	7.7959700000000007e-02
3.7326176176176178e+00	7.7925999999999995e-02
3.7326186186186185e+00	7.7893000000000004e-02
3.7326196196196197e+00	7.7860600000000002e-02
3.7326206206206209e+00	7.7828700000000001e-02
3.7326216216216217e+00	7.7797500000000006e-02
3.7326226226226229e+00	7.7766900000000000e-02
3.7326236236236237e+00	7.7736799999999995e-02
3.7326246246246249e+00	7.7707200000000004e-02
3.7326256256256256e+00	7.7678100000000000e-02
3.7326266266266268e+00	7.7649499999999996e-02
3.7326276276276276e+00	7.7621399999999993e-02
3.7326286286286288e+00	7.7593800000000004e-02
3.7326296296296300e+00	7.7566599999999999e-02
3.7326306306306307e+00	7.7539800000000006e-02
3.7326316316316319e+00	7.7513499999999999e-02
3.7326326326326327e+00	7.7487500000000001e-02
3.7326336336336339e+00	7.7462000000000003e-02
3.7326346346346346e+00	7.7436800000000000e-02
3.7326356356356358e+00	7.7411999999999995e-02
3.7326366366366366e+00	7.7387600000000001e-02
3.7326376376376378e+00	7.7363500000000002e-02
3.7326386386386390e+00	7.7339699999999997e-02
3.7326396396396397e+00	7.7316300000000004e-02
3.7326406406406409e+00	7.7293200000000006e-02
3.7326416416416417e+00	7.7270300000000000e-02
3.7326426426426429e+00	7.7247800000000005e-02
3.7326436436436436e+00	7.7225600000000005e-02
3.7326446446446448e+00	7.7203700000000000e-02
3.7326456456456456e+00	7.7182000000000001e-02
3.7326466466466468e+00	7.7160599999999996e-02
3.7326476476476480e+00	7.7139500000000000e-02
3.7326486486486488e+00	7.7118599999999995e-02
3.7326496496496500e+00	7.7098000000000000e-02
3.7326506506506507e+00	7.7077599999999996e-02
3.7326516516516519e+00	7.7057399999999998e-02
3.7326526526526527e+00	7.7037499999999995e-02
3.7326536536536539e+00	7.7017799999999997e-02
3.7326546546546546e+00	7.6998300000000006e-02
3.7326556556556558e+00	7.6979000000000006e-02
3.7326566566566566e+00	7.6959899999999998e-02
3.7326576576576578e+00	7.6940999999999996e-02
3.7326586586586590e+00	7.6922400000000002e-02
3.7326596596596597e+00	7.6903899999999997e-02
3.7326606606606609e+00	7.6885599999999998e-02
3.7326616616616617e+00	7.6867400000000002e-02
3.7326626626626629e+00	7.6849500000000001e-02
3.7326636636636636e+00	7.6831700000000003e-02
3.7326646646646648e+00	7.6814099999999996e-02
3.7326656656656656e+00	7.6796699999999996e-02
3.7326666666666668e+00	7.6779399999999998e-02
3.7326676676676680e+00	7.6762300000000006e-02
3.7326686686686688e+00	7.6745300000000002e-02
3.7326696696696700e+00	7.6728500000000005e-02
3.7326706706706707e+00	7.6711799999999997e-02
3.7326716716716719e+00	7.6695299999999994e-02
3.7326726726726727e+00	7.6678899999999994e-02
3.7326736736736739e+00	7.6662700000000000e-02
3.7326746746746746e+00	7.6646599999999995e-02
3.7326756756756758e+00	7.6630599999999993e-02
3.7326766766766770e+00	7.6614799999999997e-02
3.7326776776776778e+00	7.6599100000000003e-02
3.7326786786786790e+00	7.6583499999999999e-02
3.7326796796796797e+00	7.6567999999999997e-02
3.7326806806806809e+00	7.6552599999999998e-02
3.7326816816816817e+00	7.6537400000000005e-02
3.7326826826826829e+00	7.6522300000000001e-02
3.7326836836836836e+00	7.6507300000000000e-02
3.7326846846846848e+00	7.6492299999999999e-02
3.7326856856856856e+00	7.6477500000000004e-02
3.7326866866866868e+00	7.6462900000000000e-02
3.7326876876876880e+00	7.6448299999999997e-02
3.7326886886886887e+00	7.6433799999999996e-02
3.7326896896896899e+00	7.6419399999999998e-02
3.7326906906906907e+00	7.6405100000000004e-02
3.7326916916916919e+00	7.6390899999999998e-02
3.7326926926926927e+00	7.6376799999999995e-02
3.7326936936936939e+00	7.6362799999999995e-02
3.7326946946946946e+00	7.6348899999999997e-02
3.7326956956956958e+00	7.6335000000000000e-02
3.7326966966966970e+00	7.6321299999999995e-02
3.7326976976976978e+00	7.6307600000000003e-02
3.7326986986986990e+00	7.6294000000000001e-02
3.7326996996996997e+00	7.6280500000000001e-02
3.7327007007007009e+00	7.6267100000000004e-02
3.7327017017017017e+00	7.6253799999999997e-02
3.7327027027027029e+00	7.6240500000000003e-02
3.7327037037037036e+00	7.6227299999999998e-02
3.7327047047047048e+00	7.6214199999999996e-02
3.7327057057057060e+00	7.6201199999999997e-02
3.7327067067067068e+00	7.6188199999999998e-02
3.7327077077077080e+00	7.6175300000000001e-02
3.7327087087087087e+00	7.6162499999999994e-02
3.7327097097097099e+00	7.6149800000000004e-02
3.7327107107107107e+00	7.6137099999999999e-02
3.7327117117117119e+00	7.6124499999999998e-02
3.7327127127127127e+00	7.6111899999999996e-02
3.7327137137137139e+00	7.6099399999999998e-02
3.7327147147147151e+00	7.6087000000000002e-02
3.7327157157157158e+00	7.6074600000000006e-02
3.7327167167167170e+00	7.6062299999999999e-02
3.7327177177177178e+00	7.6050099999999995e-02
3.7327187187187190e+00	7.6037900000000005e-02
3.7327197197197197e+00	7.6025800000000004e-02
3.7327207207207209e+00	7.6013700000000003e-02
3.7327217217217217e+00	7.6001700000000005e-02
3.7327227227227229e+00	7.5989699999999993e-02
3.7327237237237236e+00	7.5977799999999998e-02
3.7327247247247248e+00	7.5965900000000003e-02
3.7327257257257260e+00	7.5954099999999997e-02
3.7327267267267268e+00	7.5942399999999993e-02
3.7327277277277280e+00	7.5930700000000004e-02
3.7327287287287287e+00	7.5919100000000003e-02
3.7327297297297299e+00	7.5907500000000003e-02
3.7327307307307307e+00	7.5895900000000002e-02
3.7327317317317319e+00	7.5884400000000005e-02
3.7327327327327327e+00	7.5872999999999996e-02
3.7327337337337338e+00	7.5861499999999998e-02
3.7327347347347350e+00	7.5850200000000007e-02
3.7327357357357358e+00	7.5838900000000001e-02
3.7327367367367370e+00	7.5827599999999995e-02
3.7327377377377378e+00	7.5816400000000006e-02
3.7327387387387390e+00	7.5805200000000003e-02
3.7327397397397397e+00	7.5794000000000000e-02
3.7327407407407409e+00	7.5782900000000000e-02
3.7327417417417417e+00	7.5771900000000003e-02
3.7327427427427429e+00	7.5760900000000006e-02
3.7327437437437441e+00	7.5749899999999995e-02
3.7327447447447448e+00	7.5739000000000001e-02
3.7327457457457460e+00	7.5728100000000007e-02
3.7327467467467468e+00	7.5717199999999998e-02
3.7327477477477480e+00	7.5706399999999993e-02
3.7327487487487487e+00	7.5695600000000002e-02
3.7327497497497499e+00	7.5684899999999999e-02
3.7327507507507507e+00	7.5674099999999994e-02
3.7327517517517519e+00	7.5663499999999995e-02
3.7327527527527531e+00	7.5652800000000006e-02
3.7327537537537538e+00	7.5642200000000007e-02
3.7327547547547550e+00	7.5631699999999996e-02
3.7327557557557558e+00	7.5621099999999997e-02
3.7327567567567570e+00	7.5610600000000000e-02
3.7327577577577578e+00	7.5600100000000003e-02
3.7327587587587590e+00	7.5589699999999996e-02
3.7327597597597597e+00	7.5579300000000002e-02
3.7327607607607609e+00	7.5568899999999994e-02
3.7327617617617617e+00	7.5558600000000004e-02
3.7327627627627629e+00	7.5548299999999999e-02
3.7327637637637641e+00	7.5537999999999994e-02
3.7327647647647648e+00	7.5527800000000006e-02
3.7327657657657660e+00	7.5517500000000001e-02
3.7327667667667668e+00	7.5507400000000002e-02
3.7327677677677680e+00	7.5497200000000000e-02
3.7327687687687687e+00	7.5487100000000001e-02
3.7327697697697699e+00	7.5477000000000002e-02
3.7327707707707707e+00	7.5466900000000003e-02
3.7327717717717719e+00	7.5456800000000004e-02
3.7327727727727731e+00	7.5446799999999994e-02
3.7327737737737738e+00	7.5436799999999998e-02
3.7327747747747750e+00	7.5426900000000005e-02
3.7327757757757758e+00	7.5416899999999995e-02
3.7327767767767770e+00	7.5407000000000002e-02
3.7327777777777778e+00	7.5397099999999995e-02
3.7327787787787789e+00	7.5387300000000004e-02
3.7327797797797797e+00	7.5377399999999997e-02
3.7327807807807809e+00	7.5367600000000007e-02
3.7327817817817821e+00	7.5357800000000003e-02
3.7327827827827829e+00	7.5348100000000001e-02
3.7327837837837841e+00	7.5338299999999997e-02
3.7327847847847848e+00	7.5328599999999996e-02
3.7327857857857860e+00	7.5318899999999994e-02
3.7327867867867868e+00	7.5309299999999996e-02
3.7327877877877880e+00	7.5299599999999994e-02
3.7327887887887887e+00	7.5289999999999996e-02
3.7327897897897899e+00	7.5280399999999997e-02
3.7327907907907911e+00	7.5270799999999999e-02
3.7327917917917919e+00	7.5261300000000003e-02
3.7327927927927931e+00	7.5251700000000005e-02
3.7327937937937938e+00	7.5242199999999995e-02
3.7327947947947950e+00	7.5232700000000000e-02
3.7327957957957958e+00	7.5223300000000007e-02
3.7327967967967970e+00	7.5213799999999997e-02
3.7327977977977977e+00	7.5204400000000005e-02
3.7327987987987989e+00	7.5194999999999998e-02
3.7327997997997997e+00	7.5185600000000005e-02
3.7328008008008009e+00	7.5176199999999999e-02
3.7328018018018021e+00	7.5166899999999995e-02
3.7328028028028029e+00	7.5157500000000002e-02
3.7328038038038041e+00	7.5148199999999998e-02
3.7328048048048048e+00	7.5138899999999995e-02
3.7328058058058060e+00	7.5129600000000005e-02
3.7328068068068068e+00	7.5120400000000004e-02
3.7328078078078080e+00	7.5111200000000003e-02
3.7328088088088087e+00	7.5101899999999999e-02
3.7328098098098099e+00	7.5092699999999998e-02
3.7328108108108111e+00	7.5083499999999997e-02
3.7328118118118119e+00	7.5074399999999999e-02
3.7328128128128131e+00	7.5065199999999999e-02
3.7328138138138138e+00	7.5056100000000001e-02
3.7328148148148150e+00	7.5047000000000003e-02
3.7328158158158158e+00	7.5037900000000005e-02
3.7328168168168170e+00	7.5028800000000007e-02
3.7328178178178177e+00	7.5019799999999998e-02
3.7328188188188189e+00	7.5010700000000000e-02
3.7328198198198201e+00	7.5001700000000004e-02
3.7328208208208209e+00	7.4992699999999995e-02
3.7328218218218221e+00	7.4983700000000000e-02
3.7328228228228229e+00	7.4974700000000005e-02
3.7328238238238240e+00	7.4965699999999996e-02
3.7328248248248248e+00	7.4956800000000004e-02
3.7328258258258260e+00	7.4947799999999995e-02
3.7328268268268268e+00	7.4938900000000003e-02
3.7328278278278280e+00	7.4929999999999997e-02
3.7328288288288292e+00	7.4921100000000004e-02
3.7328298298298299e+00	7.4912199999999998e-02
3.7328308308308311e+00	7.4903399999999995e-02
3.7328318318318319e+00	7.4894500000000003e-02
3.7328328328328331e+00	7.4885699999999999e-02
3.7328338338338338e+00	7.4876899999999996e-02
3.7328348348348350e+00	7.4868100000000007e-02
3.7328358358358358e+00	7.4859300000000004e-02
3.7328368368368370e+00	7.4850500000000000e-02
3.7328378378378377e+00	7.4841699999999997e-02
3.7328388388388389e+00	7.4832999999999997e-02
3.7328398398398401e+00	7.4824199999999993e-02
3.7328408408408409e+00	7.4815499999999993e-02
3.7328418418418421e+00	7.4806800000000007e-02
3.7328428428428428e+00	7.4798100000000006e-02
3.7328438438438440e+00	7.4789400000000006e-02
3.7328448448448448e+00	7.4780700000000006e-02
3.7328458458458460e+00	7.4772099999999994e-02
3.7328468468468468e+00	7.4763399999999994e-02
3.7328478478478480e+00	7.4754799999999996e-02
3.7328488488488492e+00	7.4746199999999999e-02
3.7328498498498499e+00	7.4737600000000001e-02
3.7328508508508511e+00	7.4729000000000004e-02
3.7328518518518519e+00	7.4720400000000006e-02
3.7328528528528531e+00	7.4711799999999995e-02
3.7328538538538538e+00	7.4703199999999997e-02
3.7328548548548550e+00	7.4694700000000003e-02
3.7328558558558558e+00	7.4686199999999994e-02
3.7328568568568570e+00	7.4677599999999997e-02
3.7328578578578582e+00	7.4669100000000002e-02
3.7328588588588589e+00	7.4660599999999994e-02
3.7328598598598601e+00	7.4652099999999999e-02
3.7328608608608609e+00	7.4643600000000004e-02
3.7328618618618621e+00	7.4635199999999999e-02
3.7328628628628628e+00	7.4626700000000004e-02
3.7328638638638640e+00	7.4618199999999996e-02
3.7328648648648648e+00	7.4609800000000004e-02
3.7328658658658660e+00	7.4601399999999998e-02
3.7328668668668672e+00	7.4593000000000007e-02
3.7328678678678680e+00	7.4584600000000001e-02
3.7328688688688691e+00	7.4576199999999995e-02
3.7328698698698699e+00	7.4567800000000004e-02
3.7328708708708711e+00	7.4559399999999998e-02
3.7328718718718719e+00	7.4551000000000006e-02
3.7328728728728731e+00	7.4542700000000003e-02
3.7328738738738738e+00	7.4534299999999998e-02
3.7328748748748750e+00	7.4525999999999995e-02
3.7328758758758758e+00	7.4517700000000006e-02
3.7328768768768770e+00	7.4509300000000001e-02
3.7328778778778782e+00	7.4500999999999998e-02
3.7328788788788789e+00	7.4492699999999995e-02
3.7328798798798801e+00	7.4484499999999995e-02
3.7328808808808809e+00	7.4476200000000006e-02
3.7328818818818821e+00	7.4467900000000004e-02
3.7328828828828828e+00	7.4459600000000001e-02
3.7328838838838840e+00	7.4451400000000001e-02
3.7328848848848848e+00	7.4443200000000001e-02
3.7328858858858860e+00	7.4434899999999998e-02
3.7328868868868872e+00	7.4426699999999998e-02
3.7328878878878879e+00	7.4418499999999999e-02
3.7328888888888891e+00	7.4410299999999999e-02
3.7328898898898899e+00	7.4402099999999999e-02
3.7328908908908911e+00	7.4393899999999999e-02
3.7328918918918919e+00	7.4385699999999999e-02
3.7328928928928931e+00	7.4377499999999999e-02
3.7328938938938938e+00	7.4369400000000002e-02
3.7328948948948950e+00	7.4361200000000002e-02
3.7328958958958962e+00	7.4353100000000005e-02
3.7328968968968970e+00	7.4344900000000005e-02
3.7328978978978982e+00	7.4336799999999995e-02
3.7328988988988989e+00	7.4328699999999998e-02
3.7328998998999001e+00	7.4320600000000001e-02
3.7329009009009009e+00	7.4312500000000004e-02
3.7329019019019021e+00	7.4304400000000007e-02
3.7329029029029028e+00	7.4296299999999996e-02
3.7329039039039040e+00	7.4288199999999999e-02
3.7329049049049052e+00	7.4280100000000002e-02
3.7329059059059060e+00	7.4272099999999994e-02
3.7329069069069072e+00	7.4263999999999997e-02
3.7329079079079079e+00	7.4256000000000003e-02
3.7329089089089091e+00	7.4247900000000006e-02
3.7329099099099099e+00	7.4239899999999998e-02
3.7329109109109111e+00	7.4231900000000003e-02
3.7329119119119119e+00	7.4223800000000006e-02
3.7329129129129131e+00	7.4215799999999998e-02
3.7329139139139138e+00	7.4207800000000004e-02
3.7329149149149150e+00	7.4199799999999996e-02
3.7329159159159162e+00	7.4191800000000002e-02
3.7329169169169170e+00	7.4183799999999994e-02
3.7329179179179182e+00	7.4175900000000003e-02
3.7329189189189189e+00	7.4167899999999995e-02
3.7329199199199201e+00	7.4159900000000001e-02
3.7329209209209209e+00	7.4151999999999996e-02
3.7329219219219221e+00	7.4144000000000002e-02
3.7329229229229228e+00	7.4136099999999996e-02
3.7329239239239240e+00	7.4128200000000005e-02
3.7329249249249252e+00	7.4120199999999997e-02
3.7329259259259260e+00	7.4112300000000006e-02
3.7329269269269272e+00	7.4104400000000001e-02
3.7329279279279279e+00	7.4096499999999996e-02
3.7329289289289291e+00	7.4088600000000004e-02
3.7329299299299299e+00	7.4080699999999999e-02
3.7329309309309311e+00	7.4072799999999994e-02
3.7329319319319318e+00	7.4064900000000003e-02
3.7329329329329330e+00	7.4057100000000001e-02
3.7329339339339342e+00	7.4049199999999996e-02
3.7329349349349350e+00	7.4041300000000004e-02
3.7329359359359362e+00	7.4033500000000002e-02
3.7329369369369370e+00	7.4025599999999997e-02
3.7329379379379382e+00	7.4017799999999995e-02
3.7329389389389389e+00	7.4009900000000003e-02
3.7329399399399401e+00	7.4002100000000001e-02
3.7329409409409409e+00	7.3994299999999999e-02
3.7329419419419421e+00	7.3986499999999997e-02
3.7329429429429433e+00	7.3978699999999994e-02
3.7329439439439440e+00	7.3970900000000006e-02
3.7329449449449452e+00	7.3963100000000004e-02
3.7329459459459460e+00	7.3955300000000002e-02
3.7329469469469472e+00	7.3947499999999999e-02
3.7329479479479479e+00	7.3939699999999997e-02
3.7329489489489491e+00	7.3931899999999995e-02
3.7329499499499499e+00	7.3924199999999995e-02
3.7329509509509511e+00	7.3916399999999993e-02
3.7329519519519518e+00	7.3908600000000005e-02
3.7329529529529530e+00	7.3900900000000005e-02
3.7329539539539542e+00	7.3893100000000003e-02
3.7329549549549550e+00	7.3885400000000004e-02
3.7329559559559562e+00	7.3877700000000004e-02
3.7329569569569570e+00	7.3869900000000002e-02
3.7329579579579582e+00	7.3862200000000003e-02
3.7329589589589589e+00	7.3854500000000003e-02
3.7329599599599601e+00	7.3846800000000004e-02
3.7329609609609609e+00	7.3839100000000005e-02
3.7329619619619621e+00	7.3831400000000005e-02
3.7329629629629633e+00	7.3823700000000006e-02
3.7329639639639640e+00	7.3816000000000007e-02
3.7329649649649652e+00	7.3808299999999993e-02
3.7329659659659660e+00	7.3800599999999994e-02
3.7329669669669672e+00	7.3792899999999995e-02
3.7329679679679679e+00	7.3785199999999995e-02
3.7329689689689691e+00	7.3777599999999999e-02
3.7329699699699699e+00	7.3769899999999999e-02
3.7329709709709711e+00	7.3762300000000003e-02
3.7329719719719723e+00	7.3754600000000003e-02
3.7329729729729730e+00	7.3746999999999993e-02
3.7329739739739742e+00	7.3739299999999994e-02
3.7329749749749750e+00	7.3731699999999997e-02
3.7329759759759762e+00	7.3724100000000001e-02
3.7329769769769769e+00	7.3716400000000001e-02
3.7329779779779781e+00	7.3708800000000005e-02
3.7329789789789789e+00	7.3701199999999994e-02
3.7329799799799801e+00	7.3693599999999998e-02
3.7329809809809813e+00	7.3686000000000001e-02
3.7329819819819821e+00	7.3678400000000005e-02
3.7329829829829833e+00	7.3670799999999995e-02
3.7329839839839840e+00	7.3663199999999998e-02
3.7329849849849852e+00	7.3655600000000002e-02
3.7329859859859860e+00	7.3648000000000005e-02
3.7329869869869872e+00	7.3640499999999998e-02
3.7329879879879879e+00	7.3632900000000001e-02
3.7329889889889891e+00	7.3625300000000005e-02
3.7329899899899899e+00	7.3617699999999994e-02
3.7329909909909911e+00	7.3610200000000001e-02
3.7329919919919923e+00	7.3602600000000004e-02
3.7329929929929930e+00	7.3595099999999997e-02
3.7329939939939942e+00	7.3587500000000000e-02
3.7329949949949950e+00	7.3580000000000007e-02
3.7329959959959962e+00	7.3572499999999999e-02
3.7329969969969969e+00	7.3564900000000003e-02
3.7329979979979981e+00	7.3557399999999995e-02
3.7329989989989989e+00	7.3549900000000001e-02
3.7330000000000001e+00	7.3542399999999994e-02
