3.7300000000000000e+00	1.1264199999999999e-03
3.7300100100100102e+00	1.1294899999999999e-03
3.7300200200200200e+00	1.1325700000000001e-03
3.7300300300300302e+00	1.1356599999999999e-03
3.7300400400400400e+00	1.1387700000000001e-03
3.7300500500500502e+00	1.1418900000000000e-03
3.7300600600600600e+00	1.1450099999999999e-03
3.7300700700700702e+00	1.1481600000000001e-03
3.7300800800800800e+00	1.1513100000000000e-03
3.7300900900900902e+00	1.1544700000000001e-03
3.7301001001001000e+00	1.1576500000000001e-03
3.7301101101101102e+00	1.1608400000000000e-03
3.7301201201201200e+00	1.1640400000000001e-03
3.7301301301301302e+00	1.1672600000000000e-03
3.7301401401401399e+00	1.1704800000000000e-03
3.7301501501501502e+00	1.1737200000000001e-03
3.7301601601601599e+00	1.1769800000000000e-03
3.7301701701701702e+00	1.1802399999999999e-03
3.7301801801801804e+00	1.1835200000000000e-03
3.7301901901901902e+00	1.1868200000000001e-03
3.7302002002002004e+00	1.1901200000000000e-03
3.7302102102102102e+00	1.1934500000000000e-03
3.7302202202202204e+00	1.1967799999999999e-03
3.7302302302302301e+00	1.2001300000000000e-03
3.7302402402402404e+00	1.2034900000000000e-03
3.7302502502502501e+00	1.2068700000000001e-03
3.7302602602602604e+00	1.2102599999999999e-03
3.7302702702702701e+00	1.2136700000000000e-03
3.7302802802802804e+00	1.2170900000000001e-03
3.7302902902902901e+00	1.2205300000000001e-03
3.7303003003003004e+00	1.2239799999999999e-03
3.7303103103103101e+00	1.2274499999999999e-03
3.7303203203203203e+00	1.2309300000000001e-03
3.7303303303303301e+00	1.2344299999999999e-03
3.7303403403403403e+00	1.2379400000000001e-03
3.7303503503503501e+00	1.2414699999999999e-03
3.7303603603603603e+00	1.2450199999999999e-03
3.7303703703703706e+00	1.2485800000000000e-03
3.7303803803803803e+00	1.2521600000000000e-03
3.7303903903903906e+00	1.2557600000000001e-03
3.7304004004004003e+00	1.2593800000000000e-03
3.7304104104104105e+00	1.2630100000000000e-03
3.7304204204204203e+00	1.2666600000000000e-03
3.7304304304304305e+00	1.2703199999999999e-03
3.7304404404404403e+00	1.2740099999999999e-03
3.7304504504504505e+00	1.2777100000000000e-03
3.7304604604604603e+00	1.2814400000000000e-03
3.7304704704704705e+00	1.2851799999999999e-03
3.7304804804804803e+00	1.2889399999999999e-03
3.7304904904904905e+00	1.2927100000000001e-03
3.7305005005005003e+00	1.2965100000000001e-03
3.7305105105105105e+00	1.3003299999999999e-03
3.7305205205205203e+00	1.3041699999999999e-03
3.7305305305305305e+00	1.3080300000000000e-03
3.7305405405405407e+00	1.3119000000000000e-03
3.7305505505505505e+00	1.3158000000000000e-03
3.7305605605605607e+00	1.3197199999999999e-03
3.7305705705705705e+00	1.3236599999999999e-03
3.7305805805805807e+00	1.3276300000000000e-03
3.7305905905905905e+00	1.3316100000000000e-03
3.7306006006006007e+00	1.3356200000000000e-03
3.7306106106106105e+00	1.3396500000000000e-03
3.7306206206206207e+00	1.3437000000000000e-03
3.7306306306306305e+00	1.3477700000000001e-03
3.7306406406406407e+00	1.3518700000000000e-03
3.7306506506506505e+00	1.3559900000000001e-03
3.7306606606606607e+00	1.3601399999999999e-03
3.7306706706706705e+00	1.3643100000000001e-03
3.7306806806806807e+00	1.3685100000000001e-03
3.7306906906906905e+00	1.3727300000000000e-03
3.7307007007007007e+00	1.3769699999999999e-03
3.7307107107107109e+00	1.3812399999999999e-03
3.7307207207207207e+00	1.3855400000000000e-03
3.7307307307307309e+00	1.3898700000000001e-03
3.7307407407407407e+00	1.3942200000000001e-03
3.7307507507507509e+00	1.3986000000000001e-03
3.7307607607607607e+00	1.4030100000000001e-03
3.7307707707707709e+00	1.4074400000000000e-03
3.7307807807807807e+00	1.4119000000000000e-03
3.7307907907907909e+00	1.4164000000000000e-03
3.7308008008008007e+00	1.4209200000000000e-03
3.7308108108108109e+00	1.4254700000000001e-03
3.7308208208208207e+00	1.4300599999999999e-03
3.7308308308308309e+00	1.4346700000000001e-03
3.7308408408408407e+00	1.4393200000000000e-03
3.7308508508508509e+00	1.4439900000000000e-03
3.7308608608608607e+00	1.4487100000000000e-03
3.7308708708708709e+00	1.4534500000000000e-03
3.7308808808808811e+00	1.4582300000000000e-03
3.7308908908908909e+00	1.4630400000000001e-03
3.7309009009009011e+00	1.4678800000000000e-03
3.7309109109109109e+00	1.4727600000000000e-03
3.7309209209209211e+00	1.4776800000000001e-03
3.7309309309309309e+00	1.4826399999999999e-03
3.7309409409409411e+00	1.4876300000000000e-03
3.7309509509509509e+00	1.4926600000000000e-03
3.7309609609609611e+00	1.4977199999999999e-03
3.7309709709709709e+00	1.5028299999999999e-03
3.7309809809809811e+00	1.5079799999999999e-03
3.7309909909909909e+00	1.5131700000000001e-03
3.7310010010010011e+00	1.5184000000000000e-03
3.7310110110110108e+00	1.5236700000000000e-03
3.7310210210210211e+00	1.5289800000000001e-03
3.7310310310310308e+00	1.5343399999999999e-03
3.7310410410410411e+00	1.5397399999999999e-03
3.7310510510510508e+00	1.5451900000000001e-03
3.7310610610610611e+00	1.5506800000000000e-03
3.7310710710710713e+00	1.5562200000000001e-03
3.7310810810810811e+00	1.5618100000000001e-03
3.7310910910910913e+00	1.5674500000000000e-03
3.7311011011011010e+00	1.5731400000000000e-03
3.7311111111111113e+00	1.5788800000000000e-03
3.7311211211211210e+00	1.5846700000000000e-03
3.7311311311311313e+00	1.5905200000000000e-03
3.7311411411411410e+00	1.5964200000000001e-03
3.7311511511511513e+00	1.6023700000000001e-03
3.7311611611611610e+00	1.6083800000000000e-03
3.7311711711711713e+00	1.6144499999999999e-03
3.7311811811811810e+00	1.6205799999999999e-03
3.7311911911911912e+00	1.6267700000000000e-03
3.7312012012012010e+00	1.6330200000000000e-03
3.7312112112112112e+00	1.6393300000000000e-03
3.7312212212212210e+00	1.6457100000000001e-03
3.7312312312312312e+00	1.6521500000000000e-03
3.7312412412412415e+00	1.6586600000000000e-03
3.7312512512512512e+00	1.6652399999999999e-03
3.7312612612612615e+00	1.6719000000000000e-03
3.7312712712712712e+00	1.6786200000000000e-03
3.7312812812812814e+00	1.6854200000000000e-03
3.7312912912912912e+00	1.6922899999999999e-03
3.7313013013013014e+00	1.6992400000000001e-03
3.7313113113113112e+00	1.7062700000000000e-03
3.7313213213213214e+00	1.7133900000000000e-03
3.7313313313313312e+00	1.7205800000000000e-03
3.7313413413413414e+00	1.7278700000000001e-03
3.7313513513513512e+00	1.7352400000000001e-03
3.7313613613613614e+00	1.7427000000000000e-03
3.7313713713713712e+00	1.7502600000000000e-03
3.7313813813813814e+00	1.7579099999999999e-03
3.7313913913913912e+00	1.7656600000000001e-03
3.7314014014014014e+00	1.7735200000000000e-03
3.7314114114114116e+00	1.7814700000000001e-03
3.7314214214214214e+00	1.7895400000000001e-03
3.7314314314314316e+00	1.7977100000000001e-03
3.7314414414414414e+00	1.8060000000000001e-03
3.7314514514514516e+00	1.8144100000000000e-03
3.7314614614614614e+00	1.8229400000000001e-03
3.7314714714714716e+00	1.8315899999999999e-03
3.7314814814814814e+00	1.8403700000000000e-03
3.7314914914914916e+00	1.8492800000000000e-03
3.7315015015015014e+00	1.8583400000000000e-03
3.7315115115115116e+00	1.8675300000000001e-03
3.7315215215215214e+00	1.8768700000000001e-03
3.7315315315315316e+00	1.8863700000000001e-03
3.7315415415415414e+00	1.8960200000000000e-03
3.7315515515515516e+00	1.9058300000000001e-03
3.7315615615615614e+00	1.9158199999999999e-03
3.7315715715715716e+00	1.9259800000000001e-03
3.7315815815815818e+00	1.9363200000000001e-03
3.7315915915915916e+00	1.9468500000000000e-03
3.7316016016016018e+00	1.9575800000000000e-03
3.7316116116116116e+00	1.9685200000000001e-03
3.7316216216216218e+00	1.9796599999999998e-03
3.7316316316316316e+00	1.9910300000000000e-03
3.7316416416416418e+00	2.0026400000000000e-03
3.7316516516516516e+00	2.0144799999999999e-03
3.7316616616616618e+00	2.0265800000000000e-03
3.7316716716716716e+00	2.0389499999999999e-03
3.7316816816816818e+00	2.0515899999999998e-03
3.7316916916916916e+00	2.0645199999999998e-03
3.7317017017017018e+00	2.0777600000000001e-03
3.7317117117117116e+00	2.0913199999999998e-03
3.7317217217217218e+00	2.1052200000000001e-03
3.7317317317317316e+00	2.1194700000000000e-03
3.7317417417417418e+00	2.1340999999999999e-03
3.7317517517517516e+00	2.1491300000000000e-03
3.7317617617617618e+00	2.1645700000000002e-03
3.7317717717717720e+00	2.1804500000000000e-03
3.7317817817817818e+00	2.1968100000000000e-03
3.7317917917917920e+00	2.2136600000000001e-03
3.7318018018018018e+00	2.2310500000000000e-03
3.7318118118118120e+00	2.2490000000000001e-03
3.7318218218218218e+00	2.2675600000000001e-03
3.7318318318318320e+00	2.2867600000000001e-03
3.7318418418418418e+00	2.3066499999999999e-03
3.7318518518518520e+00	2.3273000000000000e-03
3.7318618618618618e+00	2.3487400000000002e-03
3.7318718718718720e+00	2.3710500000000000e-03
3.7318818818818817e+00	2.3942899999999999e-03
3.7318918918918920e+00	2.4185500000000002e-03
3.7319019019019017e+00	2.4439200000000000e-03
3.7319119119119120e+00	2.4704900000000001e-03
3.7319219219219217e+00	2.4983900000000001e-03
3.7319319319319320e+00	2.5277300000000002e-03
3.7319419419419422e+00	2.5586699999999999e-03
3.7319519519519520e+00	2.5913899999999998e-03
3.7319619619619622e+00	2.6260699999999999e-03
3.7319719719719719e+00	2.6629399999999999e-03
3.7319819819819822e+00	2.7022800000000000e-03
3.7319919919919919e+00	2.7443900000000002e-03
3.7320020020020022e+00	2.7896499999999999e-03
3.7320120120120119e+00	2.8384899999999999e-03
3.7320220220220222e+00	2.8914499999999998e-03
3.7320320320320319e+00	2.9491700000000001e-03
3.7320420420420422e+00	3.0124399999999999e-03
3.7320520520520519e+00	3.0822200000000001e-03
3.7320620620620621e+00	3.1597499999999998e-03
3.7320720720720719e+00	3.2465500000000000e-03
3.7320820820820821e+00	3.3446299999999999e-03
3.7320920920920919e+00	3.4565799999999999e-03
3.7321021021021021e+00	3.5858900000000000e-03
3.7321121121121124e+00	3.7373100000000002e-03
3.7321221221221221e+00	3.9174600000000002e-03
3.7321321321321324e+00	4.1359200000000004e-03
3.7321421421421421e+00	4.4070200000000002e-03
3.7321521521521523e+00	4.7530899999999997e-03
3.7321621621621621e+00	5.2109399999999998e-03
3.7321721721721723e+00	5.8454400000000004e-03
3.7321821821821821e+00	6.7817299999999997e-03
3.7321921921921923e+00	8.2927200000000000e-03
3.7322022022022021e+00	1.1091500000000001e-02
3.7322122122122123e+00	1.7677499999999999e-02
3.7322222222222221e+00	4.3706000000000002e-02
3.7322322322322323e+00	4.2437500000000000e-01
3.7322422422422421e+00	1.8320900000000001e-02
3.7322522522522523e+00	1.8404500000000000e-03
3.7322622622622621e+00	1.4296000000000000e-04
3.7322722722722723e+00	1.2131699999999999e-05
3.7322822822822825e+00	1.6284700000000001e-04
3.7322922922922923e+00	3.6012600000000000e-04
3.7323023023023025e+00	5.4998000000000004e-04
3.7323123123123123e+00	7.2053600000000003e-04
3.7323223223223225e+00	8.7109899999999996e-04
3.7323323323323323e+00	1.0038899999999999e-03
3.7323423423423425e+00	1.1216200000000000e-03
3.7323523523523523e+00	1.2267700000000001e-03
3.7323623623623625e+00	1.3214900000000000e-03
3.7323723723723723e+00	1.4074999999999999e-03
3.7323823823823825e+00	1.4862400000000000e-03
3.7323923923923923e+00	1.5588799999999999e-03
3.7324024024024025e+00	1.6263700000000000e-03
3.7324124124124123e+00	1.6895000000000000e-03
3.7324224224224225e+00	1.7489300000000001e-03
3.7324324324324323e+00	1.8051899999999999e-03
3.7324424424424425e+00	1.8587499999999999e-03
3.7324524524524523e+00	1.9100000000000000e-03
3.7324624624624625e+00	1.9592699999999999e-03
3.7324724724724727e+00	2.0068500000000001e-03
3.7324824824824825e+00	2.0530000000000001e-03
3.7324924924924927e+00	2.0979200000000001e-03
3.7325025025025025e+00	2.1418100000000001e-03
3.7325125125125127e+00	2.1848499999999999e-03
3.7325225225225225e+00	2.2271700000000001e-03
3.7325325325325327e+00	2.2689300000000002e-03
3.7325425425425425e+00	2.3102399999999999e-03
3.7325525525525527e+00	2.3512099999999998e-03
3.7325625625625625e+00	2.3919599999999998e-03
3.7325725725725727e+00	2.4325800000000002e-03
3.7325825825825825e+00	2.4731499999999999e-03
3.7325925925925927e+00	2.5137599999999999e-03
3.7326026026026025e+00	2.5544999999999999e-03
3.7326126126126127e+00	2.5954400000000001e-03
3.7326226226226225e+00	2.6366499999999999e-03
3.7326326326326327e+00	2.6782099999999999e-03
3.7326426426426429e+00	2.7201899999999999e-03
3.7326526526526527e+00	2.7626500000000002e-03
3.7326626626626629e+00	2.8056700000000001e-03
3.7326726726726727e+00	2.8493099999999999e-03
3.7326826826826829e+00	2.8936500000000002e-03
3.7326926926926927e+00	2.9387500000000000e-03
3.7327027027027029e+00	2.9846800000000000e-03
3.7327127127127127e+00	3.0315099999999998e-03
3.7327227227227229e+00	3.0793299999999999e-03
3.7327327327327327e+00	3.1281999999999998e-03
3.7327427427427429e+00	3.1782099999999999e-03
3.7327527527527526e+00	3.2294400000000001e-03
3.7327627627627629e+00	3.2819699999999999e-03
3.7327727727727726e+00	3.3358900000000002e-03
3.7327827827827829e+00	3.3912999999999999e-03
3.7327927927927926e+00	3.4482900000000001e-03
3.7328028028028029e+00	3.5069799999999998e-03
3.7328128128128131e+00	3.5674700000000001e-03
3.7328228228228229e+00	3.6298799999999998e-03
3.7328328328328331e+00	3.6943400000000000e-03
3.7328428428428428e+00	3.7609700000000002e-03
3.7328528528528531e+00	3.8299300000000001e-03
3.7328628628628628e+00	3.9013600000000000e-03
3.7328728728728731e+00	3.9754300000000003e-03
3.7328828828828828e+00	4.0523199999999999e-03
3.7328928928928931e+00	4.1322099999999999e-03
3.7329029029029028e+00	4.2153199999999998e-03
3.7329129129129131e+00	4.3018600000000002e-03
3.7329229229229228e+00	4.3920699999999997e-03
3.7329329329329330e+00	4.4862100000000000e-03
3.7329429429429428e+00	4.5845800000000004e-03
3.7329529529529530e+00	4.6874700000000000e-03
3.7329629629629628e+00	4.7952300000000002e-03
3.7329729729729730e+00	4.9082199999999996e-03
3.7329829829829833e+00	5.0268600000000002e-03
3.7329929929929930e+00	5.1515700000000003e-03
3.7330030030030033e+00	5.2828700000000003e-03
3.7330130130130130e+00	5.4212799999999997e-03
3.7330230230230232e+00	5.5674100000000001e-03
3.7330330330330330e+00	5.7219200000000001e-03
3.7330430430430432e+00	5.8855399999999999e-03
3.7330530530530530e+00	6.0591100000000004e-03
3.7330630630630632e+00	6.2435299999999997e-03
3.7330730730730730e+00	6.4398499999999996e-03
3.7330830830830832e+00	6.6492100000000000e-03
3.7330930930930930e+00	6.8729200000000002e-03
3.7331031031031032e+00	7.1124800000000000e-03
3.7331131131131130e+00	7.3695399999999999e-03
3.7331231231231232e+00	7.6460199999999999e-03
3.7331331331331330e+00	7.9441200000000007e-03
3.7331431431431432e+00	8.2663400000000005e-03
3.7331531531531530e+00	8.6155899999999994e-03
3.7331631631631632e+00	8.9952100000000000e-03
3.7331731731731734e+00	9.4091200000000000e-03
3.7331831831831832e+00	9.8618999999999998e-03
3.7331931931931934e+00	1.0358900000000001e-02
3.7332032032032032e+00	1.0906600000000001e-02
3.7332132132132134e+00	1.1512400000000001e-02
3.7332232232232232e+00	1.2185500000000000e-02
3.7332332332332334e+00	1.2936899999999999e-02
3.7332432432432432e+00	1.3779899999999999e-02
3.7332532532532534e+00	1.4730999999999999e-02
3.7332632632632632e+00	1.5810299999999999e-02
3.7332732732732734e+00	1.7043400000000000e-02
3.7332832832832832e+00	1.8462099999999999e-02
3.7332932932932934e+00	2.0107699999999999e-02
3.7333033033033032e+00	2.2033100000000000e-02
3.7333133133133134e+00	2.4308000000000000e-02
3.7333233233233232e+00	2.7025500000000001e-02
3.7333333333333334e+00	3.0311800000000000e-02
3.7333433433433436e+00	3.4341200000000002e-02
3.7333533533533534e+00	3.9359999999999999e-02
3.7333633633633636e+00	4.5723699999999999e-02
3.7333733733733734e+00	5.3958699999999998e-02
3.7333833833833836e+00	6.4865000000000006e-02
3.7333933933933934e+00	7.9691799999999993e-02
3.7334034034034036e+00	1.0043299999999999e-01
3.7334134134134134e+00	1.3030400000000000e-01
3.7334234234234236e+00	1.7431500000000000e-01
3.7334334334334334e+00	2.3900700000000000e-01
3.7334434434434436e+00	3.2672600000000002e-01
3.7334534534534534e+00	4.1380099999999997e-01
3.7334634634634636e+00	4.3336100000000000e-01
3.7334734734734734e+00	3.5767500000000002e-01
3.7334834834834836e+00	2.5307000000000002e-01
3.7334934934934934e+00	1.7084900000000000e-01
3.7335035035035036e+00	1.1642600000000000e-01
3.7335135135135138e+00	8.1569799999999998e-02
3.7335235235235236e+00	5.8904900000000003e-02
3.7335335335335338e+00	4.3729499999999998e-02
3.7335435435435436e+00	3.3246900000000003e-02
3.7335535535535538e+00	2.5792400000000000e-02
3.7335635635635636e+00	2.0352300000000000e-02
3.7335735735735738e+00	1.6291600000000000e-02
3.7335835835835836e+00	1.3200200000000000e-02
3.7335935935935938e+00	1.0806100000000001e-02
3.7336036036036035e+00	8.9241100000000007e-03
3.7336136136136138e+00	7.4251999999999999e-03
3.7336236236236235e+00	6.2175900000000003e-03
3.7336336336336338e+00	5.2347499999999998e-03
3.7336436436436435e+00	4.4276599999999999e-03
3.7336536536536538e+00	3.7595900000000002e-03
3.7336636636636635e+00	3.2026799999999998e-03
3.7336736736736738e+00	2.7355200000000000e-03
3.7336836836836835e+00	2.3414500000000001e-03
3.7336936936936937e+00	2.0073800000000000e-03
3.7337037037037040e+00	1.7229400000000001e-03
3.7337137137137137e+00	1.4798100000000000e-03
3.7337237237237240e+00	1.2712900000000000e-03
3.7337337337337337e+00	1.0919199999999999e-03
3.7337437437437440e+00	9.3725199999999996e-04
3.7337537537537537e+00	8.0359200000000000e-04
3.7337637637637640e+00	6.8789500000000000e-04
3.7337737737737737e+00	5.8761499999999999e-04
3.7337837837837839e+00	5.0062100000000003e-04
3.7337937937937937e+00	4.2511399999999998e-04
3.7338038038038039e+00	3.5957600000000001e-04
3.7338138138138137e+00	3.0271200000000001e-04
3.7338238238238239e+00	2.5342099999999998e-04
3.7338338338338337e+00	2.1075700000000000e-04
3.7338438438438439e+00	1.7390700000000000e-04
3.7338538538538537e+00	1.4216899999999999e-04
3.7338638638638639e+00	1.1493700000000000e-04
3.7338738738738741e+00	9.1684100000000005e-05
3.7338838838838839e+00	7.1950000000000001e-05
3.7338938938938941e+00	5.5334400000000003e-05
3.7339039039039039e+00	4.1486400000000003e-05
3.7339139139139141e+00	3.0097899999999999e-05
3.7339239239239239e+00	2.0897999999999999e-05
3.7339339339339341e+00	1.3647800000000000e-05
3.7339439439439439e+00	8.1362199999999998e-06
3.7339539539539541e+00	4.1764700000000002e-06
3.7339639639639639e+00	1.6028299999999999e-06
3.7339739739739741e+00	2.6806900000000002e-07
3.7339839839839839e+00	4.1151100000000001e-08
3.7339939939939941e+00	8.0525099999999996e-07
3.7340040040040039e+00	2.4560700000000001e-06
3.7340140140140141e+00	4.9003299999999999e-06
3.7340240240240239e+00	8.0545500000000007e-06
3.7340340340340341e+00	1.1843900000000000e-05
3.7340440440440443e+00	1.6201000000000000e-05
3.7340540540540541e+00	2.1065700000000001e-05
3.7340640640640643e+00	2.6383499999999999e-05
3.7340740740740741e+00	3.2105600000000000e-05
3.7340840840840843e+00	3.8187700000000000e-05
3.7340940940940941e+00	4.4590199999999999e-05
3.7341041041041043e+00	5.1276999999999997e-05
3.7341141141141141e+00	5.8215799999999999e-05
3.7341241241241243e+00	6.5376999999999994e-05
3.7341341341341341e+00	7.2734199999999999e-05
3.7341441441441443e+00	8.0263200000000001e-05
3.7341541541541541e+00	8.7942300000000000e-05
3.7341641641641643e+00	9.5751699999999993e-05
3.7341741741741741e+00	1.0367299999999999e-04
3.7341841841841843e+00	1.1169100000000000e-04
3.7341941941941941e+00	1.1979100000000001e-04
3.7342042042042043e+00	1.2795800000000001e-04
3.7342142142142145e+00	1.3618100000000000e-04
3.7342242242242243e+00	1.4444900000000000e-04
3.7342342342342345e+00	1.5275200000000000e-04
3.7342442442442443e+00	1.6108000000000000e-04
3.7342542542542545e+00	1.6942600000000000e-04
3.7342642642642643e+00	1.7778200000000000e-04
3.7342742742742745e+00	1.8614099999999999e-04
3.7342842842842843e+00	1.9449699999999999e-04
3.7342942942942945e+00	2.0284500000000000e-04
3.7343043043043043e+00	2.1117900000000001e-04
3.7343143143143145e+00	2.1949500000000000e-04
3.7343243243243243e+00	2.2778900000000000e-04
3.7343343343343345e+00	2.3605699999999999e-04
3.7343443443443443e+00	2.4429600000000002e-04
3.7343543543543545e+00	2.5250199999999999e-04
3.7343643643643643e+00	2.6067400000000002e-04
3.7343743743743745e+00	2.6880799999999999e-04
3.7343843843843842e+00	2.7690199999999999e-04
3.7343943943943945e+00	2.8495499999999998e-04
3.7344044044044047e+00	2.9296500000000001e-04
3.7344144144144145e+00	3.0092999999999998e-04
3.7344244244244247e+00	3.0884899999999998e-04
3.7344344344344345e+00	3.1672100000000001e-04
3.7344444444444447e+00	3.2454400000000002e-04
3.7344544544544545e+00	3.3231899999999997e-04
3.7344644644644647e+00	3.4004300000000000e-04
3.7344744744744744e+00	3.4771699999999999e-04
3.7344844844844847e+00	3.5533899999999998e-04
3.7344944944944944e+00	3.6290999999999998e-04
3.7345045045045047e+00	3.7042899999999997e-04
3.7345145145145144e+00	3.7789600000000002e-04
3.7345245245245247e+00	3.8531100000000000e-04
3.7345345345345344e+00	3.9267300000000001e-04
3.7345445445445447e+00	3.9998200000000001e-04
3.7345545545545544e+00	4.0723900000000000e-04
3.7345645645645646e+00	4.1444399999999998e-04
3.7345745745745749e+00	4.2159599999999999e-04
3.7345845845845846e+00	4.2869499999999999e-04
3.7345945945945949e+00	4.3574299999999999e-04
3.7346046046046046e+00	4.4273899999999999e-04
3.7346146146146149e+00	4.4968299999999998e-04
3.7346246246246246e+00	4.5657500000000003e-04
3.7346346346346349e+00	4.6341600000000002e-04
3.7346446446446446e+00	4.7020699999999999e-04
3.7346546546546548e+00	4.7694700000000003e-04
3.7346646646646646e+00	4.8363699999999998e-04
3.7346746746746748e+00	4.9027700000000001e-04
3.7346846846846846e+00	4.9686800000000003e-04
3.7346946946946948e+00	5.0341000000000003e-04
3.7347047047047046e+00	5.0990400000000004e-04
3.7347147147147148e+00	5.1634900000000004e-04
3.7347247247247246e+00	5.2274699999999995e-04
3.7347347347347348e+00	5.2909699999999997e-04
3.7347447447447450e+00	5.3540100000000002e-04
3.7347547547547548e+00	5.4165799999999998e-04
3.7347647647647650e+00	5.4787000000000000e-04
3.7347747747747748e+00	5.5403600000000005e-04
3.7347847847847850e+00	5.6015700000000004e-04
3.7347947947947948e+00	5.6623399999999999e-04
3.7348048048048050e+00	5.7226700000000000e-04
3.7348148148148148e+00	5.7825699999999999e-04
3.7348248248248250e+00	5.8420300000000004e-04
3.7348348348348348e+00	5.9010699999999998e-04
3.7348448448448450e+00	5.9596800000000000e-04
3.7348548548548548e+00	6.0178800000000002e-04
3.7348648648648650e+00	6.0756700000000005e-04
3.7348748748748748e+00	6.1330499999999997e-04
3.7348848848848850e+00	6.1900400000000004e-04
3.7348948948948948e+00	6.2466200000000000e-04
3.7349049049049050e+00	6.3028100000000001e-04
3.7349149149149152e+00	6.3586100000000004e-04
3.7349249249249250e+00	6.4140300000000003e-04
3.7349349349349352e+00	6.4690699999999995e-04
3.7349449449449450e+00	6.5237300000000004e-04
3.7349549549549552e+00	6.5780199999999997e-04
3.7349649649649650e+00	6.6319500000000000e-04
3.7349749749749752e+00	6.6855199999999999e-04
3.7349849849849850e+00	6.7387299999999996e-04
3.7349949949949952e+00	6.7915800000000002e-04
3.7350050050050050e+00	6.8440899999999997e-04
3.7350150150150152e+00	6.8962500000000003e-04
3.7350250250250250e+00	6.9480699999999998e-04
3.7350350350350352e+00	6.9995599999999995e-04
3.7350450450450450e+00	7.0507100000000004e-04
3.7350550550550552e+00	7.1015399999999995e-04
3.7350650650650650e+00	7.1520399999999999e-04
3.7350750750750752e+00	7.2022199999999996e-04
3.7350850850850850e+00	7.2520799999999997e-04
3.7350950950950952e+00	7.3016300000000004e-04
3.7351051051051054e+00	7.3508799999999995e-04
3.7351151151151152e+00	7.3998100000000002e-04
3.7351251251251254e+00	7.4484499999999995e-04
3.7351351351351352e+00	7.4967800000000004e-04
3.7351451451451454e+00	7.5448300000000002e-04
3.7351551551551552e+00	7.5925799999999996e-04
3.7351651651651654e+00	7.6400500000000000e-04
3.7351751751751752e+00	7.6872300000000002e-04
3.7351851851851854e+00	7.7341300000000003e-04
3.7351951951951952e+00	7.7807500000000003e-04
3.7352052052052054e+00	7.8271000000000005e-04
3.7352152152152152e+00	7.8731799999999996e-04
3.7352252252252254e+00	7.9189899999999999e-04
3.7352352352352352e+00	7.9645400000000004e-04
3.7352452452452454e+00	8.0098300000000001e-04
3.7352552552552551e+00	8.0548600000000001e-04
3.7352652652652654e+00	8.0996300000000002e-04
3.7352752752752756e+00	8.1441499999999997e-04
3.7352852852852854e+00	8.1884299999999998e-04
3.7352952952952956e+00	8.2324600000000003e-04
3.7353053053053054e+00	8.2762400000000000e-04
3.7353153153153156e+00	8.3197900000000005e-04
3.7353253253253254e+00	8.3630900000000003e-04
3.7353353353353356e+00	8.4061699999999999e-04
3.7353453453453453e+00	8.4490100000000001e-04
3.7353553553553556e+00	8.4916199999999999e-04
3.7353653653653653e+00	8.5340100000000005e-04
3.7353753753753756e+00	8.5761699999999997e-04
3.7353853853853853e+00	8.6181099999999998e-04
3.7353953953953956e+00	8.6598299999999997e-04
3.7354054054054053e+00	8.7013399999999995e-04
3.7354154154154156e+00	8.7426300000000001e-04
3.7354254254254253e+00	8.7837099999999997e-04
3.7354354354354355e+00	8.8245800000000003e-04
3.7354454454454458e+00	8.8652499999999999e-04
3.7354554554554555e+00	8.9057100000000005e-04
3.7354654654654658e+00	8.9459700000000001e-04
3.7354754754754755e+00	8.9860299999999999e-04
3.7354854854854858e+00	9.0258899999999997e-04
3.7354954954954955e+00	9.0655599999999999e-04
3.7355055055055058e+00	9.1050300000000001e-04
3.7355155155155155e+00	9.1443199999999996e-04
3.7355255255255257e+00	9.1834100000000004e-04
3.7355355355355355e+00	9.2223200000000004e-04
3.7355455455455457e+00	9.2610399999999997e-04
3.7355555555555555e+00	9.2995899999999995e-04
3.7355655655655657e+00	9.3379499999999996e-04
3.7355755755755755e+00	9.3761300000000001e-04
3.7355855855855857e+00	9.4141400000000001e-04
3.7355955955955955e+00	9.4519700000000005e-04
3.7356056056056057e+00	9.4896300000000004e-04
3.7356156156156159e+00	9.5271199999999998e-04
3.7356256256256257e+00	9.5644399999999998e-04
3.7356356356356359e+00	9.6015900000000003e-04
3.7356456456456457e+00	9.6385800000000005e-04
3.7356556556556559e+00	9.6754000000000002e-04
3.7356656656656657e+00	9.7120599999999996e-04
3.7356756756756759e+00	9.7485599999999996e-04
3.7356856856856857e+00	9.7849099999999995e-04
3.7356956956956959e+00	9.8210900000000011e-04
3.7357057057057057e+00	9.8571300000000004e-04
3.7357157157157159e+00	9.8930000000000003e-04
3.7357257257257257e+00	9.9287300000000002e-04
3.7357357357357359e+00	9.9643100000000010e-04
3.7357457457457457e+00	9.9997400000000005e-04
3.7357557557557559e+00	1.0035000000000001e-03
3.7357657657657657e+00	1.0070200000000000e-03
3.7357757757757759e+00	1.0105100000000001e-03
3.7357857857857857e+00	1.0139999999999999e-03
3.7357957957957959e+00	1.0174699999999999e-03
3.7358058058058061e+00	1.0209300000000000e-03
3.7358158158158159e+00	1.0243699999999999e-03
3.7358258258258261e+00	1.0277999999999999e-03
3.7358358358358359e+00	1.0312100000000001e-03
3.7358458458458461e+00	1.0346200000000000e-03
3.7358558558558559e+00	1.0380100000000000e-03
3.7358658658658661e+00	1.0413800000000000e-03
3.7358758758758759e+00	1.0447399999999999e-03
3.7358858858858861e+00	1.0480900000000000e-03
3.7358958958958959e+00	1.0514299999999999e-03
3.7359059059059061e+00	1.0547600000000001e-03
3.7359159159159159e+00	1.0580699999999999e-03
3.7359259259259261e+00	1.0613700000000001e-03
3.7359359359359359e+00	1.0646600000000000e-03
3.7359459459459461e+00	1.0679299999999999e-03
3.7359559559559559e+00	1.0712000000000000e-03
3.7359659659659661e+00	1.0744500000000000e-03
3.7359759759759763e+00	1.0776900000000001e-03
3.7359859859859861e+00	1.0809100000000000e-03
3.7359959959959963e+00	1.0841300000000000e-03
3.7360060060060061e+00	1.0873400000000000e-03
3.7360160160160163e+00	1.0905299999999999e-03
3.7360260260260261e+00	1.0937099999999999e-03
3.7360360360360363e+00	1.0968799999999999e-03
3.7360460460460461e+00	1.1000400000000000e-03
3.7360560560560563e+00	1.1031900000000000e-03
3.7360660660660661e+00	1.1063300000000000e-03
3.7360760760760763e+00	1.1094600000000000e-03
3.7360860860860861e+00	1.1125799999999999e-03
3.7360960960960963e+00	1.1156899999999999e-03
3.7361061061061061e+00	1.1187800000000000e-03
3.7361161161161163e+00	1.1218700000000001e-03
3.7361261261261260e+00	1.1249400000000001e-03
3.7361361361361363e+00	1.1280100000000000e-03
3.7361461461461465e+00	1.1310700000000001e-03
3.7361561561561563e+00	1.1341100000000000e-03
3.7361661661661665e+00	1.1371500000000000e-03
3.7361761761761763e+00	1.1401700000000000e-03
3.7361861861861865e+00	1.1431900000000001e-03
3.7361961961961963e+00	1.1462000000000000e-03
3.7362062062062065e+00	1.1492000000000000e-03
3.7362162162162162e+00	1.1521800000000000e-03
3.7362262262262265e+00	1.1551599999999999e-03
3.7362362362362362e+00	1.1581300000000001e-03
3.7362462462462465e+00	1.1610900000000000e-03
3.7362562562562562e+00	1.1640500000000000e-03
3.7362662662662665e+00	1.1669899999999999e-03
3.7362762762762762e+00	1.1699200000000001e-03
3.7362862862862865e+00	1.1728500000000000e-03
3.7362962962962962e+00	1.1757600000000001e-03
3.7363063063063064e+00	1.1786699999999999e-03
3.7363163163163167e+00	1.1815700000000001e-03
3.7363263263263264e+00	1.1844600000000000e-03
3.7363363363363367e+00	1.1873400000000001e-03
3.7363463463463464e+00	1.1902099999999999e-03
3.7363563563563567e+00	1.1930800000000000e-03
3.7363663663663664e+00	1.1959399999999999e-03
3.7363763763763767e+00	1.1987800000000000e-03
3.7363863863863864e+00	1.2016300000000000e-03
3.7363963963963966e+00	1.2044600000000001e-03
3.7364064064064064e+00	1.2072800000000000e-03
3.7364164164164166e+00	1.2101000000000000e-03
3.7364264264264264e+00	1.2129100000000000e-03
3.7364364364364366e+00	1.2157100000000001e-03
3.7364464464464464e+00	1.2185000000000000e-03
3.7364564564564566e+00	1.2212900000000001e-03
3.7364664664664664e+00	1.2240700000000001e-03
3.7364764764764766e+00	1.2268400000000001e-03
3.7364864864864864e+00	1.2296000000000000e-03
3.7364964964964966e+00	1.2323600000000001e-03
3.7365065065065068e+00	1.2351100000000000e-03
3.7365165165165166e+00	1.2378500000000000e-03
3.7365265265265268e+00	1.2405800000000000e-03
3.7365365365365366e+00	1.2433100000000001e-03
3.7365465465465468e+00	1.2460300000000000e-03
3.7365565565565566e+00	1.2487399999999999e-03
3.7365665665665668e+00	1.2514500000000001e-03
3.7365765765765766e+00	1.2541500000000001e-03
3.7365865865865868e+00	1.2568400000000000e-03
3.7365965965965966e+00	1.2595300000000000e-03
3.7366066066066068e+00	1.2622099999999999e-03
3.7366166166166166e+00	1.2648799999999999e-03
3.7366266266266268e+00	1.2675399999999999e-03
3.7366366366366366e+00	1.2702000000000000e-03
3.7366466466466468e+00	1.2728600000000000e-03
3.7366566566566566e+00	1.2754999999999999e-03
3.7366666666666668e+00	1.2781400000000001e-03
3.7366766766766770e+00	1.2807800000000000e-03
3.7366866866866868e+00	1.2834000000000001e-03
3.7366966966966970e+00	1.2860199999999999e-03
3.7367067067067068e+00	1.2886400000000000e-03
3.7367167167167170e+00	1.2912500000000001e-03
3.7367267267267268e+00	1.2938500000000000e-03
3.7367367367367370e+00	1.2964400000000000e-03
3.7367467467467468e+00	1.2990300000000001e-03
3.7367567567567570e+00	1.3016200000000001e-03
3.7367667667667668e+00	1.3041999999999999e-03
3.7367767767767770e+00	1.3067700000000001e-03
3.7367867867867868e+00	1.3093300000000000e-03
3.7367967967967970e+00	1.3118900000000000e-03
3.7368068068068068e+00	1.3144500000000000e-03
3.7368168168168170e+00	1.3170000000000000e-03
3.7368268268268268e+00	1.3195399999999999e-03
3.7368368368368370e+00	1.3220800000000000e-03
3.7368468468468472e+00	1.3246099999999999e-03
3.7368568568568570e+00	1.3271400000000001e-03
3.7368668668668672e+00	1.3296600000000001e-03
3.7368768768768770e+00	1.3321800000000001e-03
3.7368868868868872e+00	1.3346899999999999e-03
3.7368968968968970e+00	1.3371900000000000e-03
3.7369069069069072e+00	1.3396899999999999e-03
3.7369169169169170e+00	1.3421799999999999e-03
3.7369269269269272e+00	1.3446700000000001e-03
3.7369369369369370e+00	1.3471600000000000e-03
3.7369469469469472e+00	1.3496400000000000e-03
3.7369569569569570e+00	1.3521099999999999e-03
3.7369669669669672e+00	1.3545800000000000e-03
3.7369769769769769e+00	1.3570399999999999e-03
3.7369869869869872e+00	1.3595000000000000e-03
3.7369969969969969e+00	1.3619500000000000e-03
3.7370070070070072e+00	1.3644000000000000e-03
3.7370170170170169e+00	1.3668400000000000e-03
3.7370270270270272e+00	1.3692800000000001e-03
3.7370370370370374e+00	1.3717099999999999e-03
3.7370470470470472e+00	1.3741400000000000e-03
3.7370570570570574e+00	1.3765699999999999e-03
3.7370670670670671e+00	1.3789900000000001e-03
3.7370770770770774e+00	1.3814000000000001e-03
3.7370870870870871e+00	1.3838100000000001e-03
3.7370970970970974e+00	1.3862099999999999e-03
3.7371071071071071e+00	1.3886100000000000e-03
3.7371171171171174e+00	1.3910100000000000e-03
3.7371271271271271e+00	1.3933999999999999e-03
3.7371371371371374e+00	1.3957900000000001e-03
3.7371471471471471e+00	1.3981700000000000e-03
3.7371571571571574e+00	1.4005500000000000e-03
3.7371671671671671e+00	1.4029200000000000e-03
3.7371771771771773e+00	1.4052900000000000e-03
3.7371871871871871e+00	1.4076500000000001e-03
3.7371971971971973e+00	1.4100100000000000e-03
3.7372072072072076e+00	1.4123700000000000e-03
3.7372172172172173e+00	1.4147200000000000e-03
3.7372272272272276e+00	1.4170700000000001e-03
3.7372372372372373e+00	1.4194100000000001e-03
3.7372472472472476e+00	1.4217500000000001e-03
3.7372572572572573e+00	1.4240800000000001e-03
3.7372672672672675e+00	1.4264099999999999e-03
3.7372772772772773e+00	1.4287400000000000e-03
3.7372872872872875e+00	1.4310600000000001e-03
3.7372972972972973e+00	1.4333799999999999e-03
3.7373073073073075e+00	1.4356900000000001e-03
3.7373173173173173e+00	1.4380000000000000e-03
3.7373273273273275e+00	1.4403100000000000e-03
3.7373373373373373e+00	1.4426100000000000e-03
3.7373473473473475e+00	1.4449100000000000e-03
3.7373573573573573e+00	1.4472000000000000e-03
3.7373673673673675e+00	1.4494899999999999e-03
3.7373773773773777e+00	1.4517800000000000e-03
3.7373873873873875e+00	1.4540600000000001e-03
3.7373973973973977e+00	1.4563400000000000e-03
3.7374074074074075e+00	1.4586099999999999e-03
3.7374174174174177e+00	1.4608799999999999e-03
3.7374274274274275e+00	1.4631500000000001e-03
3.7374374374374377e+00	1.4654200000000000e-03
3.7374474474474475e+00	1.4676699999999999e-03
3.7374574574574577e+00	1.4699299999999999e-03
3.7374674674674675e+00	1.4721800000000000e-03
3.7374774774774777e+00	1.4744300000000001e-03
3.7374874874874875e+00	1.4766800000000000e-03
3.7374974974974977e+00	1.4789200000000001e-03
3.7375075075075075e+00	1.4811600000000000e-03
3.7375175175175177e+00	1.4833900000000000e-03
3.7375275275275275e+00	1.4856200000000000e-03
3.7375375375375377e+00	1.4878500000000000e-03
3.7375475475475479e+00	1.4900700000000000e-03
3.7375575575575577e+00	1.4922900000000001e-03
3.7375675675675679e+00	1.4945099999999999e-03
3.7375775775775777e+00	1.4967299999999999e-03
3.7375875875875879e+00	1.4989400000000000e-03
3.7375975975975977e+00	1.5011400000000000e-03
3.7376076076076079e+00	1.5033500000000001e-03
3.7376176176176177e+00	1.5055500000000000e-03
3.7376276276276279e+00	1.5077400000000000e-03
3.7376376376376377e+00	1.5099400000000000e-03
3.7376476476476479e+00	1.5121300000000000e-03
3.7376576576576577e+00	1.5143100000000000e-03
3.7376676676676679e+00	1.5165000000000001e-03
3.7376776776776777e+00	1.5186799999999999e-03
3.7376876876876879e+00	1.5208600000000000e-03
3.7376976976976977e+00	1.5230300000000001e-03
3.7377077077077079e+00	1.5252000000000000e-03
3.7377177177177177e+00	1.5273699999999999e-03
3.7377277277277279e+00	1.5295300000000001e-03
3.7377377377377381e+00	1.5317000000000000e-03
3.7377477477477479e+00	1.5338500000000000e-03
3.7377577577577581e+00	1.5360100000000000e-03
3.7377677677677679e+00	1.5381600000000000e-03
3.7377777777777781e+00	1.5403100000000000e-03
3.7377877877877879e+00	1.5424600000000001e-03
3.7377977977977981e+00	1.5445999999999999e-03
3.7378078078078079e+00	1.5467400000000000e-03
3.7378178178178181e+00	1.5488800000000001e-03
3.7378278278278279e+00	1.5510100000000000e-03
3.7378378378378381e+00	1.5531500000000001e-03
3.7378478478478478e+00	1.5552700000000001e-03
3.7378578578578581e+00	1.5574000000000000e-03
3.7378678678678678e+00	1.5595200000000000e-03
3.7378778778778781e+00	1.5616400000000000e-03
3.7378878878878878e+00	1.5637600000000000e-03
3.7378978978978981e+00	1.5658700000000000e-03
3.7379079079079083e+00	1.5679900000000000e-03
3.7379179179179181e+00	1.5700899999999999e-03
3.7379279279279283e+00	1.5721999999999999e-03
3.7379379379379380e+00	1.5743000000000000e-03
3.7379479479479483e+00	1.5763999999999999e-03
3.7379579579579580e+00	1.5785000000000000e-03
3.7379679679679683e+00	1.5805999999999999e-03
3.7379779779779780e+00	1.5826900000000001e-03
3.7379879879879883e+00	1.5847800000000000e-03
3.7379979979979980e+00	1.5868600000000001e-03
3.7380080080080083e+00	1.5889500000000000e-03
3.7380180180180180e+00	1.5910300000000000e-03
3.7380280280280282e+00	1.5931100000000000e-03
3.7380380380380380e+00	1.5951800000000001e-03
3.7380480480480482e+00	1.5972600000000001e-03
3.7380580580580580e+00	1.5993299999999999e-03
3.7380680680680682e+00	1.6014000000000000e-03
3.7380780780780785e+00	1.6034599999999999e-03
3.7380880880880882e+00	1.6055300000000000e-03
3.7380980980980985e+00	1.6075900000000001e-03
3.7381081081081082e+00	1.6096500000000000e-03
3.7381181181181184e+00	1.6117000000000000e-03
3.7381281281281282e+00	1.6137500000000000e-03
3.7381381381381384e+00	1.6157999999999999e-03
3.7381481481481482e+00	1.6178500000000001e-03
3.7381581581581584e+00	1.6199000000000001e-03
3.7381681681681682e+00	1.6219400000000001e-03
3.7381781781781784e+00	1.6239799999999999e-03
3.7381881881881882e+00	1.6260199999999999e-03
3.7381981981981984e+00	1.6280600000000000e-03
3.7382082082082082e+00	1.6300900000000001e-03
3.7382182182182184e+00	1.6321199999999999e-03
3.7382282282282282e+00	1.6341500000000000e-03
3.7382382382382384e+00	1.6361800000000001e-03
3.7382482482482486e+00	1.6382000000000000e-03
3.7382582582582584e+00	1.6402200000000000e-03
3.7382682682682686e+00	1.6422400000000001e-03
3.7382782782782784e+00	1.6442600000000000e-03
3.7382882882882886e+00	1.6462700000000000e-03
3.7382982982982984e+00	1.6482800000000000e-03
3.7383083083083086e+00	1.6502900000000000e-03
3.7383183183183184e+00	1.6523000000000000e-03
3.7383283283283286e+00	1.6543100000000000e-03
3.7383383383383384e+00	1.6563100000000000e-03
3.7383483483483486e+00	1.6583100000000001e-03
3.7383583583583584e+00	1.6603099999999999e-03
3.7383683683683686e+00	1.6623100000000000e-03
3.7383783783783784e+00	1.6643000000000001e-03
3.7383883883883886e+00	1.6662900000000000e-03
3.7383983983983984e+00	1.6682800000000001e-03
3.7384084084084086e+00	1.6702700000000000e-03
3.7384184184184184e+00	1.6722600000000001e-03
3.7384284284284286e+00	1.6742400000000000e-03
3.7384384384384388e+00	1.6762200000000000e-03
3.7384484484484486e+00	1.6781999999999999e-03
3.7384584584584588e+00	1.6801800000000001e-03
3.7384684684684686e+00	1.6821500000000001e-03
3.7384784784784788e+00	1.6841200000000001e-03
3.7384884884884886e+00	1.6861000000000001e-03
3.7384984984984988e+00	1.6880599999999999e-03
3.7385085085085086e+00	1.6900299999999999e-03
3.7385185185185188e+00	1.6919900000000000e-03
3.7385285285285286e+00	1.6939600000000000e-03
3.7385385385385388e+00	1.6959200000000001e-03
3.7385485485485486e+00	1.6978799999999999e-03
3.7385585585585588e+00	1.6998300000000000e-03
3.7385685685685686e+00	1.7017899999999999e-03
3.7385785785785788e+00	1.7037400000000000e-03
3.7385885885885886e+00	1.7056899999999999e-03
3.7385985985985988e+00	1.7076400000000001e-03
3.7386086086086090e+00	1.7095800000000000e-03
3.7386186186186188e+00	1.7115300000000000e-03
3.7386286286286290e+00	1.7134699999999999e-03
3.7386386386386388e+00	1.7154099999999999e-03
3.7386486486486490e+00	1.7173500000000001e-03
3.7386586586586588e+00	1.7192799999999999e-03
3.7386686686686690e+00	1.7212200000000001e-03
3.7386786786786788e+00	1.7231499999999999e-03
3.7386886886886890e+00	1.7250799999999999e-03
3.7386986986986988e+00	1.7270100000000000e-03
3.7387087087087090e+00	1.7289400000000000e-03
3.7387187187187187e+00	1.7308600000000001e-03
3.7387287287287290e+00	1.7327800000000000e-03
3.7387387387387387e+00	1.7347100000000000e-03
3.7387487487487490e+00	1.7366199999999999e-03
3.7387587587587587e+00	1.7385400000000000e-03
3.7387687687687690e+00	1.7404600000000001e-03
3.7387787787787792e+00	1.7423700000000000e-03
3.7387887887887890e+00	1.7442800000000000e-03
3.7387987987987992e+00	1.7461899999999999e-03
3.7388088088088089e+00	1.7481000000000000e-03
3.7388188188188192e+00	1.7500100000000000e-03
3.7388288288288289e+00	1.7519100000000000e-03
3.7388388388388392e+00	1.7538199999999999e-03
3.7388488488488489e+00	1.7557199999999999e-03
3.7388588588588592e+00	1.7576200000000001e-03
3.7388688688688689e+00	1.7595099999999999e-03
3.7388788788788792e+00	1.7614099999999999e-03
3.7388888888888889e+00	1.7633000000000000e-03
3.7388988988988991e+00	1.7651900000000000e-03
3.7389089089089089e+00	1.7670800000000001e-03
3.7389189189189191e+00	1.7689699999999999e-03
3.7389289289289289e+00	1.7708600000000000e-03
3.7389389389389391e+00	1.7727500000000000e-03
3.7389489489489494e+00	1.7746299999999999e-03
3.7389589589589591e+00	1.7765100000000000e-03
3.7389689689689694e+00	1.7783899999999999e-03
3.7389789789789791e+00	1.7802700000000000e-03
3.7389889889889893e+00	1.7821499999999999e-03
3.7389989989989991e+00	1.7840200000000001e-03
3.7390090090090093e+00	1.7858900000000000e-03
3.7390190190190191e+00	1.7877699999999999e-03
3.7390290290290293e+00	1.7896399999999999e-03
3.7390390390390391e+00	1.7914999999999999e-03
3.7390490490490493e+00	1.7933700000000001e-03
3.7390590590590591e+00	1.7952400000000000e-03
3.7390690690690693e+00	1.7971000000000000e-03
3.7390790790790791e+00	1.7989600000000001e-03
3.7390890890890893e+00	1.8008200000000001e-03
3.7390990990990991e+00	1.8026800000000001e-03
3.7391091091091093e+00	1.8045400000000001e-03
3.7391191191191191e+00	1.8063899999999999e-03
3.7391291291291293e+00	1.8082500000000000e-03
3.7391391391391395e+00	1.8101000000000000e-03
3.7391491491491493e+00	1.8119500000000001e-03
3.7391591591591595e+00	1.8138000000000000e-03
3.7391691691691693e+00	1.8156500000000000e-03
3.7391791791791795e+00	1.8174899999999999e-03
3.7391891891891893e+00	1.8193400000000000e-03
3.7391991991991995e+00	1.8211799999999999e-03
3.7392092092092093e+00	1.8230200000000001e-03
3.7392192192192195e+00	1.8248600000000000e-03
3.7392292292292293e+00	1.8266999999999999e-03
3.7392392392392395e+00	1.8285400000000000e-03
3.7392492492492493e+00	1.8303700000000000e-03
3.7392592592592595e+00	1.8322000000000000e-03
3.7392692692692693e+00	1.8340400000000001e-03
3.7392792792792795e+00	1.8358700000000001e-03
3.7392892892892893e+00	1.8377000000000001e-03
3.7392992992992995e+00	1.8395200000000001e-03
3.7393093093093097e+00	1.8413500000000001e-03
3.7393193193193195e+00	1.8431700000000001e-03
3.7393293293293297e+00	1.8450000000000001e-03
3.7393393393393395e+00	1.8468200000000001e-03
3.7393493493493497e+00	1.8486399999999999e-03
3.7393593593593595e+00	1.8504600000000000e-03
3.7393693693693697e+00	1.8522800000000000e-03
3.7393793793793795e+00	1.8540900000000001e-03
3.7393893893893897e+00	1.8559099999999999e-03
3.7393993993993995e+00	1.8577200000000000e-03
3.7394094094094097e+00	1.8595300000000001e-03
3.7394194194194195e+00	1.8613400000000000e-03
3.7394294294294297e+00	1.8631500000000000e-03
3.7394394394394395e+00	1.8649599999999999e-03
3.7394494494494497e+00	1.8667600000000001e-03
3.7394594594594595e+00	1.8685700000000000e-03
3.7394694694694697e+00	1.8703700000000001e-03
3.7394794794794799e+00	1.8721700000000000e-03
3.7394894894894897e+00	1.8739700000000000e-03
3.7394994994994999e+00	1.8757699999999999e-03
3.7395095095095097e+00	1.8775700000000001e-03
3.7395195195195199e+00	1.8793600000000001e-03
3.7395295295295297e+00	1.8811600000000000e-03
3.7395395395395399e+00	1.8829500000000000e-03
3.7395495495495497e+00	1.8847400000000000e-03
3.7395595595595599e+00	1.8865300000000000e-03
3.7395695695695697e+00	1.8883200000000000e-03
3.7395795795795799e+00	1.8901100000000000e-03
3.7395895895895896e+00	1.8919000000000000e-03
3.7395995995995999e+00	1.8936800000000000e-03
3.7396096096096096e+00	1.8954700000000000e-03
3.7396196196196199e+00	1.8972500000000001e-03
3.7396296296296296e+00	1.8990299999999999e-03
3.7396396396396399e+00	1.9008100000000000e-03
3.7396496496496501e+00	1.9025900000000000e-03
3.7396596596596599e+00	1.9043700000000001e-03
3.7396696696696701e+00	1.9061400000000000e-03
3.7396796796796798e+00	1.9079200000000000e-03
3.7396896896896901e+00	1.9096899999999999e-03
3.7396996996996998e+00	1.9114600000000000e-03
3.7397097097097101e+00	1.9132299999999999e-03
3.7397197197197198e+00	1.9150000000000000e-03
3.7397297297297301e+00	1.9167699999999999e-03
3.7397397397397398e+00	1.9185400000000000e-03
3.7397497497497501e+00	1.9203000000000000e-03
3.7397597597597598e+00	1.9220699999999999e-03
3.7397697697697700e+00	1.9238300000000001e-03
3.7397797797797798e+00	1.9255900000000000e-03
3.7397897897897900e+00	1.9273500000000000e-03
3.7397997997997998e+00	1.9291099999999999e-03
3.7398098098098100e+00	1.9308699999999999e-03
3.7398198198198198e+00	1.9326300000000001e-03
3.7398298298298300e+00	1.9343800000000001e-03
3.7398398398398403e+00	1.9361400000000000e-03
3.7398498498498500e+00	1.9378900000000001e-03
3.7398598598598602e+00	1.9396400000000001e-03
3.7398698698698700e+00	1.9413900000000001e-03
3.7398798798798802e+00	1.9431400000000001e-03
3.7398898898898900e+00	1.9448899999999999e-03
3.7398998998999002e+00	1.9466300000000000e-03
3.7399099099099100e+00	1.9483800000000000e-03
3.7399199199199202e+00	1.9501300000000000e-03
3.7399299299299300e+00	1.9518700000000001e-03
3.7399399399399402e+00	1.9536100000000002e-03
3.7399499499499500e+00	1.9553499999999998e-03
3.7399599599599602e+00	1.9570899999999999e-03
3.7399699699699700e+00	1.9588299999999999e-03
3.7399799799799802e+00	1.9605700000000000e-03
3.7399899899899900e+00	1.9623000000000002e-03
3.7400000000000002e+00	1.9640399999999998e-03
