3.7300000000000000e+00	1.1263300000000000e-03
3.7300100100100102e+00	1.1294000000000000e-03
3.7300200200200200e+00	1.1324799999999999e-03
3.7300300300300302e+00	1.1355700000000000e-03
3.7300400400400400e+00	1.1386800000000000e-03
3.7300500500500502e+00	1.1418000000000001e-03
3.7300600600600600e+00	1.1449200000000000e-03
3.7300700700700702e+00	1.1480600000000000e-03
3.7300800800800800e+00	1.1512200000000001e-03
3.7300900900900902e+00	1.1543800000000000e-03
3.7301001001001000e+00	1.1575600000000000e-03
3.7301101101101102e+00	1.1607500000000001e-03
3.7301201201201200e+00	1.1639500000000000e-03
3.7301301301301302e+00	1.1671600000000000e-03
3.7301401401401399e+00	1.1703900000000001e-03
3.7301501501501502e+00	1.1736299999999999e-03
3.7301601601601599e+00	1.1768799999999999e-03
3.7301701701701702e+00	1.1801500000000000e-03
3.7301801801801804e+00	1.1834300000000001e-03
3.7301901901901902e+00	1.1867200000000000e-03
3.7302002002002004e+00	1.1900299999999999e-03
3.7302102102102102e+00	1.1933499999999999e-03
3.7302202202202204e+00	1.1966800000000001e-03
3.7302302302302301e+00	1.2000299999999999e-03
3.7302402402402404e+00	1.2033899999999999e-03
3.7302502502502501e+00	1.2067700000000000e-03
3.7302602602602604e+00	1.2101600000000001e-03
3.7302702702702701e+00	1.2135600000000000e-03
3.7302802802802804e+00	1.2169900000000000e-03
3.7302902902902901e+00	1.2204200000000001e-03
3.7303003003003004e+00	1.2238699999999999e-03
3.7303103103103101e+00	1.2273399999999999e-03
3.7303203203203203e+00	1.2308200000000001e-03
3.7303303303303301e+00	1.2343199999999999e-03
3.7303403403403403e+00	1.2378300000000001e-03
3.7303503503503501e+00	1.2413599999999999e-03
3.7303603603603603e+00	1.2449099999999999e-03
3.7303703703703706e+00	1.2484700000000000e-03
3.7303803803803803e+00	1.2520500000000000e-03
3.7303903903903906e+00	1.2556500000000001e-03
3.7304004004004003e+00	1.2592599999999999e-03
3.7304104104104105e+00	1.2628900000000000e-03
3.7304204204204203e+00	1.2665400000000000e-03
3.7304304304304305e+00	1.2702099999999999e-03
3.7304404404404403e+00	1.2738900000000000e-03
3.7304504504504505e+00	1.2775900000000001e-03
3.7304604604604603e+00	1.2813200000000001e-03
3.7304704704704705e+00	1.2850500000000000e-03
3.7304804804804803e+00	1.2888100000000000e-03
3.7304904904904905e+00	1.2925899999999999e-03
3.7305005005005003e+00	1.2963899999999999e-03
3.7305105105105105e+00	1.3002000000000001e-03
3.7305205205205203e+00	1.3040400000000000e-03
3.7305305305305305e+00	1.3079000000000001e-03
3.7305405405405407e+00	1.3117700000000001e-03
3.7305505505505505e+00	1.3156699999999999e-03
3.7305605605605607e+00	1.3195900000000000e-03
3.7305705705705705e+00	1.3235300000000001e-03
3.7305805805805807e+00	1.3274900000000000e-03
3.7305905905905905e+00	1.3314799999999999e-03
3.7306006006006007e+00	1.3354800000000000e-03
3.7306106106106105e+00	1.3395099999999999e-03
3.7306206206206207e+00	1.3435599999999999e-03
3.7306306306306305e+00	1.3476300000000001e-03
3.7306406406406407e+00	1.3517300000000000e-03
3.7306506506506505e+00	1.3558500000000000e-03
3.7306606606606607e+00	1.3600000000000001e-03
3.7306706706706705e+00	1.3641700000000001e-03
3.7306806806806807e+00	1.3683600000000001e-03
3.7306906906906905e+00	1.3725800000000000e-03
3.7307007007007007e+00	1.3768200000000000e-03
3.7307107107107109e+00	1.3810900000000000e-03
3.7307207207207207e+00	1.3853900000000000e-03
3.7307307307307309e+00	1.3897099999999999e-03
3.7307407407407407e+00	1.3940599999999999e-03
3.7307507507507509e+00	1.3984399999999999e-03
3.7307607607607607e+00	1.4028500000000000e-03
3.7307707707707709e+00	1.4072799999999999e-03
3.7307807807807807e+00	1.4117400000000001e-03
3.7307907907907909e+00	1.4162300000000001e-03
3.7308008008008007e+00	1.4207600000000001e-03
3.7308108108108109e+00	1.4253099999999999e-03
3.7308208208208207e+00	1.4298900000000001e-03
3.7308308308308309e+00	1.4345000000000000e-03
3.7308408408408407e+00	1.4391499999999999e-03
3.7308508508508509e+00	1.4438200000000000e-03
3.7308608608608607e+00	1.4485300000000000e-03
3.7308708708708709e+00	1.4532700000000000e-03
3.7308808808808811e+00	1.4580500000000000e-03
3.7308908908908909e+00	1.4628600000000001e-03
3.7309009009009011e+00	1.4677000000000000e-03
3.7309109109109109e+00	1.4725800000000000e-03
3.7309209209209211e+00	1.4775000000000001e-03
3.7309309309309309e+00	1.4824500000000000e-03
3.7309409409409411e+00	1.4874400000000000e-03
3.7309509509509509e+00	1.4924599999999999e-03
3.7309609609609611e+00	1.4975300000000000e-03
3.7309709709709709e+00	1.5026300000000000e-03
3.7309809809809811e+00	1.5077800000000000e-03
3.7309909909909909e+00	1.5129600000000000e-03
3.7310010010010011e+00	1.5181900000000000e-03
3.7310110110110108e+00	1.5234599999999999e-03
3.7310210210210211e+00	1.5287700000000000e-03
3.7310310310310308e+00	1.5341300000000001e-03
3.7310410410410411e+00	1.5395299999999999e-03
3.7310510510510508e+00	1.5449699999999999e-03
3.7310610610610611e+00	1.5504600000000000e-03
3.7310710710710713e+00	1.5560000000000001e-03
3.7310810810810811e+00	1.5615900000000001e-03
3.7310910910910913e+00	1.5672200000000000e-03
3.7311011011011010e+00	1.5729100000000001e-03
3.7311111111111113e+00	1.5786500000000000e-03
3.7311211211211210e+00	1.5844300000000000e-03
3.7311311311311313e+00	1.5902799999999999e-03
3.7311411411411410e+00	1.5961700000000001e-03
3.7311511511511513e+00	1.6021200000000001e-03
3.7311611611611610e+00	1.6081299999999999e-03
3.7311711711711713e+00	1.6142000000000001e-03
3.7311811811811810e+00	1.6203200000000000e-03
3.7311911911911912e+00	1.6265100000000001e-03
3.7312012012012010e+00	1.6327500000000001e-03
3.7312112112112112e+00	1.6390599999999999e-03
3.7312212212212210e+00	1.6454400000000000e-03
3.7312312312312312e+00	1.6518800000000001e-03
3.7312412412412415e+00	1.6583800000000001e-03
3.7312512512512512e+00	1.6649600000000001e-03
3.7312612612612615e+00	1.6716100000000000e-03
3.7312712712712712e+00	1.6783300000000000e-03
3.7312812812812814e+00	1.6851200000000000e-03
3.7312912912912912e+00	1.6919900000000000e-03
3.7313013013013014e+00	1.6989399999999999e-03
3.7313113113113112e+00	1.7059600000000001e-03
3.7313213213213214e+00	1.7130699999999999e-03
3.7313313313313312e+00	1.7202599999999999e-03
3.7313413413413414e+00	1.7275400000000001e-03
3.7313513513513512e+00	1.7349100000000001e-03
3.7313613613613614e+00	1.7423700000000000e-03
3.7313713713713712e+00	1.7499200000000001e-03
3.7313813813813814e+00	1.7575700000000000e-03
3.7313913913913912e+00	1.7653100000000000e-03
3.7314014014014014e+00	1.7731600000000000e-03
3.7314114114114116e+00	1.7811100000000000e-03
3.7314214214214214e+00	1.7891700000000001e-03
3.7314314314314316e+00	1.7973399999999999e-03
3.7314414414414414e+00	1.8056200000000000e-03
3.7314514514514516e+00	1.8140200000000000e-03
3.7314614614614614e+00	1.8225400000000001e-03
3.7314714714714716e+00	1.8311800000000000e-03
3.7314814814814814e+00	1.8399600000000001e-03
3.7314914914914916e+00	1.8488700000000001e-03
3.7315015015015014e+00	1.8579099999999999e-03
3.7315115115115116e+00	1.8671000000000000e-03
3.7315215215215214e+00	1.8764299999999999e-03
3.7315315315315316e+00	1.8859199999999999e-03
3.7315415415415414e+00	1.8955599999999999e-03
3.7315515515515516e+00	1.9053600000000000e-03
3.7315615615615614e+00	1.9153400000000000e-03
3.7315715715715716e+00	1.9254900000000000e-03
3.7315815815815818e+00	1.9358200000000000e-03
3.7315915915915916e+00	1.9463400000000000e-03
3.7316016016016018e+00	1.9570600000000000e-03
3.7316116116116116e+00	1.9679900000000002e-03
3.7316216216216218e+00	1.9791200000000000e-03
3.7316316316316316e+00	1.9904800000000002e-03
3.7316416416416418e+00	2.0020699999999999e-03
3.7316516516516516e+00	2.0139099999999998e-03
3.7316616616616618e+00	2.0259900000000001e-03
3.7316716716716716e+00	2.0383400000000000e-03
3.7316816816816818e+00	2.0509700000000000e-03
3.7316916916916916e+00	2.0638900000000001e-03
3.7317017017017018e+00	2.0771200000000000e-03
3.7317117117117116e+00	2.0906599999999998e-03
3.7317217217217218e+00	2.1045399999999998e-03
3.7317317317317316e+00	2.1187799999999998e-03
3.7317417417417418e+00	2.1333900000000002e-03
3.7317517517517516e+00	2.1483900000000000e-03
3.7317617617617618e+00	2.1638100000000000e-03
3.7317717717717720e+00	2.1796799999999998e-03
3.7317817817817818e+00	2.1960100000000000e-03
3.7317917917917920e+00	2.2128400000000002e-03
3.7318018018018018e+00	2.2301999999999999e-03
3.7318118118118120e+00	2.2481300000000001e-03
3.7318218218218218e+00	2.2666600000000002e-03
3.7318318318318320e+00	2.2858300000000000e-03
3.7318418418418418e+00	2.3056999999999999e-03
3.7318518518518520e+00	2.3263099999999998e-03
3.7318618618618618e+00	2.3477200000000002e-03
3.7318718718718720e+00	2.3699900000000002e-03
3.7318818818818817e+00	2.3931999999999998e-03
3.7318918918918920e+00	2.4174100000000000e-03
3.7319019019019017e+00	2.4427400000000001e-03
3.7319119119119120e+00	2.4692600000000000e-03
3.7319219219219217e+00	2.4971099999999999e-03
3.7319319319319320e+00	2.5263899999999999e-03
3.7319419419419422e+00	2.5572799999999999e-03
3.7319519519519520e+00	2.5899299999999998e-03
3.7319619619619622e+00	2.6245399999999999e-03
3.7319719719719719e+00	2.6613299999999999e-03
3.7319819819819822e+00	2.7005900000000001e-03
3.7319919919919919e+00	2.7426000000000000e-03
3.7320020020020022e+00	2.7877499999999999e-03
3.7320120120120119e+00	2.8364800000000002e-03
3.7320220220220222e+00	2.8893100000000000e-03
3.7320320320320319e+00	2.9468799999999998e-03
3.7320420420420422e+00	3.0099699999999998e-03
3.7320520520520519e+00	3.0795599999999998e-03
3.7320620620620621e+00	3.1568600000000000e-03
3.7320720720720719e+00	3.2433900000000001e-03
3.7320820820820821e+00	3.3411500000000002e-03
3.7320920920920919e+00	3.4527199999999998e-03
3.7321021021021021e+00	3.5815600000000001e-03
3.7321121121121124e+00	3.7323899999999999e-03
3.7321221221221221e+00	3.9117900000000001e-03
3.7321321321321324e+00	4.1292799999999999e-03
3.7321421421421421e+00	4.3990499999999998e-03
3.7321521521521523e+00	4.7432600000000000e-03
3.7321621621621621e+00	5.1983699999999999e-03
3.7321721721721723e+00	5.8285500000000001e-03
3.7321821821821821e+00	6.7574400000000000e-03
3.7321921921921923e+00	8.2540500000000006e-03
3.7322022022022021e+00	1.1018999999999999e-02
3.7322122122122123e+00	1.7494300000000001e-02
3.7322222222222221e+00	4.2784299999999997e-02
3.7322322322322323e+00	4.1711900000000002e-01
3.7322422422422421e+00	1.8996499999999999e-02
3.7322522522522523e+00	1.8899399999999999e-03
3.7322622622622621e+00	1.4852900000000000e-04
3.7322722722722723e+00	1.1325500000000000e-05
3.7322822822822825e+00	1.6110199999999999e-04
3.7322922922922923e+00	3.5847899999999998e-04
3.7323023023023025e+00	5.4860800000000002e-04
3.7323123123123123e+00	7.1942399999999997e-04
3.7323223223223225e+00	8.7019799999999998e-04
3.7323323323323323e+00	1.0031500000000000e-03
3.7323423423423425e+00	1.1209900000000001e-03
3.7323523523523523e+00	1.2262300000000000e-03
3.7323623623623625e+00	1.3210100000000001e-03
3.7323723723723723e+00	1.4070599999999999e-03
3.7323823823823825e+00	1.4858300000000001e-03
3.7323923923923923e+00	1.5584800000000001e-03
3.7324024024024025e+00	1.6259700000000000e-03
3.7324124124124123e+00	1.6891000000000000e-03
3.7324224224224225e+00	1.7485100000000000e-03
3.7324324324324323e+00	1.8047499999999999e-03
3.7324424424424425e+00	1.8582900000000001e-03
3.7324524524524523e+00	1.9095200000000001e-03
3.7324624624624625e+00	1.9587599999999999e-03
3.7324724724724727e+00	2.0063199999999998e-03
3.7324824824824825e+00	2.0524300000000001e-03
3.7324924924924927e+00	2.0973200000000002e-03
3.7325025025025025e+00	2.1411799999999999e-03
3.7325125125125127e+00	2.1841700000000000e-03
3.7325225225225225e+00	2.2264600000000000e-03
3.7325325325325327e+00	2.2681699999999999e-03
3.7325425425425425e+00	2.3094399999999998e-03
3.7325525525525527e+00	2.3503700000000001e-03
3.7325625625625625e+00	2.3910600000000000e-03
3.7325725725725727e+00	2.4316300000000002e-03
3.7325825825825825e+00	2.4721500000000002e-03
3.7325925925925927e+00	2.5127100000000000e-03
3.7326026026026025e+00	2.5533900000000000e-03
3.7326126126126127e+00	2.5942700000000001e-03
3.7326226226226225e+00	2.6354199999999999e-03
3.7326326326326327e+00	2.6769099999999998e-03
3.7326426426426429e+00	2.7188199999999998e-03
3.7326526526526527e+00	2.7612100000000001e-03
3.7326626626626629e+00	2.8041600000000000e-03
3.7326726726726727e+00	2.8477200000000002e-03
3.7326826826826829e+00	2.8919800000000002e-03
3.7326926926926927e+00	2.9369900000000000e-03
3.7327027027027029e+00	2.9828400000000001e-03
3.7327127127127127e+00	3.0295800000000000e-03
3.7327227227227229e+00	3.0772999999999998e-03
3.7327327327327327e+00	3.1260699999999999e-03
3.7327427427427429e+00	3.1759700000000002e-03
3.7327527527527526e+00	3.2270900000000002e-03
3.7327627627627629e+00	3.2794999999999999e-03
3.7327727727727726e+00	3.3333000000000000e-03
3.7327827827827829e+00	3.3885800000000000e-03
3.7327927927927926e+00	3.4454300000000002e-03
3.7328028028028029e+00	3.5039799999999999e-03
3.7328128128128131e+00	3.5643099999999998e-03
3.7328228228228229e+00	3.6265600000000000e-03
3.7328328328328331e+00	3.6908399999999999e-03
3.7328428428428428e+00	3.7572899999999999e-03
3.7328528528528531e+00	3.8260600000000001e-03
3.7328628628628628e+00	3.8972799999999999e-03
3.7328728728728731e+00	3.9711299999999998e-03
3.7328828828828828e+00	4.0477899999999999e-03
3.7328928928928931e+00	4.1274299999999996e-03
3.7329029029029028e+00	4.2102700000000003e-03
3.7329129129129131e+00	4.2965299999999998e-03
3.7329229229229228e+00	4.3864300000000002e-03
3.7329329329329330e+00	4.4802499999999999e-03
3.7329429429429428e+00	4.5782699999999997e-03
3.7329529529529530e+00	4.6807799999999998e-03
3.7329629629629628e+00	4.7881399999999998e-03
3.7329729729729730e+00	4.9006900000000001e-03
3.7329829829829833e+00	5.0188600000000000e-03
3.7329929929929930e+00	5.1430699999999996e-03
3.7330030030030033e+00	5.2738100000000003e-03
3.7330130130130130e+00	5.4116199999999998e-03
3.7330230230230232e+00	5.5570999999999997e-03
3.7330330330330330e+00	5.7108999999999997e-03
3.7330430430430432e+00	5.8737499999999996e-03
3.7330530530530530e+00	6.0464700000000000e-03
3.7330630630630632e+00	6.2299599999999997e-03
3.7330730730730730e+00	6.4252600000000003e-03
3.7330830830830832e+00	6.6334999999999996e-03
3.7330930930930930e+00	6.8559700000000003e-03
3.7331031031031032e+00	7.0941499999999996e-03
3.7331131131131130e+00	7.3496899999999999e-03
3.7331231231231232e+00	7.6244800000000003e-03
3.7331331331331330e+00	7.9206799999999994e-03
3.7331431431431432e+00	8.2407699999999997e-03
3.7331531531531530e+00	8.5876200000000007e-03
3.7331631631631632e+00	8.9645400000000000e-03
3.7331731731731734e+00	9.3753800000000009e-03
3.7331831831831832e+00	9.8246600000000007e-03
3.7331931931931934e+00	1.0317700000000001e-02
3.7332032032032032e+00	1.0860699999999999e-02
3.7332132132132134e+00	1.1461200000000000e-02
3.7332232232232232e+00	1.2128200000000000e-02
3.7332332332332334e+00	1.2872300000000000e-02
3.7332432432432432e+00	1.3706800000000000e-02
3.7332532532532534e+00	1.4647700000000000e-02
3.7332632632632632e+00	1.5715000000000000e-02
3.7332732732732734e+00	1.6933400000000001e-02
3.7332832832832832e+00	1.8334500000000000e-02
3.7332932932932934e+00	1.9958199999999999e-02
3.7333033033033032e+00	2.1856299999999999e-02
3.7333133133133134e+00	2.4097000000000000e-02
3.7333233233233232e+00	2.6770700000000001e-02
3.7333333333333334e+00	3.0000099999999998e-02
3.7333433433433436e+00	3.3954400000000003e-02
3.7333533533533534e+00	3.8871999999999997e-02
3.7333633633633636e+00	4.5096299999999999e-02
3.7333733733733734e+00	5.3134599999999997e-02
3.7333833833833836e+00	6.3755999999999993e-02
3.7333933933933934e+00	7.8158199999999997e-02
3.7334034034034036e+00	9.8249799999999998e-02
3.7334134134134134e+00	1.2710700000000000e-01
3.7334234234234236e+00	1.6955500000000001e-01
3.7334334334334334e+00	2.3207900000000001e-01
3.7334434434434436e+00	3.1798900000000002e-01
3.7334534534534534e+00	4.0738600000000003e-01
3.7334634634634636e+00	4.3597799999999998e-01
3.7334734734734734e+00	3.6717699999999998e-01
3.7334834834834836e+00	2.6224700000000001e-01
3.7334934934934934e+00	1.7728800000000000e-01
3.7335035035035036e+00	1.2058600000000000e-01
3.7335135135135138e+00	8.4255300000000005e-02
3.7335235235235236e+00	6.0682500000000000e-02
3.7335335335335338e+00	4.4943299999999999e-02
3.7335435435435436e+00	3.4101199999999998e-02
3.7335535535535538e+00	2.6410400000000001e-02
3.7335635635635636e+00	2.0810400000000000e-02
3.7335735735735738e+00	1.6638300000000002e-02
3.7335835835835836e+00	1.3467500000000000e-02
3.7335935935935938e+00	1.1015499999999999e-02
3.7336036036036035e+00	9.0904100000000002e-03
3.7336136136136138e+00	7.5589100000000003e-03
3.7336236236236235e+00	6.3262600000000002e-03
3.7336336336336338e+00	5.3239200000000002e-03
3.7336436436436435e+00	4.5014399999999998e-03
3.7336536536536538e+00	3.8211000000000000e-03
3.7336636636636635e+00	3.2542999999999999e-03
3.7336736736736738e+00	2.7790900000000001e-03
3.7336836836836835e+00	2.3784200000000000e-03
3.7336936936936937e+00	2.0389000000000002e-03
3.7337037037037040e+00	1.7499200000000001e-03
3.7337137137137137e+00	1.5029900000000001e-03
3.7337237237237240e+00	1.2912600000000000e-03
3.7337337337337337e+00	1.1091800000000000e-03
3.7337437437437440e+00	9.5220000000000005e-04
3.7337537537537537e+00	8.1656299999999997e-04
3.7337637637637640e+00	6.9916599999999998e-04
3.7337737737737737e+00	5.9741999999999998e-04
3.7337837837837839e+00	5.0915499999999996e-04
3.7337937937937937e+00	4.3254500000000000e-04
3.7338038038038039e+00	3.6604500000000001e-04
3.7338138138138137e+00	3.0833999999999999e-04
3.7338238238238239e+00	2.5831100000000000e-04
3.7338338338338337e+00	2.1499799999999999e-04
3.7338438438438439e+00	1.7757600000000001e-04
3.7338538538538537e+00	1.4533400000000000e-04
3.7338638638638639e+00	1.1765500000000000e-04
3.7338738738738741e+00	9.4005000000000005e-05
3.7338838838838839e+00	7.3918599999999994e-05
3.7338938938938941e+00	5.6989400000000000e-05
3.7339039039039039e+00	4.2861799999999997e-05
3.7339139139139141e+00	3.1223699999999997e-05
3.7339239239239239e+00	2.1800699999999999e-05
3.7339339339339341e+00	1.4350800000000000e-05
3.7339439439439439e+00	8.6603799999999996e-06
3.7339539539539541e+00	4.5402299999999997e-06
3.7339639639639639e+00	1.8226400000000000e-06
3.7339739739739741e+00	3.5860400000000000e-07
3.7339839839839839e+00	1.5514299999999999e-08
3.7339939939939941e+00	6.7517099999999995e-07
3.7340040040040039e+00	2.2320599999999999e-06
3.7340140140140141e+00	4.5918300000000002e-06
3.7340240240240239e+00	7.6700299999999998e-06
3.7340340340340341e+00	1.1391000000000000e-05
3.7340440440440443e+00	1.5686600000000000e-05
3.7340540540540541e+00	2.0496000000000002e-05
3.7340640640640643e+00	2.5764100000000000e-05
3.7340740740740741e+00	3.1441600000000001e-05
3.7340840840840843e+00	3.7483700000000002e-05
3.7340940940940941e+00	4.3850300000000003e-05
3.7341041041041043e+00	5.0504999999999998e-05
3.7341141141141141e+00	5.7414999999999998e-05
3.7341241241241243e+00	6.4550700000000005e-05
3.7341341341341341e+00	7.1885100000000001e-05
3.7341441441441443e+00	7.9393899999999999e-05
3.7341541541541541e+00	8.7055200000000000e-05
3.7341641641641643e+00	9.4848799999999999e-05
3.7341741741741741e+00	1.0275700000000001e-04
3.7341841841841843e+00	1.1076300000000000e-04
3.7341941941941941e+00	1.1885200000000001e-04
3.7342042042042043e+00	1.2700999999999999e-04
3.7342142142142145e+00	1.3522499999999999e-04
3.7342242242242243e+00	1.4348700000000000e-04
3.7342342342342345e+00	1.5178400000000000e-04
3.7342442442442443e+00	1.6010800000000001e-04
3.7342542542542545e+00	1.6845099999999999e-04
3.7342642642642643e+00	1.7680400000000000e-04
3.7342742742742745e+00	1.8516200000000000e-04
3.7342842842842843e+00	1.9351700000000001e-04
3.7342942942942945e+00	2.0186499999999999e-04
3.7343043043043043e+00	2.1019900000000000e-04
3.7343143143143145e+00	2.1851600000000001e-04
3.7343243243243243e+00	2.2681099999999999e-04
3.7343343343343345e+00	2.3508099999999999e-04
3.7343443443443443e+00	2.4332200000000000e-04
3.7343543543543545e+00	2.5153099999999999e-04
3.7343643643643643e+00	2.5970499999999999e-04
3.7343743743743745e+00	2.6784200000000001e-04
3.7343843843843842e+00	2.7594000000000002e-04
3.7343943943943945e+00	2.8399700000000003e-04
3.7344044044044047e+00	2.9201100000000001e-04
3.7344144144144145e+00	2.9997999999999998e-04
3.7344244244244247e+00	3.0790300000000000e-04
3.7344344344344345e+00	3.1577899999999997e-04
3.7344444444444447e+00	3.2360700000000001e-04
3.7344544544544545e+00	3.3138599999999997e-04
3.7344644644644647e+00	3.3911500000000002e-04
3.7344744744744744e+00	3.4679399999999999e-04
3.7344844844844847e+00	3.5442200000000002e-04
3.7344944944944944e+00	3.6199799999999999e-04
3.7345045045045047e+00	3.6952200000000000e-04
3.7345145145145144e+00	3.7699400000000002e-04
3.7345245245245247e+00	3.8441400000000002e-04
3.7345345345345344e+00	3.9178200000000002e-04
3.7345445445445447e+00	3.9909700000000000e-04
3.7345545545545544e+00	4.0635900000000002e-04
3.7345645645645646e+00	4.1356900000000002e-04
3.7345745745745749e+00	4.2072600000000001e-04
3.7345845845845846e+00	4.2783099999999999e-04
3.7345945945945949e+00	4.3488400000000002e-04
3.7346046046046046e+00	4.4188499999999999e-04
3.7346146146146149e+00	4.4883500000000002e-04
3.7346246246246246e+00	4.5573300000000000e-04
3.7346346346346349e+00	4.6257999999999998e-04
3.7346446446446446e+00	4.6937599999999997e-04
3.7346546546546548e+00	4.7612099999999998e-04
3.7346646646646646e+00	4.8281600000000001e-04
3.7346746746746748e+00	4.8946199999999997e-04
3.7346846846846846e+00	4.9605799999999996e-04
3.7346946946946948e+00	5.0260599999999995e-04
3.7347047047047046e+00	5.0910400000000002e-04
3.7347147147147148e+00	5.1555500000000001e-04
3.7347247247247246e+00	5.2195799999999999e-04
3.7347347347347348e+00	5.2831299999999998e-04
3.7347447447447450e+00	5.3462200000000001e-04
3.7347547547547548e+00	5.4088499999999996e-04
3.7347647647647650e+00	5.4710100000000003e-04
3.7347747747747748e+00	5.5327299999999996e-04
3.7347847847847850e+00	5.5939900000000003e-04
3.7347947947947948e+00	5.6548099999999995e-04
3.7348048048048050e+00	5.7151800000000003e-04
3.7348148148148148e+00	5.7751299999999998e-04
3.7348248248248250e+00	5.8346400000000001e-04
3.7348348348348348e+00	5.8937200000000001e-04
3.7348448448448450e+00	5.9523900000000001e-04
3.7348548548548548e+00	6.0106299999999999e-04
3.7348648648648650e+00	6.0684699999999999e-04
3.7348748748748748e+00	6.1258999999999999e-04
3.7348848848848850e+00	6.1829200000000000e-04
3.7348948948948948e+00	6.2395500000000004e-04
3.7349049049049050e+00	6.2957900000000001e-04
3.7349149149149152e+00	6.3516300000000000e-04
3.7349249249249250e+00	6.4070900000000005e-04
3.7349349349349352e+00	6.4621800000000005e-04
3.7349449449449450e+00	6.5168799999999999e-04
3.7349549549549552e+00	6.5712200000000000e-04
3.7349649649649650e+00	6.6251899999999998e-04
3.7349749749749752e+00	6.6788000000000004e-04
3.7349849849849850e+00	6.7320499999999996e-04
3.7349949949949952e+00	6.7849399999999997e-04
3.7350050050050050e+00	6.8374899999999999e-04
3.7350150150150152e+00	6.8896900000000000e-04
3.7350250250250250e+00	6.9415600000000003e-04
3.7350350350350352e+00	6.9930800000000005e-04
3.7350450450450450e+00	7.0442699999999998e-04
3.7350550550550552e+00	7.0951399999999996e-04
3.7350650650650650e+00	7.1456799999999995e-04
3.7350750750750752e+00	7.1958899999999997e-04
3.7350850850850850e+00	7.2457900000000004e-04
3.7350950950950952e+00	7.2953799999999995e-04
3.7351051051051054e+00	7.3446600000000003e-04
3.7351151151151152e+00	7.3936300000000004e-04
3.7351251251251254e+00	7.4423100000000004e-04
3.7351351351351352e+00	7.4906799999999998e-04
3.7351451451451454e+00	7.5387600000000000e-04
3.7351551551551552e+00	7.5865399999999999e-04
3.7351651651651654e+00	7.6340399999999997e-04
3.7351751751751752e+00	7.6812600000000005e-04
3.7351851851851854e+00	7.7281900000000000e-04
3.7351951951951952e+00	7.7748499999999996e-04
3.7352052052052054e+00	7.8212300000000002e-04
3.7352152152152152e+00	7.8673399999999998e-04
3.7352252252252254e+00	7.9131899999999996e-04
3.7352352352352352e+00	7.9587699999999996e-04
3.7352452452452454e+00	8.0040899999999997e-04
3.7352552552552551e+00	8.0491500000000001e-04
3.7352652652652654e+00	8.0939499999999997e-04
3.7352752752752756e+00	8.1385099999999998e-04
3.7352852852852854e+00	8.1828100000000002e-04
3.7352952952952956e+00	8.2268700000000001e-04
3.7353053053053054e+00	8.2706800000000003e-04
3.7353153153153156e+00	8.3142600000000002e-04
3.7353253253253254e+00	8.3575900000000005e-04
3.7353353353353356e+00	8.4007000000000005e-04
3.7353453453453453e+00	8.4435700000000001e-04
3.7353553553553556e+00	8.4862100000000003e-04
3.7353653653653653e+00	8.5286200000000002e-04
3.7353753753753756e+00	8.5708099999999999e-04
3.7353853853853853e+00	8.6127800000000004e-04
3.7353953953953956e+00	8.6545299999999997e-04
3.7354054054054053e+00	8.6960599999999998e-04
3.7354154154154156e+00	8.7373799999999999e-04
3.7354254254254253e+00	8.7784899999999999e-04
3.7354354354354355e+00	8.8193799999999997e-04
3.7354454454454458e+00	8.8600699999999996e-04
3.7354554554554555e+00	8.9005599999999996e-04
3.7354654654654658e+00	8.9408499999999998e-04
3.7354754754754755e+00	8.9809299999999998e-04
3.7354854854854858e+00	9.0208200000000001e-04
3.7354954954954955e+00	9.0605099999999995e-04
3.7355055055055058e+00	9.1000100000000002e-04
3.7355155155155155e+00	9.1393200000000000e-04
3.7355255255255257e+00	9.1784400000000002e-04
3.7355355355355355e+00	9.2173699999999995e-04
3.7355455455455457e+00	9.2561200000000003e-04
3.7355555555555555e+00	9.2946800000000003e-04
3.7355655655655657e+00	9.3330699999999997e-04
3.7355755755755755e+00	9.3712699999999995e-04
3.7355855855855857e+00	9.4092999999999998e-04
3.7355955955955955e+00	9.4471500000000005e-04
3.7356056056056057e+00	9.4848399999999998e-04
3.7356156156156159e+00	9.5223499999999995e-04
3.7356256256256257e+00	9.5596899999999998e-04
3.7356356356356359e+00	9.5968599999999996e-04
3.7356456456456457e+00	9.6338700000000001e-04
3.7356556556556559e+00	9.6707100000000001e-04
3.7356656656656657e+00	9.7073999999999999e-04
3.7356756756756759e+00	9.7439200000000003e-04
3.7356856856856857e+00	9.7802799999999993e-04
3.7356956956956959e+00	9.8164900000000002e-04
3.7357057057057057e+00	9.8525400000000008e-04
3.7357157157157159e+00	9.8884400000000001e-04
3.7357257257257257e+00	9.9241900000000003e-04
3.7357357357357359e+00	9.9597800000000001e-04
3.7357457457457457e+00	9.9952299999999999e-04
3.7357557557557559e+00	1.0030499999999999e-03
3.7357657657657657e+00	1.0065700000000000e-03
3.7357757757757759e+00	1.0100700000000001e-03
3.7357857857857857e+00	1.0135599999999999e-03
3.7357957957957959e+00	1.0170299999999999e-03
3.7358058058058061e+00	1.0204900000000000e-03
3.7358158158158159e+00	1.0239299999999999e-03
3.7358258258258261e+00	1.0273599999999999e-03
3.7358358358358359e+00	1.0307800000000000e-03
3.7358458458458461e+00	1.0341800000000000e-03
3.7358558558558559e+00	1.0375800000000000e-03
3.7358658658658661e+00	1.0409499999999999e-03
3.7358758758758759e+00	1.0443200000000001e-03
3.7358858858858861e+00	1.0476699999999999e-03
3.7358958958958959e+00	1.0510100000000000e-03
3.7359059059059061e+00	1.0543300000000000e-03
3.7359159159159159e+00	1.0576500000000000e-03
3.7359259259259261e+00	1.0609500000000000e-03
3.7359359359359359e+00	1.0642399999999999e-03
3.7359459459459461e+00	1.0675200000000000e-03
3.7359559559559559e+00	1.0707799999999999e-03
3.7359659659659661e+00	1.0740299999999999e-03
3.7359759759759763e+00	1.0772799999999999e-03
3.7359859859859861e+00	1.0805100000000000e-03
3.7359959959959963e+00	1.0837200000000000e-03
3.7360060060060061e+00	1.0869300000000001e-03
3.7360160160160163e+00	1.0901299999999999e-03
3.7360260260260261e+00	1.0933099999999999e-03
3.7360360360360363e+00	1.0964799999999999e-03
3.7360460460460461e+00	1.0996400000000000e-03
3.7360560560560563e+00	1.1027999999999999e-03
3.7360660660660661e+00	1.1059399999999999e-03
3.7360760760760763e+00	1.1090700000000000e-03
3.7360860860860861e+00	1.1121799999999999e-03
3.7360960960960963e+00	1.1152899999999999e-03
3.7361061061061061e+00	1.1183899999999999e-03
3.7361161161161163e+00	1.1214800000000000e-03
3.7361261261261260e+00	1.1245599999999999e-03
3.7361361361361363e+00	1.1276200000000000e-03
3.7361461461461465e+00	1.1306800000000000e-03
3.7361561561561563e+00	1.1337299999999999e-03
3.7361661661661665e+00	1.1367599999999999e-03
3.7361761761761763e+00	1.1397899999999999e-03
3.7361861861861865e+00	1.1428100000000000e-03
3.7361961961961963e+00	1.1458200000000001e-03
3.7362062062062065e+00	1.1488200000000000e-03
3.7362162162162162e+00	1.1518100000000001e-03
3.7362262262262265e+00	1.1547899999999999e-03
3.7362362362362362e+00	1.1577600000000001e-03
3.7362462462462465e+00	1.1607200000000001e-03
3.7362562562562562e+00	1.1636699999999999e-03
3.7362662662662665e+00	1.1666199999999999e-03
3.7362762762762762e+00	1.1695500000000001e-03
3.7362862862862865e+00	1.1724800000000000e-03
3.7362962962962962e+00	1.1754000000000001e-03
3.7363063063063064e+00	1.1783000000000000e-03
3.7363163163163167e+00	1.1812000000000001e-03
3.7363263263263264e+00	1.1841000000000000e-03
3.7363363363363367e+00	1.1869800000000000e-03
3.7363463463463464e+00	1.1898499999999999e-03
3.7363563563563567e+00	1.1927200000000000e-03
3.7363663663663664e+00	1.1955799999999999e-03
3.7363763763763767e+00	1.1984299999999999e-03
3.7363863863863864e+00	1.2012699999999999e-03
3.7363963963963966e+00	1.2041000000000000e-03
3.7364064064064064e+00	1.2069299999999999e-03
3.7364164164164166e+00	1.2097500000000001e-03
3.7364264264264264e+00	1.2125599999999999e-03
3.7364364364364366e+00	1.2153600000000000e-03
3.7364464464464464e+00	1.2181500000000001e-03
3.7364564564564566e+00	1.2209400000000000e-03
3.7364664664664664e+00	1.2237200000000000e-03
3.7364764764764766e+00	1.2264900000000000e-03
3.7364864864864864e+00	1.2292600000000000e-03
3.7364964964964966e+00	1.2320100000000000e-03
3.7365065065065068e+00	1.2347599999999999e-03
3.7365165165165166e+00	1.2375100000000000e-03
3.7365265265265268e+00	1.2402400000000001e-03
3.7365365365365366e+00	1.2429699999999999e-03
3.7365465465465468e+00	1.2456900000000000e-03
3.7365565565565566e+00	1.2484099999999999e-03
3.7365665665665668e+00	1.2511099999999999e-03
3.7365765765765766e+00	1.2538100000000000e-03
3.7365865865865868e+00	1.2565100000000000e-03
3.7365965965965966e+00	1.2591900000000001e-03
3.7366066066066068e+00	1.2618700000000000e-03
3.7366166166166166e+00	1.2645499999999999e-03
3.7366266266266268e+00	1.2672100000000000e-03
3.7366366366366366e+00	1.2698700000000000e-03
3.7366466466466468e+00	1.2725300000000000e-03
3.7366566566566566e+00	1.2751699999999999e-03
3.7366666666666668e+00	1.2778100000000001e-03
3.7366766766766770e+00	1.2804500000000000e-03
3.7366866866866868e+00	1.2830800000000000e-03
3.7366966966966970e+00	1.2857000000000001e-03
3.7367067067067068e+00	1.2883100000000000e-03
3.7367167167167170e+00	1.2909200000000001e-03
3.7367267267267268e+00	1.2935200000000000e-03
3.7367367367367370e+00	1.2961200000000000e-03
3.7367467467467468e+00	1.2987100000000000e-03
3.7367567567567570e+00	1.3013000000000000e-03
3.7367667667667668e+00	1.3038800000000001e-03
3.7367767767767770e+00	1.3064500000000000e-03
3.7367867867867868e+00	1.3090199999999999e-03
3.7367967967967970e+00	1.3115799999999999e-03
3.7368068068068068e+00	1.3141299999999999e-03
3.7368168168168170e+00	1.3166800000000000e-03
3.7368268268268268e+00	1.3192300000000000e-03
3.7368368368368370e+00	1.3217700000000001e-03
3.7368468468468472e+00	1.3243000000000000e-03
3.7368568568568570e+00	1.3268300000000000e-03
3.7368668668668672e+00	1.3293500000000000e-03
3.7368768768768770e+00	1.3318700000000000e-03
3.7368868868868872e+00	1.3343800000000000e-03
3.7368968968968970e+00	1.3368799999999999e-03
3.7369069069069072e+00	1.3393800000000000e-03
3.7369169169169170e+00	1.3418799999999999e-03
3.7369269269269272e+00	1.3443699999999999e-03
3.7369369369369370e+00	1.3468499999999999e-03
3.7369469469469472e+00	1.3493299999999999e-03
3.7369569569569570e+00	1.3518000000000000e-03
3.7369669669669672e+00	1.3542700000000001e-03
3.7369769769769769e+00	1.3567399999999999e-03
3.7369869869869872e+00	1.3592000000000001e-03
3.7369969969969969e+00	1.3616500000000001e-03
3.7370070070070072e+00	1.3641000000000000e-03
3.7370170170170169e+00	1.3665400000000001e-03
3.7370270270270272e+00	1.3689799999999999e-03
3.7370370370370374e+00	1.3714199999999999e-03
3.7370470470470472e+00	1.3738400000000001e-03
3.7370570570570574e+00	1.3762700000000000e-03
3.7370670670670671e+00	1.3786899999999999e-03
3.7370770770770774e+00	1.3810999999999999e-03
3.7370870870870871e+00	1.3835099999999999e-03
3.7370970970970974e+00	1.3859199999999999e-03
3.7371071071071071e+00	1.3883200000000000e-03
3.7371171171171174e+00	1.3907200000000000e-03
3.7371271271271271e+00	1.3931099999999999e-03
3.7371371371371374e+00	1.3955000000000000e-03
3.7371471471471471e+00	1.3978800000000000e-03
3.7371571571571574e+00	1.4002600000000000e-03
3.7371671671671671e+00	1.4026300000000000e-03
3.7371771771771773e+00	1.4050000000000000e-03
3.7371871871871871e+00	1.4073600000000001e-03
3.7371971971971973e+00	1.4097300000000001e-03
3.7372072072072076e+00	1.4120800000000000e-03
3.7372172172172173e+00	1.4144299999999999e-03
3.7372272272272276e+00	1.4167800000000001e-03
3.7372372372372373e+00	1.4191200000000001e-03
3.7372472472472476e+00	1.4214600000000000e-03
3.7372572572572573e+00	1.4238000000000000e-03
3.7372672672672675e+00	1.4261300000000001e-03
3.7372772772772773e+00	1.4284600000000001e-03
3.7372872872872875e+00	1.4307800000000000e-03
3.7372972972972973e+00	1.4331000000000001e-03
3.7373073073073075e+00	1.4354100000000000e-03
3.7373173173173173e+00	1.4377200000000000e-03
3.7373273273273275e+00	1.4400299999999999e-03
3.7373373373373373e+00	1.4423299999999999e-03
3.7373473473473475e+00	1.4446299999999999e-03
3.7373573573573573e+00	1.4469200000000000e-03
3.7373673673673675e+00	1.4492100000000000e-03
3.7373773773773777e+00	1.4515000000000001e-03
3.7373873873873875e+00	1.4537800000000000e-03
3.7373973973973977e+00	1.4560599999999999e-03
3.7374074074074075e+00	1.4583400000000000e-03
3.7374174174174177e+00	1.4606100000000000e-03
3.7374274274274275e+00	1.4628800000000000e-03
3.7374374374374377e+00	1.4651400000000000e-03
3.7374474474474475e+00	1.4674000000000000e-03
3.7374574574574577e+00	1.4696600000000000e-03
3.7374674674674675e+00	1.4719100000000001e-03
3.7374774774774777e+00	1.4741600000000000e-03
3.7374874874874875e+00	1.4764100000000000e-03
3.7374974974974977e+00	1.4786500000000000e-03
3.7375075075075075e+00	1.4808899999999999e-03
3.7375175175175177e+00	1.4831200000000001e-03
3.7375275275275275e+00	1.4853500000000001e-03
3.7375375375375377e+00	1.4875800000000001e-03
3.7375475475475479e+00	1.4898100000000000e-03
3.7375575575575577e+00	1.4920300000000001e-03
3.7375675675675679e+00	1.4942499999999999e-03
3.7375775775775777e+00	1.4964600000000000e-03
3.7375875875875879e+00	1.4986699999999999e-03
3.7375975975975977e+00	1.5008800000000000e-03
3.7376076076076079e+00	1.5030800000000000e-03
3.7376176176176177e+00	1.5052799999999999e-03
3.7376276276276279e+00	1.5074800000000001e-03
3.7376376376376377e+00	1.5096700000000001e-03
3.7376476476476479e+00	1.5118700000000000e-03
3.7376576576576577e+00	1.5140500000000001e-03
3.7376676676676679e+00	1.5162400000000001e-03
3.7376776776776777e+00	1.5184199999999999e-03
3.7376876876876879e+00	1.5206000000000000e-03
3.7376976976976977e+00	1.5227699999999999e-03
3.7377077077077079e+00	1.5249400000000000e-03
3.7377177177177177e+00	1.5271099999999999e-03
3.7377277277277279e+00	1.5292800000000000e-03
3.7377377377377381e+00	1.5314400000000000e-03
3.7377477477477479e+00	1.5336000000000000e-03
3.7377577577577581e+00	1.5357500000000000e-03
3.7377677677677679e+00	1.5379100000000000e-03
3.7377777777777781e+00	1.5400600000000000e-03
3.7377877877877879e+00	1.5422000000000001e-03
3.7377977977977981e+00	1.5443500000000001e-03
3.7378078078078079e+00	1.5464900000000000e-03
3.7378178178178181e+00	1.5486300000000001e-03
3.7378278278278279e+00	1.5507600000000000e-03
3.7378378378378381e+00	1.5528899999999999e-03
3.7378478478478478e+00	1.5550200000000001e-03
3.7378578578578581e+00	1.5571500000000000e-03
3.7378678678678678e+00	1.5592700000000000e-03
3.7378778778778781e+00	1.5613900000000000e-03
3.7378878878878878e+00	1.5635099999999999e-03
3.7378978978978981e+00	1.5656200000000000e-03
3.7379079079079083e+00	1.5677400000000000e-03
3.7379179179179181e+00	1.5698500000000000e-03
3.7379279279279283e+00	1.5719499999999999e-03
3.7379379379379380e+00	1.5740500000000000e-03
3.7379479479479483e+00	1.5761600000000001e-03
3.7379579579579580e+00	1.5782500000000000e-03
3.7379679679679683e+00	1.5803499999999999e-03
3.7379779779779780e+00	1.5824400000000001e-03
3.7379879879879883e+00	1.5845300000000000e-03
3.7379979979979980e+00	1.5866200000000000e-03
3.7380080080080083e+00	1.5887000000000000e-03
3.7380180180180180e+00	1.5907800000000000e-03
3.7380280280280282e+00	1.5928600000000000e-03
3.7380380380380380e+00	1.5949400000000000e-03
3.7380480480480482e+00	1.5970100000000001e-03
3.7380580580580580e+00	1.5990900000000001e-03
3.7380680680680682e+00	1.6011500000000000e-03
3.7380780780780785e+00	1.6032200000000000e-03
3.7380880880880882e+00	1.6052799999999999e-03
3.7380980980980985e+00	1.6073500000000000e-03
3.7381081081081082e+00	1.6094000000000000e-03
3.7381181181181184e+00	1.6114600000000001e-03
3.7381281281281282e+00	1.6135100000000001e-03
3.7381381381381384e+00	1.6155600000000000e-03
3.7381481481481482e+00	1.6176100000000000e-03
3.7381581581581584e+00	1.6196600000000000e-03
3.7381681681681682e+00	1.6217000000000000e-03
3.7381781781781784e+00	1.6237400000000000e-03
3.7381881881881882e+00	1.6257800000000001e-03
3.7381981981981984e+00	1.6278200000000001e-03
3.7382082082082082e+00	1.6298500000000000e-03
3.7382182182182184e+00	1.6318800000000000e-03
3.7382282282282282e+00	1.6339099999999999e-03
3.7382382382382384e+00	1.6359400000000000e-03
3.7382482482482486e+00	1.6379599999999999e-03
3.7382582582582584e+00	1.6399900000000000e-03
3.7382682682682686e+00	1.6420000000000000e-03
3.7382782782782784e+00	1.6440199999999999e-03
3.7382882882882886e+00	1.6460400000000001e-03
3.7382982982982984e+00	1.6480500000000001e-03
3.7383083083083086e+00	1.6500600000000001e-03
3.7383183183183184e+00	1.6520700000000001e-03
3.7383283283283286e+00	1.6540700000000001e-03
3.7383383383383384e+00	1.6560800000000001e-03
3.7383483483483486e+00	1.6580799999999999e-03
3.7383583583583584e+00	1.6600800000000000e-03
3.7383683683683686e+00	1.6620700000000001e-03
3.7383783783783784e+00	1.6640699999999999e-03
3.7383883883883886e+00	1.6660600000000000e-03
3.7383983983983984e+00	1.6680499999999999e-03
3.7384084084084086e+00	1.6700400000000000e-03
3.7384184184184184e+00	1.6720299999999999e-03
3.7384284284284286e+00	1.6740100000000001e-03
3.7384384384384388e+00	1.6759900000000000e-03
3.7384484484484486e+00	1.6779700000000000e-03
3.7384584584584588e+00	1.6799499999999999e-03
3.7384684684684686e+00	1.6819199999999999e-03
3.7384784784784788e+00	1.6838999999999999e-03
3.7384884884884886e+00	1.6858699999999999e-03
3.7384984984984988e+00	1.6878399999999999e-03
3.7385085085085086e+00	1.6898000000000000e-03
3.7385185185185188e+00	1.6917700000000000e-03
3.7385285285285286e+00	1.6937300000000001e-03
3.7385385385385388e+00	1.6956899999999999e-03
3.7385485485485486e+00	1.6976500000000000e-03
3.7385585585585588e+00	1.6996100000000001e-03
3.7385685685685686e+00	1.7015600000000000e-03
3.7385785785785788e+00	1.7035100000000001e-03
3.7385885885885886e+00	1.7054600000000000e-03
3.7385985985985988e+00	1.7074099999999999e-03
3.7386086086086090e+00	1.7093600000000000e-03
3.7386186186186188e+00	1.7113000000000000e-03
3.7386286286286290e+00	1.7132499999999999e-03
3.7386386386386388e+00	1.7151899999999999e-03
3.7386486486486490e+00	1.7171199999999999e-03
3.7386586586586588e+00	1.7190599999999999e-03
3.7386686686686690e+00	1.7210000000000001e-03
3.7386786786786788e+00	1.7229299999999999e-03
3.7386886886886890e+00	1.7248599999999999e-03
3.7386986986986988e+00	1.7267900000000000e-03
3.7387087087087090e+00	1.7287200000000000e-03
3.7387187187187187e+00	1.7306400000000001e-03
3.7387287287287290e+00	1.7325600000000000e-03
3.7387387387387387e+00	1.7344900000000000e-03
3.7387487487487490e+00	1.7363999999999999e-03
3.7387587587587587e+00	1.7383200000000000e-03
3.7387687687687690e+00	1.7402400000000001e-03
3.7387787787787792e+00	1.7421500000000000e-03
3.7387887887887890e+00	1.7440600000000000e-03
3.7387987987987992e+00	1.7459699999999999e-03
3.7388088088088089e+00	1.7478800000000000e-03
3.7388188188188192e+00	1.7497900000000000e-03
3.7388288288288289e+00	1.7516900000000000e-03
3.7388388388388392e+00	1.7535999999999999e-03
3.7388488488488489e+00	1.7554999999999999e-03
3.7388588588588592e+00	1.7574000000000001e-03
3.7388688688688689e+00	1.7593000000000001e-03
3.7388788788788792e+00	1.7611899999999999e-03
3.7388888888888889e+00	1.7630899999999999e-03
3.7388988988988991e+00	1.7649800000000000e-03
3.7389089089089089e+00	1.7668700000000000e-03
3.7389189189189191e+00	1.7687600000000001e-03
3.7389289289289289e+00	1.7706499999999999e-03
3.7389389389389391e+00	1.7725300000000000e-03
3.7389489489489494e+00	1.7744200000000001e-03
3.7389589589589591e+00	1.7763000000000000e-03
3.7389689689689694e+00	1.7781800000000001e-03
3.7389789789789791e+00	1.7800600000000000e-03
3.7389889889889893e+00	1.7819299999999999e-03
3.7389989989989991e+00	1.7838100000000000e-03
3.7390090090090093e+00	1.7856800000000000e-03
3.7390190190190191e+00	1.7875499999999999e-03
3.7390290290290293e+00	1.7894199999999999e-03
3.7390390390390391e+00	1.7912900000000001e-03
3.7390490490490493e+00	1.7931600000000000e-03
3.7390590590590591e+00	1.7950300000000000e-03
3.7390690690690693e+00	1.7968900000000000e-03
3.7390790790790791e+00	1.7987500000000000e-03
3.7390890890890893e+00	1.8006100000000000e-03
3.7390990990990991e+00	1.8024700000000000e-03
3.7391091091091093e+00	1.8043300000000000e-03
3.7391191191191191e+00	1.8061799999999999e-03
3.7391291291291293e+00	1.8080399999999999e-03
3.7391391391391395e+00	1.8098900000000000e-03
3.7391491491491493e+00	1.8117400000000001e-03
3.7391591591591595e+00	1.8135899999999999e-03
3.7391691691691693e+00	1.8154400000000000e-03
3.7391791791791795e+00	1.8172799999999999e-03
3.7391891891891893e+00	1.8191300000000000e-03
3.7391991991991995e+00	1.8209700000000001e-03
3.7392092092092093e+00	1.8228100000000000e-03
3.7392192192192195e+00	1.8246499999999999e-03
3.7392292292292293e+00	1.8264900000000001e-03
3.7392392392392395e+00	1.8283300000000000e-03
3.7392492492492493e+00	1.8301599999999999e-03
3.7392592592592595e+00	1.8320000000000001e-03
3.7392692692692693e+00	1.8338300000000001e-03
3.7392792792792795e+00	1.8356600000000000e-03
3.7392892892892893e+00	1.8374900000000000e-03
3.7392992992992995e+00	1.8393200000000000e-03
3.7393093093093097e+00	1.8411400000000000e-03
3.7393193193193195e+00	1.8429700000000000e-03
3.7393293293293297e+00	1.8447900000000000e-03
3.7393393393393395e+00	1.8466100000000000e-03
3.7393493493493497e+00	1.8484300000000001e-03
3.7393593593593595e+00	1.8502499999999999e-03
3.7393693693693697e+00	1.8520699999999999e-03
3.7393793793793795e+00	1.8538900000000000e-03
3.7393893893893897e+00	1.8557000000000001e-03
3.7393993993993995e+00	1.8575200000000001e-03
3.7394094094094097e+00	1.8593300000000000e-03
3.7394194194194195e+00	1.8611400000000001e-03
3.7394294294294297e+00	1.8629499999999999e-03
3.7394394394394395e+00	1.8647500000000001e-03
3.7394494494494497e+00	1.8665600000000000e-03
3.7394594594594595e+00	1.8683599999999999e-03
3.7394694694694697e+00	1.8701700000000000e-03
3.7394794794794799e+00	1.8719699999999999e-03
3.7394894894894897e+00	1.8737700000000001e-03
3.7394994994994999e+00	1.8755700000000000e-03
3.7395095095095097e+00	1.8773700000000000e-03
3.7395195195195199e+00	1.8791599999999999e-03
3.7395295295295297e+00	1.8809600000000001e-03
3.7395395395395399e+00	1.8827500000000001e-03
3.7395495495495497e+00	1.8845400000000001e-03
3.7395595595595599e+00	1.8863300000000001e-03
3.7395695695695697e+00	1.8881200000000001e-03
3.7395795795795799e+00	1.8899100000000001e-03
3.7395895895895896e+00	1.8917000000000001e-03
3.7395995995995999e+00	1.8934799999999999e-03
3.7396096096096096e+00	1.8952699999999999e-03
3.7396196196196199e+00	1.8970500000000000e-03
3.7396296296296296e+00	1.8988300000000000e-03
3.7396396396396399e+00	1.9006100000000001e-03
3.7396496496496501e+00	1.9023899999999999e-03
3.7396596596596599e+00	1.9041700000000000e-03
3.7396696696696701e+00	1.9059400000000001e-03
3.7396796796796798e+00	1.9077199999999999e-03
3.7396896896896901e+00	1.9094900000000000e-03
3.7396996996996998e+00	1.9112599999999999e-03
3.7397097097097101e+00	1.9130400000000000e-03
3.7397197197197198e+00	1.9148100000000001e-03
3.7397297297297301e+00	1.9165700000000000e-03
3.7397397397397398e+00	1.9183399999999999e-03
3.7397497497497501e+00	1.9201100000000000e-03
3.7397597597597598e+00	1.9218700000000000e-03
3.7397697697697700e+00	1.9236300000000000e-03
3.7397797797797798e+00	1.9254000000000001e-03
3.7397897897897900e+00	1.9271600000000000e-03
3.7397997997997998e+00	1.9289200000000000e-03
3.7398098098098100e+00	1.9306700000000000e-03
3.7398198198198198e+00	1.9324300000000000e-03
3.7398298298298300e+00	1.9341899999999999e-03
3.7398398398398403e+00	1.9359399999999999e-03
3.7398498498498500e+00	1.9376899999999999e-03
3.7398598598598602e+00	1.9394499999999999e-03
3.7398698698698700e+00	1.9411999999999999e-03
3.7398798798798802e+00	1.9429499999999999e-03
3.7398898898898900e+00	1.9446900000000000e-03
3.7398998998999002e+00	1.9464400000000000e-03
3.7399099099099100e+00	1.9481900000000000e-03
3.7399199199199202e+00	1.9499299999999999e-03
3.7399299299299300e+00	1.9516799999999999e-03
3.7399399399399402e+00	1.9534200000000000e-03
3.7399499499499500e+00	1.9551600000000001e-03
3.7399599599599602e+00	1.9569000000000001e-03
3.7399699699699700e+00	1.9586400000000002e-03
3.7399799799799802e+00	1.9603799999999998e-03
3.7399899899899900e+00	1.9621100000000000e-03
3.7400000000000002e+00	1.9638500000000001e-03
