3.0000000000000000e+00	2.1400700000000000e-01
3.0020020020020022e+00	2.0741100000000001e-01
3.0040040040040039e+00	2.0089000000000001e-01
3.0060060060060061e+00	1.9444600000000001e-01
3.0080080080080078e+00	1.8808000000000000e-01
3.0100100100100100e+00	1.8179500000000001e-01
3.0120120120120122e+00	1.7559100000000000e-01
3.0140140140140139e+00	1.6947300000000001e-01
3.0160160160160161e+00	1.6344100000000000e-01
3.0180180180180178e+00	1.5749800000000000e-01
3.0200200200200200e+00	1.5164600000000000e-01
3.0220220220220222e+00	1.4588699999999999e-01
3.0240240240240239e+00	1.4022499999999999e-01
3.0260260260260261e+00	1.3466200000000000e-01
3.0280280280280278e+00	1.2920000000000001e-01
3.0300300300300300e+00	1.2384299999999999e-01
3.0320320320320322e+00	1.1859300000000000e-01
3.0340340340340339e+00	1.1345300000000000e-01
3.0360360360360361e+00	1.0842599999999999e-01
3.0380380380380378e+00	1.0351700000000000e-01
3.0400400400400400e+00	9.8727700000000002e-02
3.0420420420420422e+00	9.4062699999999999e-02
3.0440440440440439e+00	8.9525499999999994e-02
3.0460460460460461e+00	8.5120299999999996e-02
3.0480480480480479e+00	8.0851300000000001e-02
3.0500500500500500e+00	7.6723100000000002e-02
3.0520520520520522e+00	7.2740399999999997e-02
3.0540540540540539e+00	6.8908499999999998e-02
3.0560560560560561e+00	6.5232899999999996e-02
3.0580580580580579e+00	6.1719599999999999e-02
3.0600600600600600e+00	5.8375099999999999e-02
3.0620620620620622e+00	5.5206900000000003e-02
3.0640640640640640e+00	5.2222999999999999e-02
3.0660660660660661e+00	4.9432999999999998e-02
3.0680680680680679e+00	4.6847600000000003e-02
3.0700700700700700e+00	4.4479999999999999e-02
3.0720720720720722e+00	4.2345800000000003e-02
3.0740740740740740e+00	4.0464500000000000e-02
3.0760760760760761e+00	3.8860699999999998e-02
3.0780780780780779e+00	3.7566500000000003e-02
3.0800800800800801e+00	3.6624499999999997e-02
3.0820820820820822e+00	3.6092399999999997e-02
3.0840840840840840e+00	3.6050499999999999e-02
3.0860860860860861e+00	3.6613100000000003e-02
3.0880880880880879e+00	3.7946500000000001e-02
3.0900900900900901e+00	4.0299000000000001e-02
3.0920920920920922e+00	4.4050800000000001e-02
3.0940940940940940e+00	4.9800900000000002e-02
3.0960960960960962e+00	5.8522100000000001e-02
3.0980980980980979e+00	7.1846999999999994e-02
3.1001001001001001e+00	9.2611600000000002e-02
3.1021021021021022e+00	1.2590699999999999e-01
3.1041041041041040e+00	1.8107699999999999e-01
3.1061061061061062e+00	2.7497899999999997e-01
3.1081081081081079e+00	4.3408999999999998e-01
3.1101101101101101e+00	6.7271899999999996e-01
3.1121121121121122e+00	9.2042100000000004e-01
3.1141141141141140e+00	9.9627100000000002e-01
3.1161161161161162e+00	8.8116099999999997e-01
3.1181181181181179e+00	7.1865900000000005e-01
3.1201201201201201e+00	5.8641900000000002e-01
3.1221221221221223e+00	4.9309599999999998e-01
3.1241241241241240e+00	4.2940499999999998e-01
3.1261261261261262e+00	3.8606099999999999e-01
3.1281281281281279e+00	3.5655300000000001e-01
3.1301301301301301e+00	3.3663799999999999e-01
3.1321321321321323e+00	3.2356499999999999e-01
3.1341341341341340e+00	3.1552000000000002e-01
3.1361361361361362e+00	3.1128200000000000e-01
3.1381381381381379e+00	3.1000400000000000e-01
3.1401401401401401e+00	3.1108700000000000e-01
3.1421421421421423e+00	3.1409500000000001e-01
3.1441441441441440e+00	3.1870399999999999e-01
3.1461461461461462e+00	3.2466800000000001e-01
3.1481481481481479e+00	3.3179500000000001e-01
3.1501501501501501e+00	3.3993699999999999e-01
3.1521521521521523e+00	3.4898200000000001e-01
3.1541541541541540e+00	3.5887000000000002e-01
3.1561561561561562e+00	3.6998199999999998e-01
3.1581581581581579e+00	3.7935099999999999e-01
3.1601601601601601e+00	3.9143800000000001e-01
3.1621621621621623e+00	4.0362599999999998e-01
3.1641641641641640e+00	4.1617700000000002e-01
3.1661661661661662e+00	4.2907499999999998e-01
3.1681681681681679e+00	4.4228299999999998e-01
3.1701701701701701e+00	4.5575599999999999e-01
3.1721721721721723e+00	4.6945199999999998e-01
3.1741741741741740e+00	4.8332900000000001e-01
3.1761761761761762e+00	4.9734400000000001e-01
3.1781781781781784e+00	5.1145700000000005e-01
3.1801801801801801e+00	5.2563000000000004e-01
3.1821821821821823e+00	5.3982500000000000e-01
3.1841841841841840e+00	5.5400499999999997e-01
3.1861861861861862e+00	5.6813599999999997e-01
3.1881881881881884e+00	5.8218400000000003e-01
3.1901901901901901e+00	5.9611700000000001e-01
3.1921921921921923e+00	6.0990400000000000e-01
3.1941941941941940e+00	6.2351900000000005e-01
3.1961961961961962e+00	6.3693200000000005e-01
3.1981981981981984e+00	6.5012000000000003e-01
3.2002002002002001e+00	6.6305999999999998e-01
3.2022022022022023e+00	6.7573000000000005e-01
3.2042042042042040e+00	6.8811199999999995e-01
3.2062062062062062e+00	7.0018700000000000e-01
3.2082082082082084e+00	7.1194100000000005e-01
3.2102102102102101e+00	7.2336100000000003e-01
3.2122122122122123e+00	7.3443400000000003e-01
3.2142142142142140e+00	7.4515299999999995e-01
3.2162162162162162e+00	7.5550799999999996e-01
3.2182182182182184e+00	7.6549500000000004e-01
3.2202202202202201e+00	7.7510900000000005e-01
3.2222222222222223e+00	7.8434599999999999e-01
3.2242242242242241e+00	7.9320599999999997e-01
3.2262262262262262e+00	8.0168899999999998e-01
3.2282282282282284e+00	8.0979699999999999e-01
3.2302302302302301e+00	8.1753100000000001e-01
3.2322322322322323e+00	8.2489500000000004e-01
3.2342342342342341e+00	8.3189400000000002e-01
3.2362362362362362e+00	8.3853299999999997e-01
3.2382382382382384e+00	8.4481799999999996e-01
3.2402402402402402e+00	8.5075500000000004e-01
3.2422422422422423e+00	8.5635200000000000e-01
3.2442442442442441e+00	8.6161500000000002e-01
3.2462462462462462e+00	8.6655300000000002e-01
3.2482482482482484e+00	8.7117199999999995e-01
3.2502502502502502e+00	8.7548099999999995e-01
3.2522522522522523e+00	8.7948899999999997e-01
3.2542542542542541e+00	8.8320100000000001e-01
3.2562562562562563e+00	8.8662700000000005e-01
3.2582582582582584e+00	8.8977399999999995e-01
3.2602602602602602e+00	8.9264800000000000e-01
3.2622622622622623e+00	8.9525699999999997e-01
3.2642642642642641e+00	8.9760600000000001e-01
3.2662662662662663e+00	8.9970300000000003e-01
3.2682682682682684e+00	9.0155300000000005e-01
3.2702702702702702e+00	9.0315999999999996e-01
3.2722722722722724e+00	9.0452900000000003e-01
3.2742742742742741e+00	9.0566400000000002e-01
3.2762762762762763e+00	9.0656899999999996e-01
3.2782782782782784e+00	9.0724499999999997e-01
3.2802802802802802e+00	9.0769699999999998e-01
3.2822822822822824e+00	9.0792399999999995e-01
3.2842842842842841e+00	9.0792799999999996e-01
3.2862862862862863e+00	9.0771000000000002e-01
3.2882882882882885e+00	9.0726899999999999e-01
3.2902902902902902e+00	9.0660399999999997e-01
3.2922922922922924e+00	9.0571400000000002e-01
3.2942942942942941e+00	9.0459800000000001e-01
3.2962962962962963e+00	9.0325299999999997e-01
3.2982982982982985e+00	9.0167600000000003e-01
3.3003003003003002e+00	8.9986400000000000e-01
3.3023023023023024e+00	8.9781299999999997e-01
3.3043043043043046e+00	8.9551999999999998e-01
3.3063063063063063e+00	8.9298100000000002e-01
3.3083083083083085e+00	8.9019099999999995e-01
3.3103103103103102e+00	8.8714599999999999e-01
3.3123123123123124e+00	8.8384099999999999e-01
3.3143143143143146e+00	8.8027200000000005e-01
3.3163163163163163e+00	8.7643499999999996e-01
3.3183183183183185e+00	8.7232500000000002e-01
3.3203203203203202e+00	8.6793900000000002e-01
3.3223223223223224e+00	8.6327299999999996e-01
3.3243243243243246e+00	8.5832500000000000e-01
3.3263263263263263e+00	8.5309199999999996e-01
3.3283283283283285e+00	8.4757099999999996e-01
3.3303303303303302e+00	8.4176399999999996e-01
3.3323323323323324e+00	8.3566799999999997e-01
3.3343343343343346e+00	8.2928400000000002e-01
3.3363363363363363e+00	8.2261600000000001e-01
3.3383383383383385e+00	8.1566399999999994e-01
3.3403403403403402e+00	8.0843299999999996e-01
3.3423423423423424e+00	8.0092900000000000e-01
3.3443443443443446e+00	7.9315599999999997e-01
3.3463463463463463e+00	7.8512199999999999e-01
3.3483483483483485e+00	7.7683599999999997e-01
3.3503503503503502e+00	7.6830799999999999e-01
3.3523523523523524e+00	7.5954800000000000e-01
3.3543543543543546e+00	7.5056800000000001e-01
3.3563563563563563e+00	7.4138000000000004e-01
3.3583583583583585e+00	7.3200100000000001e-01
3.3603603603603602e+00	7.2244299999999995e-01
3.3623623623623624e+00	7.1272300000000000e-01
3.3643643643643646e+00	7.0285699999999995e-01
3.3663663663663663e+00	6.9286300000000001e-01
3.3683683683683685e+00	6.8275799999999998e-01
3.3703703703703702e+00	6.7256000000000005e-01
3.3723723723723724e+00	6.6228900000000002e-01
3.3743743743743746e+00	6.5196100000000001e-01
3.3763763763763763e+00	6.4159699999999997e-01
3.3783783783783785e+00	6.3121400000000005e-01
3.3803803803803802e+00	6.2082999999999999e-01
3.3823823823823824e+00	6.1046500000000004e-01
3.3843843843843846e+00	6.0013399999999995e-01
3.3863863863863863e+00	5.8985699999999996e-01
3.3883883883883885e+00	5.7964800000000005e-01
3.3903903903903903e+00	5.6952400000000003e-01
3.3923923923923924e+00	5.5950000000000000e-01
3.3943943943943946e+00	5.4959000000000002e-01
3.3963963963963963e+00	5.3980799999999995e-01
3.3983983983983985e+00	5.3016500000000000e-01
3.4004004004004003e+00	5.2067500000000000e-01
3.4024024024024024e+00	5.1134599999999997e-01
3.4044044044044046e+00	5.0219100000000005e-01
3.4064064064064064e+00	4.9321599999999999e-01
3.4084084084084085e+00	4.8443000000000003e-01
3.4104104104104103e+00	4.7583999999999999e-01
3.4124124124124124e+00	4.6745199999999998e-01
3.4144144144144146e+00	4.5927200000000001e-01
3.4164164164164164e+00	4.5130399999999998e-01
3.4184184184184185e+00	4.4355099999999997e-01
3.4204204204204203e+00	4.3601699999999999e-01
3.4224224224224224e+00	4.2870500000000000e-01
3.4244244244244246e+00	4.2161500000000002e-01
3.4264264264264264e+00	4.1474899999999998e-01
3.4284284284284285e+00	4.0810700000000000e-01
3.4304304304304303e+00	4.0168900000000002e-01
3.4324324324324325e+00	3.9549600000000001e-01
3.4344344344344346e+00	3.8952500000000001e-01
3.4364364364364364e+00	3.8377600000000001e-01
3.4384384384384385e+00	3.7824700000000000e-01
3.4404404404404403e+00	3.7293700000000002e-01
3.4424424424424425e+00	3.6784200000000000e-01
3.4444444444444446e+00	3.6296200000000001e-01
3.4464464464464464e+00	3.5829299999999997e-01
3.4484484484484486e+00	3.5383199999999998e-01
3.4504504504504503e+00	3.4957700000000003e-01
3.4524524524524525e+00	3.4552500000000003e-01
3.4544544544544546e+00	3.4167300000000000e-01
3.4564564564564564e+00	3.3801799999999999e-01
3.4584584584584586e+00	3.3455699999999999e-01
3.4604604604604603e+00	3.3128600000000002e-01
3.4624624624624625e+00	3.2820300000000002e-01
3.4644644644644647e+00	3.2530500000000001e-01
3.4664664664664664e+00	3.2258799999999999e-01
3.4684684684684686e+00	3.2005099999999997e-01
3.4704704704704703e+00	3.1768900000000000e-01
3.4724724724724725e+00	3.1550000000000000e-01
3.4744744744744747e+00	3.1348100000000001e-01
3.4764764764764764e+00	3.1163000000000002e-01
3.4784784784784786e+00	3.0994400000000000e-01
3.4804804804804803e+00	3.0842100000000000e-01
3.4824824824824825e+00	3.0705900000000003e-01
3.4844844844844847e+00	3.0585400000000001e-01
3.4864864864864864e+00	3.0480600000000002e-01
3.4884884884884886e+00	3.0391200000000002e-01
3.4904904904904903e+00	3.0317100000000002e-01
3.4924924924924925e+00	3.0258000000000002e-01
3.4944944944944947e+00	3.0213800000000002e-01
3.4964964964964964e+00	3.0184400000000000e-01
3.4984984984984986e+00	3.0169600000000002e-01
3.5005005005005003e+00	3.0169400000000002e-01
3.5025025025025025e+00	3.0183500000000002e-01
3.5045045045045047e+00	3.0212000000000000e-01
3.5065065065065064e+00	3.0254599999999998e-01
3.5085085085085086e+00	3.0311500000000002e-01
3.5105105105105103e+00	3.0382500000000001e-01
3.5125125125125125e+00	3.0467499999999997e-01
3.5145145145145147e+00	3.0566599999999999e-01
3.5165165165165164e+00	3.0679699999999999e-01
3.5185185185185186e+00	3.0806800000000001e-01
3.5205205205205203e+00	3.0947999999999998e-01
3.5225225225225225e+00	3.1103199999999998e-01
3.5245245245245247e+00	3.1272499999999998e-01
3.5265265265265264e+00	3.1455899999999998e-01
3.5285285285285286e+00	3.1653500000000001e-01
3.5305305305305303e+00	3.1865300000000002e-01
3.5325325325325325e+00	3.2091399999999998e-01
3.5345345345345347e+00	3.2331599999999999e-01
3.5365365365365364e+00	3.2585700000000001e-01
3.5385385385385386e+00	3.2851599999999997e-01
3.5405405405405403e+00	3.3773199999999998e-01
3.5425425425425425e+00	3.3454200000000001e-01
3.5445445445445447e+00	3.3765299999999998e-01
3.5465465465465464e+00	3.4094600000000003e-01
3.5485485485485486e+00	3.4440100000000001e-01
3.5505505505505504e+00	3.4801599999999999e-01
3.5525525525525525e+00	3.5179199999999999e-01
3.5545545545545547e+00	3.5572999999999999e-01
3.5565565565565564e+00	3.5983300000000001e-01
3.5585585585585586e+00	3.6410199999999998e-01
3.5605605605605604e+00	3.6853999999999998e-01
3.5625625625625625e+00	3.7314900000000001e-01
3.5645645645645647e+00	3.7793300000000002e-01
3.5665665665665665e+00	3.8289299999999998e-01
3.5685685685685686e+00	3.8803300000000002e-01
3.5705705705705704e+00	3.9335599999999998e-01
3.5725725725725725e+00	3.9886400000000000e-01
3.5745745745745747e+00	4.0456100000000000e-01
3.5765765765765765e+00	4.1044999999999998e-01
3.5785785785785786e+00	4.1653400000000002e-01
3.5805805805805804e+00	4.2281600000000003e-01
3.5825825825825826e+00	4.2929899999999999e-01
3.5845845845845847e+00	4.3598799999999999e-01
3.5865865865865865e+00	4.4288400000000000e-01
3.5885885885885886e+00	4.4999099999999997e-01
3.5905905905905904e+00	4.5731200000000000e-01
3.5925925925925926e+00	4.6484999999999999e-01
3.5945945945945947e+00	4.7260900000000000e-01
3.5965965965965965e+00	4.8059200000000002e-01
3.5985985985985987e+00	4.8880000000000001e-01
3.6006006006006004e+00	4.9723600000000001e-01
3.6026026026026026e+00	5.0590299999999999e-01
3.6046046046046047e+00	5.1480400000000004e-01
3.6066066066066065e+00	5.2393900000000004e-01
3.6086086086086087e+00	5.3330999999999995e-01
3.6106106106106104e+00	5.4291800000000001e-01
3.6126126126126126e+00	5.5276300000000000e-01
3.6146146146146148e+00	5.6284699999999999e-01
3.6166166166166165e+00	5.7316800000000001e-01
3.6186186186186187e+00	5.8372400000000002e-01
3.6206206206206204e+00	5.9451500000000002e-01
3.6226226226226226e+00	6.0553699999999999e-01
3.6246246246246248e+00	6.1678699999999997e-01
3.6266266266266265e+00	6.2825900000000001e-01
3.6286286286286287e+00	6.3994899999999999e-01
3.6306306306306304e+00	6.5184900000000001e-01
3.6326326326326326e+00	6.6395099999999996e-01
3.6346346346346348e+00	6.7624499999999999e-01
3.6366366366366365e+00	6.8871899999999997e-01
3.6386386386386387e+00	7.0136100000000001e-01
3.6406406406406404e+00	7.1415499999999998e-01
3.6426426426426426e+00	7.2708499999999998e-01
3.6446446446446448e+00	7.4013200000000001e-01
3.6466466466466465e+00	7.5327400000000000e-01
3.6486486486486487e+00	7.6648899999999998e-01
3.6506506506506504e+00	7.7974900000000003e-01
3.6526526526526526e+00	7.9302600000000001e-01
3.6546546546546548e+00	8.0628999999999995e-01
3.6566566566566565e+00	8.1950500000000004e-01
3.6586586586586587e+00	8.3263500000000001e-01
3.6606606606606604e+00	8.4564099999999998e-01
3.6626626626626626e+00	8.5848000000000002e-01
3.6646646646646648e+00	8.7110600000000005e-01
3.6666666666666665e+00	8.8347100000000001e-01
3.6686686686686687e+00	8.9551700000000001e-01
3.6706706706706704e+00	9.0721399999999996e-01
3.6726726726726726e+00	9.1848300000000005e-01
3.6746746746746748e+00	9.2927499999999996e-01
3.6766766766766765e+00	9.3952999999999998e-01
3.6786786786786787e+00	9.4918899999999995e-01
3.6806806806806804e+00	9.5819100000000001e-01
3.6826826826826826e+00	9.6647499999999997e-01
3.6846846846846848e+00	9.7397999999999996e-01
3.6866866866866865e+00	9.8064600000000002e-01
3.6886886886886887e+00	9.8641500000000004e-01
3.6906906906906904e+00	9.9123200000000000e-01
3.6926926926926926e+00	9.9504499999999996e-01
3.6946946946946948e+00	9.9780599999999997e-01
3.6966966966966965e+00	9.9946999999999997e-01
3.6986986986986987e+00	9.9999899999999997e-01
3.7007007007007005e+00	9.9936100000000005e-01
3.7027027027027026e+00	9.9753000000000003e-01
3.7047047047047048e+00	9.9448899999999996e-01
3.7067067067067065e+00	9.9022500000000002e-01
3.7087087087087087e+00	9.8473699999999997e-01
3.7107107107107105e+00	9.7802900000000004e-01
3.7127127127127126e+00	9.7011599999999998e-01
3.7147147147147148e+00	9.6101899999999996e-01
3.7167167167167166e+00	9.5076700000000003e-01
3.7187187187187187e+00	9.3939899999999998e-01
3.7207207207207205e+00	9.2695899999999998e-01
3.7227227227227226e+00	9.1349800000000003e-01
3.7247247247247248e+00	8.9907400000000004e-01
3.7267267267267266e+00	8.8374799999999998e-01
3.7287287287287287e+00	8.6758900000000005e-01
3.7307307307307305e+00	8.5066600000000003e-01
3.7327327327327327e+00	8.3305300000000004e-01
3.7347347347347348e+00	8.1482500000000002e-01
3.7367367367367370e+00	7.9605800000000004e-01
3.7387387387387387e+00	7.7682899999999999e-01
3.7407407407407405e+00	7.5721300000000002e-01
3.7427427427427427e+00	7.3728400000000005e-01
3.7447447447447448e+00	7.1711599999999998e-01
3.7467467467467470e+00	6.9677800000000001e-01
3.7487487487487487e+00	6.7633600000000005e-01
3.7507507507507505e+00	6.5585599999999999e-01
3.7527527527527527e+00	6.3539599999999996e-01
3.7547547547547548e+00	6.1501300000000003e-01
3.7567567567567570e+00	5.9475999999999996e-01
3.7587587587587588e+00	5.7468300000000005e-01
3.7607607607607605e+00	5.5482699999999996e-01
3.7627627627627627e+00	5.3523100000000001e-01
3.7647647647647648e+00	5.1593100000000003e-01
3.7667667667667670e+00	4.9695800000000001e-01
3.7687687687687688e+00	4.7834100000000002e-01
3.7707707707707705e+00	4.6010299999999998e-01
3.7727727727727727e+00	4.4226599999999999e-01
3.7747747747747749e+00	4.2484600000000000e-01
3.7767767767767770e+00	4.0785800000000000e-01
3.7787787787787788e+00	3.9131500000000002e-01
3.7807807807807805e+00	3.7522600000000000e-01
3.7827827827827827e+00	3.5959900000000000e-01
3.7847847847847849e+00	3.4443699999999999e-01
3.7867867867867870e+00	3.2974500000000001e-01
3.7887887887887888e+00	3.1552400000000003e-01
3.7907907907907905e+00	3.0177500000000002e-01
3.7927927927927927e+00	2.8849799999999998e-01
3.7947947947947949e+00	2.7568999999999999e-01
3.7967967967967970e+00	2.6334999999999997e-01
3.7987987987987988e+00	2.5147399999999998e-01
3.8008008008008005e+00	2.4006000000000000e-01
3.8028028028028027e+00	2.2910500000000000e-01
3.8048048048048049e+00	2.1860700000000000e-01
3.8068068068068071e+00	2.0856200000000000e-01
3.8088088088088088e+00	1.9896900000000001e-01
3.8108108108108110e+00	1.8982900000000000e-01
3.8128128128128127e+00	1.8114200000000000e-01
3.8148148148148149e+00	1.7291300000000001e-01
3.8168168168168171e+00	1.6514799999999999e-01
3.8188188188188188e+00	1.5786000000000000e-01
3.8208208208208210e+00	1.5106500000000000e-01
3.8228228228228227e+00	1.4478800000000000e-01
3.8248248248248249e+00	1.3906700000000000e-01
3.8268268268268271e+00	1.3395499999999999e-01
3.8288288288288288e+00	1.2952900000000001e-01
3.8308308308308310e+00	1.2590599999999999e-01
3.8328328328328327e+00	1.2326300000000000e-01
3.8348348348348349e+00	1.2187700000000000e-01
3.8368368368368371e+00	1.2221000000000000e-01
3.8388388388388388e+00	1.2506600000000001e-01
3.8408408408408410e+00	1.3198099999999999e-01
3.8428428428428427e+00	1.4622199999999999e-01
3.8448448448448449e+00	1.7595300000000000e-01
3.8468468468468471e+00	2.4716099999999999e-01
3.8488488488488488e+00	4.7808800000000001e-01
3.8508508508508510e+00	9.7131100000000004e-01
3.8528528528528527e+00	1.4168600000000001e-01
3.8548548548548549e+00	1.7374600000000000e-02
3.8568568568568571e+00	1.7375800000000001e-03
3.8588588588588588e+00	3.3260200000000000e-07
3.8608608608608610e+00	5.1495299999999996e-04
3.8628628628628627e+00	1.1967700000000000e-03
3.8648648648648649e+00	1.6524400000000000e-03
3.8668668668668671e+00	1.8550999999999999e-03
3.8688688688688688e+00	1.8568600000000001e-03
3.8708708708708710e+00	1.7184800000000001e-03
3.8728728728728727e+00	1.4925800000000001e-03
3.8748748748748749e+00	1.2211399999999999e-03
3.8768768768768771e+00	9.3668099999999997e-04
3.8788788788788788e+00	6.6407100000000002e-04
3.8808808808808810e+00	4.2205600000000003e-04
3.8828828828828827e+00	2.2766200000000000e-04
3.8848848848848849e+00	8.7028900000000003e-05
3.8868868868868871e+00	1.1618500000000001e-05
3.8888888888888888e+00	7.0167199999999998e-06
3.8908908908908910e+00	7.7673600000000001e-05
3.8928928928928928e+00	2.2677400000000001e-04
3.8948948948948949e+00	4.5647299999999999e-04
3.8968968968968971e+00	7.6809000000000003e-04
3.8988988988988988e+00	1.1622600000000000e-03
3.9009009009009010e+00	1.6390700000000001e-03
3.9029029029029028e+00	2.1981200000000000e-03
3.9049049049049049e+00	2.8386399999999999e-03
3.9069069069069071e+00	3.5595100000000001e-03
3.9089089089089089e+00	4.3593099999999999e-03
3.9109109109109110e+00	5.2363799999999997e-03
3.9129129129129128e+00	6.1888100000000003e-03
3.9149149149149149e+00	7.2144899999999996e-03
3.9169169169169171e+00	8.3111100000000000e-03
3.9189189189189189e+00	9.4761499999999992e-03
3.9209209209209210e+00	1.0706900000000000e-02
3.9229229229229228e+00	1.2000500000000001e-02
3.9249249249249250e+00	1.3353900000000000e-02
3.9269269269269271e+00	1.4763800000000001e-02
3.9289289289289289e+00	1.6226800000000000e-02
3.9309309309309310e+00	1.7739300000000000e-02
3.9329329329329328e+00	1.9297300000000000e-02
3.9349349349349350e+00	2.0896700000000001e-02
3.9369369369369371e+00	2.2533299999999999e-02
3.9389389389389389e+00	2.4202399999999999e-02
3.9409409409409411e+00	2.5899200000000001e-02
3.9429429429429428e+00	2.7618400000000001e-02
3.9449449449449450e+00	2.9354800000000000e-02
3.9469469469469471e+00	3.1102299999999999e-02
3.9489489489489489e+00	3.2854899999999999e-02
3.9509509509509511e+00	3.4605900000000002e-02
3.9529529529529528e+00	3.6348300000000000e-02
3.9549549549549550e+00	3.8074700000000003e-02
3.9569569569569571e+00	3.9777000000000000e-02
3.9589589589589589e+00	4.1446799999999999e-02
3.9609609609609611e+00	4.3075000000000002e-02
3.9629629629629628e+00	4.4651700000000002e-02
3.9649649649649650e+00	4.6166600000000002e-02
3.9669669669669672e+00	4.7608499999999998e-02
3.9689689689689689e+00	4.8965500000000002e-02
3.9709709709709711e+00	5.0224800000000000e-02
3.9729729729729728e+00	5.1372599999999997e-02
3.9749749749749750e+00	5.2394400000000001e-02
3.9769769769769772e+00	5.3274400000000000e-02
3.9789789789789789e+00	5.3995799999999997e-02
3.9809809809809811e+00	5.4540900000000003e-02
3.9829829829829828e+00	5.4890599999999998e-02
3.9849849849849850e+00	5.5024700000000003e-02
3.9869869869869872e+00	5.4921999999999999e-02
3.9889889889889889e+00	5.4560200000000003e-02
3.9909909909909911e+00	5.3915999999999999e-02
3.9929929929929928e+00	5.2965600000000002e-02
3.9949949949949950e+00	5.1685000000000002e-02
3.9969969969969972e+00	5.0050400000000002e-02
3.9989989989989989e+00	4.8039300000000000e-02
4.0010010010010006e+00	4.5631699999999997e-02
4.0030030030030028e+00	4.2811700000000001e-02
4.0050050050050050e+00	3.9570200000000000e-02
4.0070070070070072e+00	3.5908599999999999e-02
4.0090090090090094e+00	3.1843000000000003e-02
4.0110110110110107e+00	2.7411700000000001e-02
4.0130130130130128e+00	2.2683999999999999e-02
4.0150150150150150e+00	1.7772300000000001e-02
4.0170170170170172e+00	1.2849599999999999e-02
4.0190190190190194e+00	8.1703899999999996e-03
4.0210210210210207e+00	4.0993399999999999e-03
4.0230230230230228e+00	1.1451700000000000e-03
4.0250250250250250e+00	3.7385399999999998e-07
4.0270270270270272e+00	1.5818000000000000e-03
4.0290290290290294e+00	7.0629200000000003e-03
4.0310310310310307e+00	1.7880199999999999e-02
4.0330330330330328e+00	3.5685599999999998e-02
4.0350350350350350e+00	6.2210000000000001e-02
4.0370370370370372e+00	9.9004200000000001e-02
4.0390390390390394e+00	1.4705499999999999e-01
4.0410410410410407e+00	2.0634100000000000e-01
4.0430430430430429e+00	2.7546999999999999e-01
4.0450450450450450e+00	3.5160799999999998e-01
4.0470470470470472e+00	4.3081599999999998e-01
4.0490490490490494e+00	5.0875099999999995e-01
4.0510510510510507e+00	5.8148000000000000e-01
4.0530530530530529e+00	6.4609300000000003e-01
4.0550550550550550e+00	7.0093300000000003e-01
4.0570570570570572e+00	7.4546900000000005e-01
4.0590590590590594e+00	7.7995099999999995e-01
4.0610610610610607e+00	8.0500799999999995e-01
4.0630630630630629e+00	8.2127200000000000e-01
4.0650650650650650e+00	8.2899299999999998e-01
4.0670670670670672e+00	8.2406199999999996e-01
4.0690690690690694e+00	8.2057700000000000e-01
4.0710710710710707e+00	7.9911799999999999e-01
4.0730730730730729e+00	7.6349999999999996e-01
4.0750750750750750e+00	7.0843900000000004e-01
4.0770770770770772e+00	6.2734800000000002e-01
4.0790790790790794e+00	5.1517100000000005e-01
4.0810810810810807e+00	3.7026799999999999e-01
4.0830830830830829e+00	2.1104800000000001e-01
4.0850850850850851e+00	7.5717599999999996e-02
4.0870870870870872e+00	5.7197200000000002e-03
4.0890890890890894e+00	1.2778899999999999e-02
4.0910910910910907e+00	7.4480299999999999e-02
4.0930930930930929e+00	1.5944800000000001e-01
4.0950950950950951e+00	2.4605600000000000e-01
4.0970970970970972e+00	3.2434099999999999e-01
4.0990990990990994e+00	3.9149299999999998e-01
4.1011011011011007e+00	4.4791199999999998e-01
4.1031031031031029e+00	4.9508400000000002e-01
4.1051051051051051e+00	5.3464199999999995e-01
4.1071071071071072e+00	5.6801699999999999e-01
4.1091091091091094e+00	5.9613300000000002e-01
4.1111111111111107e+00	6.2314499999999995e-01
4.1131131131131129e+00	6.4343399999999995e-01
4.1151151151151151e+00	6.6147500000000004e-01
4.1171171171171173e+00	6.7906100000000003e-01
4.1191191191191194e+00	6.9409799999999999e-01
4.1211211211211207e+00	7.0774199999999998e-01
4.1231231231231229e+00	7.2021000000000002e-01
4.1251251251251251e+00	7.3168699999999998e-01
4.1271271271271273e+00	7.4232900000000002e-01
4.1291291291291294e+00	7.5226400000000004e-01
4.1311311311311307e+00	7.6159800000000000e-01
4.1331331331331329e+00	7.7042100000000002e-01
4.1351351351351351e+00	7.7881100000000003e-01
4.1371371371371373e+00	7.8683400000000003e-01
4.1391391391391394e+00	7.9454800000000003e-01
4.1411411411411407e+00	8.0200499999999997e-01
4.1431431431431429e+00	8.0925199999999997e-01
4.1451451451451451e+00	8.1633299999999998e-01
4.1471471471471473e+00	8.2328800000000002e-01
4.1491491491491495e+00	8.3016000000000001e-01
4.1511511511511507e+00	8.3698600000000001e-01
4.1531531531531529e+00	8.4380800000000000e-01
4.1551551551551551e+00	8.5066900000000001e-01
4.1571571571571573e+00	8.5761200000000004e-01
4.1591591591591595e+00	8.6468699999999998e-01
4.1611611611611607e+00	8.7194799999999995e-01
4.1631631631631629e+00	8.7945200000000001e-01
4.1651651651651651e+00	8.8726499999999997e-01
4.1671671671671673e+00	8.9546199999999998e-01
4.1691691691691695e+00	9.0412199999999998e-01
4.1711711711711708e+00	9.1333299999999995e-01
4.1731731731731729e+00	9.2318400000000000e-01
4.1751751751751751e+00	9.3375900000000001e-01
4.1771771771771773e+00	9.4511000000000001e-01
4.1791791791791795e+00	9.5721299999999998e-01
4.1811811811811808e+00	9.6986600000000001e-01
4.1831831831831829e+00	9.8247700000000004e-01
4.1851851851851851e+00	9.9358999999999997e-01
4.1871871871871873e+00	9.9985800000000002e-01
4.1891891891891895e+00	9.9375400000000003e-01
4.1911911911911908e+00	9.5887999999999995e-01
4.1931931931931929e+00	8.6284400000000006e-01
4.1951951951951951e+00	6.6066000000000003e-01
4.1971971971971973e+00	3.5644100000000001e-01
4.1991991991991995e+00	9.2305600000000002e-02
4.2012012012012008e+00	4.4731600000000001e-04
4.2032032032032030e+00	3.7411500000000000e-02
4.2052052052052051e+00	1.1607700000000000e-01
4.2072072072072073e+00	1.9375500000000001e-01
4.2092092092092095e+00	2.5857599999999997e-01
4.2112112112112108e+00	3.0975100000000000e-01
4.2132132132132130e+00	3.4940500000000002e-01
4.2152152152152151e+00	3.7979200000000002e-01
4.2172172172172173e+00	4.0285199999999999e-01
4.2192192192192195e+00	4.2006100000000002e-01
4.2212212212212208e+00	4.3252499999999999e-01
4.2232232232232230e+00	4.4106299999999998e-01
4.2252252252252251e+00	4.4628699999999999e-01
4.2272272272272273e+00	4.4865300000000002e-01
4.2292292292292295e+00	4.4850899999999999e-01
4.2312312312312308e+00	4.4611600000000001e-01
4.2332332332332330e+00	4.4167600000000001e-01
4.2352352352352352e+00	4.3534800000000001e-01
4.2372372372372373e+00	4.2725299999999999e-01
4.2392392392392395e+00	4.1749500000000000e-01
4.2412412412412408e+00	4.0615800000000002e-01
4.2432432432432430e+00	3.9331899999999997e-01
4.2452452452452452e+00	3.7904900000000002e-01
4.2472472472472473e+00	3.6342500000000000e-01
4.2492492492492495e+00	3.4652400000000000e-01
4.2512512512512508e+00	3.2843699999999998e-01
4.2532532532532530e+00	3.0926799999999999e-01
4.2552552552552552e+00	2.8913699999999998e-01
4.2572572572572573e+00	2.6818399999999998e-01
4.2592592592592595e+00	2.4657399999999999e-01
4.2612612612612608e+00	2.2449100000000000e-01
4.2632632632632630e+00	2.0214499999999999e-01
4.2652652652652652e+00	1.7977000000000001e-01
4.2672672672672673e+00	1.5761700000000001e-01
4.2692692692692695e+00	1.3595399999999999e-01
4.2712712712712708e+00	1.1505899999999999e-01
4.2732732732732730e+00	9.5210500000000003e-02
4.2752752752752752e+00	7.6683399999999999e-02
4.2772772772772774e+00	5.9735799999999999e-02
4.2792792792792795e+00	4.4601700000000001e-02
4.2812812812812808e+00	3.1482099999999999e-02
4.2832832832832830e+00	2.0537400000000001e-02
4.2852852852852852e+00	1.1881800000000000e-02
4.2872872872872874e+00	5.5799800000000000e-03
4.2892892892892895e+00	1.6463100000000000e-03
4.2912912912912908e+00	4.6251200000000002e-05
4.2932932932932930e+00	7.0030699999999995e-04
4.2952952952952952e+00	3.4896500000000000e-03
4.2972972972972974e+00	8.2631100000000006e-03
4.2992992992992995e+00	1.4844800000000000e-02
4.3013013013013008e+00	2.3042099999999999e-02
4.3033033033033030e+00	3.2653000000000001e-02
4.3053053053053052e+00	4.3472999999999998e-02
4.3073073073073074e+00	5.5300900000000000e-02
4.3093093093093096e+00	6.7943799999999999e-02
4.3113113113113108e+00	8.1220200000000006e-02
4.3133133133133130e+00	9.4963099999999995e-02
4.3153153153153152e+00	1.0902100000000001e-01
4.3173173173173174e+00	1.2325899999999999e-01
4.3193193193193196e+00	1.3755899999999999e-01
4.3213213213213209e+00	1.5181900000000001e-01
4.3233233233233230e+00	1.6595199999999999e-01
4.3253253253253252e+00	1.7988399999999999e-01
4.3273273273273274e+00	1.9355600000000001e-01
4.3293293293293296e+00	2.0691999999999999e-01
4.3313313313313309e+00	2.1993699999999999e-01
4.3333333333333330e+00	2.3257800000000001e-01
4.3353353353353352e+00	2.4482200000000001e-01
4.3373373373373374e+00	2.5665300000000002e-01
4.3393393393393396e+00	2.6806400000000002e-01
4.3413413413413409e+00	2.7904899999999999e-01
4.3433433433433430e+00	2.8960700000000000e-01
4.3453453453453452e+00	2.9974299999999998e-01
4.3473473473473474e+00	3.0946000000000001e-01
4.3493493493493496e+00	3.1876700000000002e-01
4.3513513513513509e+00	3.2767200000000002e-01
4.3533533533533531e+00	3.3618500000000001e-01
4.3553553553553552e+00	3.4431899999999999e-01
4.3573573573573574e+00	3.5208400000000001e-01
4.3593593593593596e+00	3.5949399999999998e-01
4.3613613613613609e+00	3.6656000000000000e-01
4.3633633633633631e+00	3.7329499999999999e-01
4.3653653653653652e+00	3.7971100000000002e-01
4.3673673673673674e+00	3.8582200000000000e-01
4.3693693693693696e+00	3.9163999999999999e-01
4.3713713713713709e+00	3.9717599999999997e-01
4.3733733733733731e+00	4.0244200000000002e-01
4.3753753753753752e+00	4.0744900000000001e-01
4.3773773773773774e+00	4.1220899999999999e-01
4.3793793793793796e+00	4.1673199999999999e-01
4.3813813813813809e+00	4.2102800000000001e-01
4.3833833833833831e+00	4.2510700000000001e-01
4.3853853853853852e+00	4.2897800000000003e-01
4.3873873873873874e+00	4.3265100000000001e-01
4.3893893893893896e+00	4.3613299999999999e-01
4.3913913913913909e+00	4.3943399999999999e-01
4.3933933933933931e+00	4.4256000000000001e-01
4.3953953953953953e+00	4.4551900000000000e-01
4.3973973973973974e+00	4.4831900000000002e-01
4.3993993993993996e+00	4.5096599999999998e-01
4.4014014014014009e+00	4.5346700000000001e-01
4.4034034034034031e+00	4.5582699999999998e-01
4.4054054054054053e+00	4.5805299999999999e-01
4.4074074074074074e+00	4.6014899999999997e-01
4.4094094094094096e+00	4.6212199999999998e-01
4.4114114114114109e+00	4.6397600000000000e-01
4.4134134134134131e+00	4.6571600000000002e-01
4.4154154154154153e+00	4.6734599999999998e-01
4.4174174174174174e+00	4.6887099999999998e-01
4.4194194194194196e+00	5.7807699999999995e-01
4.4214214214214209e+00	4.7162100000000001e-01
4.4234234234234231e+00	4.7285199999999999e-01
4.4254254254254253e+00	4.7399400000000003e-01
4.4274274274274275e+00	4.7504700000000000e-01
4.4294294294294296e+00	4.7601599999999999e-01
4.4314314314314309e+00	4.7690399999999999e-01
4.4334334334334331e+00	4.7771300000000000e-01
4.4354354354354353e+00	4.7844500000000001e-01
4.4374374374374375e+00	4.7910300000000000e-01
4.4394394394394396e+00	4.7968899999999998e-01
4.4414414414414409e+00	4.8020600000000002e-01
4.4434434434434431e+00	4.8065400000000003e-01
4.4454454454454453e+00	4.8103600000000002e-01
4.4474474474474475e+00	4.8135400000000000e-01
4.4494494494494496e+00	4.8160799999999998e-01
4.4514514514514509e+00	4.8180099999999998e-01
4.4534534534534531e+00	4.8193300000000000e-01
4.4554554554554553e+00	4.8200599999999999e-01
4.4574574574574575e+00	4.8202099999999998e-01
4.4594594594594597e+00	4.8197800000000002e-01
4.4614614614614609e+00	4.8187799999999997e-01
4.4634634634634631e+00	4.8172300000000001e-01
4.4654654654654653e+00	4.8151100000000002e-01
4.4674674674674675e+00	4.8124400000000001e-01
4.4694694694694697e+00	4.8092200000000002e-01
4.4714714714714709e+00	4.8054599999999997e-01
4.4734734734734740e+00	4.8011399999999999e-01
4.4754754754754753e+00	4.7962700000000003e-01
4.4774774774774775e+00	4.7908499999999998e-01
4.4794794794794797e+00	4.7848700000000000e-01
4.4814814814814810e+00	4.7783300000000001e-01
4.4834834834834840e+00	4.7712199999999999e-01
4.4854854854854853e+00	4.7635300000000003e-01
4.4874874874874875e+00	4.7552499999999998e-01
4.4894894894894897e+00	4.7463699999999998e-01
4.4914914914914910e+00	4.7368800000000000e-01
4.4934934934934940e+00	4.7267599999999999e-01
4.4954954954954953e+00	4.7160000000000002e-01
4.4974974974974975e+00	4.7045799999999999e-01
4.4994994994994997e+00	4.6924800000000000e-01
4.5015015015015010e+00	4.6796800000000000e-01
4.5035035035035040e+00	4.6661599999999998e-01
4.5055055055055053e+00	4.6518999999999999e-01
4.5075075075075075e+00	4.6368799999999999e-01
4.5095095095095097e+00	4.6210600000000002e-01
4.5115115115115110e+00	4.6044499999999999e-01
4.5135135135135140e+00	4.5870200000000000e-01
4.5155155155155153e+00	4.5687699999999998e-01
4.5175175175175175e+00	4.5496999999999999e-01
4.5195195195195197e+00	4.5298400000000000e-01
4.5215215215215210e+00	4.5092399999999999e-01
4.5235235235235240e+00	4.4880100000000001e-01
4.5255255255255253e+00	4.4663100000000000e-01
4.5275275275275275e+00	4.4444299999999998e-01
4.5295295295295297e+00	4.4228499999999998e-01
4.5315315315315310e+00	4.4023400000000001e-01
4.5335335335335341e+00	4.3842100000000001e-01
4.5355355355355353e+00	4.3707000000000001e-01
4.5375375375375375e+00	4.3657800000000002e-01
4.5395395395395397e+00	4.3769400000000003e-01
4.5415415415415410e+00	4.4192799999999999e-01
4.5435435435435441e+00	4.5266699999999999e-01
4.5455455455455454e+00	4.7879699999999997e-01
4.5475475475475475e+00	5.5026500000000000e-01
4.5495495495495497e+00	8.1105600000000000e-01
4.5515515515515510e+00	2.3450099999999999e-01
4.5535535535535541e+00	5.7743899999999999e-03
4.5555555555555554e+00	7.7144800000000001e-03
4.5575575575575575e+00	2.3265299999999999e-02
4.5595595595595597e+00	6.4672799999999997e-01
4.5615615615615610e+00	9.5338500000000004e-01
4.5635635635635641e+00	7.3905500000000002e-01
4.5655655655655654e+00	6.1482999999999999e-01
4.5675675675675675e+00	5.4346399999999995e-01
4.5695695695695697e+00	4.9667000000000000e-01
4.5715715715715710e+00	4.6226000000000000e-01
4.5735735735735741e+00	4.3450800000000001e-01
4.5755755755755754e+00	4.1040900000000002e-01
4.5775775775775776e+00	3.8821000000000000e-01
4.5795795795795797e+00	3.6678500000000003e-01
4.5815815815815810e+00	3.4533700000000001e-01
4.5835835835835841e+00	3.2324500000000000e-01
4.5855855855855854e+00	2.9998599999999997e-01
4.5875875875875876e+00	2.7508700000000003e-01
4.5895895895895897e+00	2.4810900000000000e-01
4.5915915915915910e+00	2.1866200000000000e-01
4.5935935935935941e+00	1.8644500000000000e-01
4.5955955955955954e+00	1.5137200000000001e-01
4.5975975975975976e+00	1.1380899999999999e-01
4.5995995995995997e+00	7.5051599999999996e-02
4.6016016016016010e+00	3.8188600000000003e-02
4.6036036036036041e+00	9.5394299999999998e-03
4.6056056056056054e+00	5.4339700000000004e-04
4.6076076076076076e+00	2.8745000000000000e-02
4.6096096096096097e+00	1.1382200000000001e-01
4.6116116116116119e+00	2.6384900000000000e-01
4.6136136136136141e+00	4.5845100000000000e-01
4.6156156156156154e+00	6.5291500000000002e-01
4.6176176176176176e+00	8.0794299999999997e-01
4.6196196196196198e+00	9.1039899999999996e-01
4.6216216216216219e+00	9.6765900000000005e-01
4.6236236236236241e+00	9.9350200000000000e-01
4.6256256256256254e+00	1.0000000000000000e+00
4.6276276276276276e+00	9.9552700000000005e-01
4.6296296296296298e+00	9.8531199999999997e-01
4.6316316316316319e+00	9.7244399999999998e-01
4.6336336336336341e+00	9.5872400000000002e-01
4.6356356356356354e+00	9.4509100000000001e-01
4.6376376376376376e+00	9.3210999999999999e-01
4.6396396396396398e+00	9.2005099999999995e-01
4.6416416416416419e+00	9.0904200000000002e-01
4.6436436436436441e+00	8.9913799999999999e-01
4.6456456456456454e+00	8.9035699999999995e-01
4.6476476476476476e+00	8.8271200000000005e-01
4.6496496496496498e+00	8.7623200000000001e-01
4.6516516516516520e+00	8.7099000000000004e-01
4.6536536536536541e+00	8.6713499999999999e-01
4.6556556556556554e+00	8.6496499999999998e-01
4.6576576576576576e+00	8.6508600000000002e-01
4.6596596596596598e+00	8.6880500000000005e-01
4.6616616616616620e+00	8.7939100000000003e-01
4.6636636636636641e+00	9.0734300000000001e-01
4.6656656656656654e+00	9.9368400000000001e-01
4.6676676676676676e+00	4.5636800000000000e-01
4.6696696696696698e+00	6.9886400000000004e-01
4.6716716716716720e+00	7.4291700000000005e-01
4.6736736736736741e+00	7.5994499999999998e-01
4.6756756756756754e+00	7.6854299999999998e-01
4.6776776776776776e+00	7.7356800000000003e-01
4.6796796796796798e+00	7.7684100000000000e-01
4.6816816816816820e+00	7.7925199999999994e-01
4.6836836836836842e+00	7.9354999999999998e-01
4.6856856856856854e+00	7.8185099999999996e-01
4.6876876876876876e+00	7.8329899999999997e-01
4.6896896896896898e+00	7.8459400000000001e-01
4.6916916916916920e+00	7.8588800000000003e-01
4.6936936936936942e+00	7.8733299999999995e-01
4.6956956956956954e+00	7.8664299999999998e-01
4.6976976976976976e+00	7.8949199999999997e-01
4.6996996996996998e+00	7.9109600000000002e-01
4.7017017017017020e+00	7.9273400000000005e-01
4.7037037037037042e+00	7.9446300000000003e-01
4.7057057057057055e+00	7.9629899999999998e-01
4.7077077077077076e+00	7.9825000000000002e-01
4.7097097097097098e+00	8.0032000000000003e-01
4.7117117117117120e+00	8.0251200000000000e-01
4.7137137137137142e+00	8.0482900000000002e-01
4.7157157157157155e+00	8.0727099999999996e-01
4.7177177177177176e+00	8.0983899999999998e-01
4.7197197197197198e+00	8.1253299999999995e-01
4.7217217217217220e+00	8.1535299999999999e-01
4.7237237237237242e+00	8.1830000000000003e-01
4.7257257257257255e+00	8.2137400000000005e-01
4.7277277277277276e+00	8.2457300000000000e-01
4.7297297297297298e+00	8.2789800000000002e-01
4.7317317317317320e+00	8.3134799999999998e-01
4.7337337337337342e+00	8.3492200000000005e-01
4.7357357357357355e+00	8.3861699999999995e-01
4.7377377377377377e+00	8.4243500000000004e-01
4.7397397397397398e+00	8.4637200000000001e-01
4.7417417417417420e+00	8.5042799999999996e-01
4.7437437437437442e+00	8.5459900000000000e-01
4.7457457457457455e+00	8.5888500000000001e-01
4.7477477477477477e+00	8.6328099999999997e-01
4.7497497497497498e+00	8.6778500000000003e-01
4.7517517517517520e+00	8.7239199999999995e-01
4.7537537537537542e+00	8.7709999999999999e-01
4.7557557557557555e+00	8.8190199999999996e-01
4.7577577577577577e+00	8.8679399999999997e-01
4.7597597597597598e+00	8.9176999999999995e-01
4.7617617617617620e+00	8.9682099999999998e-01
4.7637637637637642e+00	9.0194099999999999e-01
4.7657657657657655e+00	9.0712099999999996e-01
4.7677677677677677e+00	9.1234999999999999e-01
4.7697697697697699e+00	9.1761800000000004e-01
4.7717717717717720e+00	9.2291199999999995e-01
4.7737737737737742e+00	9.2821900000000002e-01
4.7757757757757755e+00	9.3352400000000002e-01
4.7777777777777777e+00	9.3880900000000000e-01
4.7797797797797799e+00	9.4405700000000004e-01
4.7817817817817820e+00	9.4924699999999995e-01
4.7837837837837842e+00	9.5435700000000001e-01
4.7857857857857855e+00	9.5936299999999997e-01
4.7877877877877877e+00	9.6423899999999996e-01
4.7897897897897899e+00	9.6895699999999996e-01
4.7917917917917920e+00	9.7348500000000004e-01
4.7937937937937942e+00	9.7779099999999997e-01
4.7957957957957955e+00	9.8183900000000002e-01
4.7977977977977977e+00	9.8559300000000005e-01
4.7997997997997999e+00	9.8901099999999997e-01
4.8018018018018020e+00	9.9205200000000004e-01
4.8038038038038042e+00	9.9467099999999997e-01
4.8058058058058055e+00	9.9682199999999999e-01
4.8078078078078077e+00	9.9845799999999996e-01
4.8098098098098099e+00	9.9953000000000003e-01
4.8118118118118121e+00	9.9998699999999996e-01
4.8138138138138142e+00	9.9977899999999997e-01
4.8158158158158155e+00	9.9885500000000005e-01
4.8178178178178177e+00	9.9716600000000000e-01
4.8198198198198199e+00	9.9466299999999996e-01
4.8218218218218221e+00	9.9130200000000002e-01
4.8238238238238242e+00	9.8703700000000005e-01
4.8258258258258255e+00	9.8183200000000004e-01
4.8278278278278277e+00	9.7565000000000002e-01
4.8298298298298299e+00	9.6846500000000002e-01
4.8318318318318321e+00	9.6025499999999997e-01
4.8338338338338342e+00	9.5100399999999996e-01
4.8358358358358355e+00	9.4070799999999999e-01
4.8378378378378377e+00	9.2936900000000000e-01
4.8398398398398399e+00	9.1700099999999996e-01
4.8418418418418421e+00	9.0362500000000001e-01
4.8438438438438443e+00	8.8927400000000001e-01
4.8458458458458455e+00	8.7399099999999996e-01
4.8478478478478477e+00	8.5782499999999995e-01
4.8498498498498499e+00	8.4083900000000000e-01
4.8518518518518521e+00	8.2310000000000005e-01
4.8538538538538543e+00	8.0468200000000001e-01
4.8558558558558556e+00	7.8566100000000005e-01
4.8578578578578577e+00	7.6606200000000002e-01
4.8598598598598599e+00	7.4665199999999998e-01
4.8618618618618621e+00	7.2616899999999995e-01
4.8638638638638643e+00	7.0568100000000000e-01
4.8658658658658656e+00	6.8508700000000000e-01
4.8678678678678677e+00	6.6446400000000005e-01
4.8698698698698699e+00	6.4389300000000005e-01
4.8718718718718721e+00	6.2346500000000005e-01
4.8738738738738743e+00	6.0325600000000001e-01
4.8758758758758756e+00	5.8334200000000003e-01
4.8778778778778777e+00	5.6379000000000001e-01
4.8798798798798799e+00	5.4466199999999998e-01
4.8818818818818821e+00	5.2601299999999995e-01
4.8838838838838843e+00	5.0788999999999995e-01
4.8858858858858856e+00	4.9033500000000002e-01
4.8878878878878878e+00	4.7338300000000000e-01
4.8898898898898899e+00	4.5706200000000002e-01
4.8918918918918921e+00	4.4139400000000001e-01
4.8938938938938943e+00	4.2639600000000000e-01
4.8958958958958956e+00	4.1207899999999997e-01
4.8978978978978978e+00	3.9845199999999997e-01
4.8998998998998999e+00	3.8551700000000000e-01
4.9019019019019021e+00	3.7327399999999999e-01
4.9039039039039043e+00	3.6171999999999999e-01
4.9059059059059056e+00	3.5085000000000000e-01
4.9079079079079078e+00	3.4065499999999999e-01
4.9099099099099099e+00	3.3112700000000000e-01
4.9119119119119121e+00	3.2225399999999998e-01
4.9139139139139143e+00	3.1402600000000003e-01
4.9159159159159156e+00	3.0643100000000001e-01
4.9179179179179178e+00	2.9945600000000000e-01
4.9199199199199199e+00	2.9309000000000002e-01
4.9219219219219221e+00	2.8732000000000002e-01
4.9239239239239243e+00	2.8213700000000003e-01
4.9259259259259256e+00	2.7752900000000003e-01
4.9279279279279278e+00	2.7348899999999998e-01
4.9299299299299300e+00	2.7001399999999998e-01
4.9319319319319321e+00	2.6711299999999999e-01
4.9339339339339343e+00	2.6492300000000002e-01
4.9359359359359356e+00	2.6207100000000000e-01
4.9379379379379378e+00	2.6115400000000000e-01
4.9399399399399400e+00	2.6039000000000001e-01
4.9419419419419421e+00	2.6010699999999998e-01
4.9439439439439443e+00	2.6033000000000001e-01
4.9459459459459456e+00	2.6106600000000002e-01
4.9479479479479478e+00	2.6231900000000002e-01
4.9499499499499500e+00	2.6409199999999999e-01
4.9519519519519521e+00	2.6638800000000001e-01
4.9539539539539543e+00	2.6921200000000001e-01
4.9559559559559556e+00	2.7256900000000001e-01
4.9579579579579578e+00	2.7646399999999999e-01
4.9599599599599600e+00	2.8090199999999999e-01
4.9619619619619622e+00	2.8588999999999998e-01
4.9639639639639643e+00	2.9143400000000003e-01
4.9659659659659656e+00	2.9753900000000000e-01
4.9679679679679678e+00	3.0421300000000001e-01
4.9699699699699700e+00	3.1145899999999999e-01
4.9719719719719722e+00	3.1928299999999998e-01
4.9739739739739743e+00	3.2768599999999998e-01
4.9759759759759756e+00	3.3667100000000000e-01
4.9779779779779778e+00	3.4623700000000002e-01
4.9799799799799800e+00	3.5638100000000000e-01
4.9819819819819822e+00	3.6709799999999998e-01
4.9839839839839843e+00	3.7837999999999999e-01
4.9859859859859856e+00	3.9021499999999998e-01
4.9879879879879878e+00	4.0258800000000000e-01
4.9899899899899900e+00	4.1548000000000002e-01
4.9919919919919922e+00	4.2886900000000000e-01
4.9939939939939944e+00	4.4272699999999998e-01
4.9959959959959956e+00	4.5702300000000001e-01
4.9979979979979978e+00	4.7172100000000000e-01
5.0000000000000000e+00	4.8678100000000002e-01
