3.0000000000000000e+00	8.8806200000000002e-02
3.0020020020020022e+00	8.1990900000000005e-02
3.0040040040040039e+00	7.4579599999999996e-02
3.0060060060060061e+00	6.6584900000000002e-02
3.0080080080080078e+00	5.8051199999999997e-02
3.0100100100100100e+00	4.9067600000000003e-02
3.0120120120120122e+00	3.9784000000000000e-02
3.0140140140140139e+00	3.0432500000000001e-02
3.0160160160160161e+00	2.1353899999999999e-02
3.0180180180180178e+00	1.3027900000000000e-02
3.0200200200200200e+00	6.1041000000000003e-03
3.0220220220220222e+00	1.4281800000000000e-03
3.0240240240240239e+00	5.0162700000000000e-05
3.0260260260260261e+00	3.1933500000000002e-03
3.0280280280280278e+00	1.1955800000000001e-02
3.0300300300300300e+00	2.8773900000000002e-02
3.0320320320320322e+00	5.3257600000000002e-02
3.0340340340340339e+00	8.6638199999999999e-02
3.0360360360360361e+00	1.2867100000000001e-01
3.0380380380380378e+00	1.7828800000000000e-01
3.0400400400400400e+00	2.3555999999999999e-01
3.0420420420420422e+00	2.9119400000000001e-01
3.0440440440440439e+00	3.4978900000000002e-01
3.0460460460460461e+00	4.0611700000000001e-01
3.0480480480480479e+00	4.5822400000000002e-01
3.0500500500500500e+00	5.0474500000000000e-01
3.0520520520520522e+00	5.4493100000000005e-01
3.0540540540540539e+00	5.7853399999999999e-01
3.0560560560560561e+00	6.0566100000000000e-01
3.0580580580580579e+00	6.2663000000000002e-01
3.0600600600600600e+00	6.4185400000000004e-01
3.0620620620620622e+00	6.5176800000000001e-01
3.0640640640640640e+00	6.5677399999999997e-01
3.0660660660660661e+00	6.5722700000000001e-01
3.0680680680680679e+00	6.5342100000000003e-01
3.0700700700700700e+00	6.4559800000000001e-01
3.0720720720720722e+00	6.3395800000000002e-01
3.0740740740740740e+00	6.1867300000000003e-01
3.0760760760760761e+00	5.9990100000000002e-01
3.0780780780780779e+00	5.7780900000000002e-01
3.0800800800800801e+00	5.5258300000000005e-01
3.0820820820820822e+00	5.2444500000000005e-01
3.0840840840840840e+00	4.9366500000000002e-01
3.0860860860860861e+00	4.6056900000000001e-01
3.0880880880880879e+00	4.2554100000000000e-01
3.0900900900900901e+00	3.8902799999999998e-01
3.0920920920920922e+00	3.5152899999999998e-01
3.0940940940940940e+00	3.1358399999999997e-01
3.0960960960960962e+00	2.7575499999999997e-01
3.0980980980980979e+00	2.3856100000000000e-01
3.1001001001001001e+00	2.2515199999999999e-01
3.1021021021021022e+00	1.6931499999999999e-01
3.1041041041041040e+00	1.3756499999999999e-01
3.1061061061061062e+00	1.0863600000000000e-01
3.1081081081081079e+00	8.2812499999999997e-02
3.1101101101101101e+00	6.0342399999999997e-02
3.1121121121121122e+00	4.1393399999999997e-02
3.1141141141141140e+00	2.6051899999999999e-02
3.1161161161161162e+00	1.4327400000000001e-02
3.1181181181181179e+00	6.1621300000000000e-03
3.1201201201201201e+00	1.4409100000000001e-03
3.1221221221221223e+00	3.2370900000000000e-06
3.1241241241241240e+00	1.6544999999999999e-03
3.1261261261261262e+00	6.1765300000000004e-03
3.1281281281281279e+00	1.3337000000000000e-02
3.1301301301301301e+00	2.2897299999999999e-02
3.1321321321321323e+00	3.4619200000000003e-02
3.1341341341341340e+00	4.8269300000000001e-02
3.1361361361361362e+00	6.3623499999999999e-02
3.1381381381381379e+00	8.0468899999999996e-02
3.1401401401401401e+00	9.8605399999999996e-02
3.1421421421421423e+00	1.1784699999999999e-01
3.1441441441441440e+00	1.3802200000000001e-01
3.1461461461461462e+00	1.5897200000000000e-01
3.1481481481481479e+00	1.8055199999999999e-01
3.1501501501501501e+00	2.0263000000000000e-01
3.1521521521521523e+00	2.2508700000000001e-01
3.1541541541541540e+00	2.4781200000000000e-01
3.1561561561561562e+00	2.7070699999999998e-01
3.1581581581581579e+00	2.9368300000000003e-01
3.1601601601601601e+00	3.1665700000000002e-01
3.1621621621621623e+00	3.3955700000000000e-01
3.1641641641641640e+00	3.6231600000000003e-01
3.1661661661661662e+00	3.8487399999999999e-01
3.1681681681681679e+00	4.0717700000000001e-01
3.1701701701701701e+00	4.2917600000000000e-01
3.1721721721721723e+00	4.5082699999999998e-01
3.1741741741741740e+00	4.7209099999999998e-01
3.1761761761761762e+00	4.9293399999999998e-01
3.1781781781781784e+00	5.1332400000000000e-01
3.1801801801801801e+00	5.3323399999999999e-01
3.1821821821821823e+00	5.5264100000000005e-01
3.1841841841841840e+00	5.7152400000000003e-01
3.1861861861861862e+00	5.8986499999999997e-01
3.1881881881881884e+00	6.0765199999999997e-01
3.1901901901901901e+00	6.2487199999999998e-01
3.1921921921921923e+00	6.4151599999999998e-01
3.1941941941941940e+00	6.5757699999999997e-01
3.1961961961961962e+00	6.7305300000000001e-01
3.1981981981981984e+00	6.8794100000000002e-01
3.2002002002002001e+00	7.0223999999999998e-01
3.2022022022022023e+00	7.1595399999999998e-01
3.2042042042042040e+00	7.2908600000000001e-01
3.2062062062062062e+00	7.4164099999999999e-01
3.2082082082082084e+00	7.5362600000000002e-01
3.2102102102102101e+00	7.6505000000000001e-01
3.2122122122122123e+00	7.7592099999999997e-01
3.2142142142142140e+00	7.8625000000000000e-01
3.2162162162162162e+00	7.9604799999999998e-01
3.2182182182182184e+00	8.0532599999999999e-01
3.2202202202202201e+00	8.1409699999999996e-01
3.2222222222222223e+00	8.2237000000000005e-01
3.2242242242242241e+00	8.3014699999999997e-01
3.2262262262262262e+00	8.3705799999999997e-01
3.2282282282282284e+00	8.4450700000000001e-01
3.2302302302302301e+00	8.5091600000000001e-01
3.2322322322322323e+00	8.5692999999999997e-01
3.2342342342342341e+00	8.6253999999999997e-01
3.2362362362362362e+00	8.6775599999999997e-01
3.2382382382382384e+00	8.7258999999999998e-01
3.2402402402402402e+00	8.7705400000000000e-01
3.2422422422422423e+00	8.8115900000000003e-01
3.2442442442442441e+00	8.8491600000000004e-01
3.2462462462462462e+00	8.8833799999999996e-01
3.2482482482482484e+00	8.9143200000000000e-01
3.2502502502502502e+00	8.9420999999999995e-01
3.2522522522522523e+00	8.9667799999999998e-01
3.2542542542542541e+00	8.9884600000000003e-01
3.2562562562562563e+00	9.0071800000000002e-01
3.2582582582582584e+00	9.0230100000000002e-01
3.2602602602602602e+00	9.0359900000000004e-01
3.2622622622622623e+00	9.0461599999999998e-01
3.2642642642642641e+00	9.0535399999999999e-01
3.2662662662662663e+00	9.0581400000000001e-01
3.2682682682682684e+00	9.0599600000000002e-01
3.2702702702702702e+00	9.0589799999999998e-01
3.2722722722722724e+00	9.0551700000000002e-01
3.2742742742742741e+00	9.0485000000000004e-01
3.2762762762762763e+00	9.0389100000000000e-01
3.2782782782782784e+00	9.0263199999999999e-01
3.2802802802802802e+00	9.0106500000000000e-01
3.2822822822822824e+00	8.9917899999999995e-01
3.2842842842842841e+00	8.9696100000000001e-01
3.2862862862862863e+00	8.9439800000000003e-01
3.2882882882882885e+00	8.9147299999999996e-01
3.2902902902902902e+00	8.8816600000000001e-01
3.2922922922922924e+00	8.8445700000000005e-01
3.2942942942942941e+00	8.8032200000000005e-01
3.2962962962962963e+00	8.7573299999999998e-01
3.2982982982982985e+00	8.7065999999999999e-01
3.3003003003003002e+00	8.6506799999999995e-01
3.3023023023023024e+00	8.5891799999999996e-01
3.3043043043043046e+00	8.5216499999999995e-01
3.3063063063063063e+00	8.4475699999999998e-01
3.3083083083083085e+00	8.3663699999999996e-01
3.3103103103103102e+00	8.2773600000000003e-01
3.3123123123123124e+00	8.1797600000000004e-01
3.3143143143143146e+00	8.0726200000000004e-01
3.3163163163163163e+00	7.9548399999999997e-01
3.3183183183183185e+00	7.8251000000000004e-01
3.3203203203203202e+00	7.6817599999999997e-01
3.3223223223223224e+00	7.5228399999999995e-01
3.3243243243243246e+00	7.3458400000000001e-01
3.3263263263263263e+00	7.1475999999999995e-01
3.3283283283283285e+00	6.9240699999999999e-01
3.3303303303303302e+00	6.6699200000000003e-01
3.3323323323323324e+00	6.3781100000000002e-01
3.3343343343343346e+00	6.0390800000000000e-01
3.3363363363363363e+00	5.6397900000000001e-01
3.3383383383383385e+00	5.1621499999999998e-01
3.3403403403403402e+00	4.5812500000000000e-01
3.3423423423423424e+00	3.8639200000000001e-01
3.3443443443443446e+00	2.9720999999999997e-01
3.3463463463463463e+00	1.8873500000000001e-01
3.3483483483483485e+00	7.1517499999999998e-02
3.3503503503503502e+00	2.2572700000000000e-04
3.3523523523523524e+00	1.0625200000000000e-01
3.3543543543543546e+00	4.4042300000000001e-01
3.3563563563563563e+00	7.7108900000000002e-01
3.3583583583583585e+00	9.4173300000000004e-01
3.3603603603603602e+00	9.9577400000000005e-01
3.3623623623623624e+00	9.9606399999999995e-01
3.3643643643643646e+00	9.7520600000000002e-01
3.3663663663663663e+00	9.4696999999999998e-01
3.3683683683683685e+00	9.1688800000000004e-01
3.3703703703703702e+00	8.8711700000000004e-01
3.3723723723723724e+00	8.5843300000000000e-01
3.3743743743743746e+00	8.3105099999999998e-01
3.3763763763763763e+00	8.0495700000000003e-01
3.3783783783783785e+00	7.8005599999999997e-01
3.3803803803803802e+00	7.5623099999999999e-01
3.3823823823823824e+00	7.3336699999999999e-01
3.3843843843843846e+00	7.1136299999999997e-01
3.3863863863863863e+00	6.9013199999999997e-01
3.3883883883883885e+00	6.6960200000000003e-01
3.3903903903903903e+00	6.4971299999999998e-01
3.3923923923923924e+00	6.3041599999999998e-01
3.3943943943943946e+00	6.1167199999999999e-01
3.3963963963963963e+00	5.9345000000000003e-01
3.3983983983983985e+00	5.7572299999999998e-01
3.4004004004004003e+00	5.5847100000000005e-01
3.4024024024024024e+00	5.4167600000000005e-01
3.4044044044044046e+00	5.2532500000000004e-01
3.4064064064064064e+00	5.0940700000000005e-01
3.4084084084084085e+00	4.9391000000000002e-01
3.4104104104104103e+00	4.7882799999999998e-01
3.4124124124124124e+00	4.6415099999999998e-01
3.4144144144144146e+00	4.4987500000000002e-01
3.4164164164164164e+00	4.3599199999999999e-01
3.4184184184184185e+00	4.2249700000000001e-01
3.4204204204204203e+00	4.0938300000000000e-01
3.4224224224224224e+00	3.9664500000000003e-01
3.4244244244244246e+00	3.8427800000000001e-01
3.4264264264264264e+00	3.7227399999999999e-01
3.4284284284284285e+00	3.6062899999999998e-01
3.4304304304304303e+00	3.4933599999999998e-01
3.4324324324324325e+00	3.3838800000000002e-01
3.4344344344344346e+00	3.2778000000000002e-01
3.4364364364364364e+00	3.1750400000000001e-01
3.4384384384384385e+00	3.0755300000000002e-01
3.4404404404404403e+00	2.9792099999999999e-01
3.4424424424424425e+00	2.8860100000000000e-01
3.4444444444444446e+00	2.7958499999999997e-01
3.4464464464464464e+00	2.7086600000000000e-01
3.4484484484484486e+00	2.6243600000000000e-01
3.4504504504504503e+00	2.5428899999999999e-01
3.4524524524524525e+00	2.4641600000000000e-01
3.4544544544544546e+00	2.3881200000000000e-01
3.4564564564564564e+00	2.3146700000000001e-01
3.4584584584584586e+00	2.2437499999999999e-01
3.4604604604604603e+00	2.1752900000000000e-01
3.4624624624624625e+00	2.1092100000000000e-01
3.4644644644644647e+00	2.0454500000000000e-01
3.4664664664664664e+00	1.9839399999999999e-01
3.4684684684684686e+00	1.9245999999999999e-01
3.4704704704704703e+00	1.8673799999999999e-01
3.4724724724724725e+00	1.8121999999999999e-01
3.4744744744744747e+00	1.7590100000000000e-01
3.4764764764764764e+00	1.7077300000000001e-01
3.4784784784784786e+00	1.6583300000000001e-01
3.4804804804804803e+00	1.6107199999999999e-01
3.4824824824824825e+00	1.5648699999999999e-01
3.4844844844844847e+00	1.5207100000000001e-01
3.4864864864864864e+00	1.4782000000000001e-01
3.4884884884884886e+00	1.4372799999999999e-01
3.4904904904904903e+00	1.3979100000000000e-01
3.4924924924924925e+00	1.3600499999999999e-01
3.4944944944944947e+00	1.3236500000000001e-01
3.4964964964964964e+00	1.2886700000000001e-01
3.4984984984984986e+00	1.2550800000000001e-01
3.5005005005005003e+00	1.2228400000000000e-01
3.5025025025025025e+00	1.1919299999999999e-01
3.5045045045045047e+00	1.1623200000000000e-01
3.5065065065065064e+00	1.1339900000000000e-01
3.5085085085085086e+00	1.1069300000000000e-01
3.5105105105105103e+00	1.0811100000000000e-01
3.5125125125125125e+00	1.0565500000000000e-01
3.5145145145145147e+00	1.0332300000000000e-01
3.5165165165165164e+00	1.0111800000000000e-01
3.5185185185185186e+00	9.9041799999999999e-02
3.5205205205205203e+00	9.7098299999999998e-02
3.5225225225225225e+00	9.5293100000000006e-02
3.5245245245245247e+00	9.3634400000000007e-02
3.5265265265265264e+00	9.2133199999999998e-02
3.5285285285285286e+00	9.0805100000000000e-02
3.5305305305305303e+00	8.9671200000000006e-02
3.5325325325325325e+00	8.8761099999999996e-02
3.5345345345345347e+00	8.8116500000000000e-02
3.5365365365365364e+00	8.7797799999999995e-02
3.5385385385385386e+00	8.7894100000000003e-02
3.5405405405405403e+00	8.8542499999999996e-02
3.5425425425425425e+00	8.9963299999999996e-02
3.5445445445445447e+00	9.2532900000000001e-02
3.5465465465465464e+00	9.6947400000000003e-02
3.5485485485485486e+00	1.0464400000000000e-01
3.5505505505505504e+00	1.1910600000000000e-01
3.5525525525525525e+00	1.5125400000000000e-01
3.5545545545545547e+00	2.5651900000000000e-01
3.5565565565565564e+00	9.8777099999999995e-01
3.5585585585585586e+00	1.7937300000000000e-02
3.5605605605605604e+00	2.7257800000000001e-03
3.5625625625625625e+00	1.2198000000000001e-02
3.5645645645645647e+00	1.8918899999999999e-02
3.5665665665665665e+00	2.3271600000000000e-02
3.5685685685685686e+00	2.6127500000000001e-02
3.5705705705705704e+00	2.8027600000000000e-02
3.5725725725725725e+00	2.9293799999999998e-02
3.5745745745745747e+00	3.0124399999999999e-02
3.5765765765765765e+00	3.0646199999999998e-02
3.5785785785785786e+00	3.0943900000000000e-02
3.5805805805805804e+00	3.1075700000000001e-02
3.5825825825825826e+00	3.1082900000000000e-02
3.5845845845845847e+00	3.0995499999999999e-02
3.5865865865865865e+00	3.0835600000000001e-02
3.5885885885885886e+00	3.0620000000000001e-02
3.5905905905905904e+00	3.0361400000000000e-02
3.5925925925925926e+00	3.0069800000000001e-02
3.5945945945945947e+00	2.9752899999999999e-02
3.5965965965965965e+00	2.9416999999999999e-02
3.5985985985985987e+00	2.9066800000000000e-02
3.6006006006006004e+00	2.8706400000000000e-02
3.6026026026026026e+00	2.8338900000000000e-02
3.6046046046046047e+00	2.7966899999999999e-02
3.6066066066066065e+00	2.7592499999999999e-02
3.6086086086086087e+00	2.7217399999999999e-02
3.6106106106106104e+00	2.6843100000000002e-02
3.6126126126126126e+00	2.6470600000000000e-02
3.6146146146146148e+00	2.6100800000000000e-02
3.6166166166166165e+00	2.5734600000000000e-02
3.6186186186186187e+00	2.5372499999999999e-02
3.6206206206206204e+00	2.5015099999999998e-02
3.6226226226226226e+00	2.4662699999999999e-02
3.6246246246246248e+00	2.4315699999999999e-02
3.6266266266266265e+00	2.3974599999999999e-02
3.6286286286286287e+00	2.3640100000000001e-02
3.6306306306306304e+00	2.3314300000000000e-02
3.6326326326326326e+00	2.3015999999999998e-02
3.6346346346346348e+00	2.2612699999999999e-02
3.6366366366366365e+00	2.2326200000000001e-02
3.6386386386386387e+00	2.2022600000000000e-02
3.6406406406406404e+00	2.1721100000000000e-02
3.6426426426426426e+00	2.1423700000000000e-02
3.6446446446446448e+00	2.1130699999999999e-02
3.6466466466466465e+00	2.0841700000000001e-02
3.6486486486486487e+00	2.0555600000000000e-02
3.6506506506506504e+00	2.0258200000000001e-02
3.6526526526526526e+00	2.0021500000000001e-02
3.6546546546546548e+00	1.9742099999999999e-02
3.6566566566566565e+00	1.9472400000000001e-02
3.6586586586586587e+00	1.9206999999999998e-02
3.6606606606606604e+00	1.8944800000000001e-02
3.6626626626626626e+00	1.8685199999999999e-02
3.6646646646646648e+00	1.8428000000000000e-02
3.6666666666666665e+00	1.8172899999999999e-02
3.6686686686686687e+00	1.7920300000000000e-02
3.6706706706706704e+00	1.7673600000000001e-02
3.6726726726726726e+00	1.7515800000000002e-02
3.6746746746746748e+00	1.7109400000000000e-02
3.6766766766766765e+00	1.6867500000000001e-02
3.6786786786786787e+00	1.6610699999999999e-02
3.6806806806806804e+00	1.6347899999999999e-02
3.6826826826826826e+00	1.6079500000000000e-02
3.6846846846846848e+00	1.5805199999999998e-02
3.6866866866866865e+00	1.5523800000000001e-02
3.6886886886886887e+00	1.5234200000000000e-02
3.6906906906906904e+00	1.4935100000000000e-02
3.6926926926926926e+00	1.4624699999999999e-02
3.6946946946946948e+00	1.4301599999999999e-02
3.6966966966966965e+00	1.3963600000000000e-02
3.6986986986986987e+00	1.3608900000000000e-02
3.7007007007007005e+00	1.3235000000000000e-02
3.7027027027027026e+00	1.2839500000000000e-02
3.7047047047047048e+00	1.2419599999999999e-02
3.7067067067067065e+00	1.1972399999999999e-02
3.7087087087087087e+00	1.1494700000000000e-02
3.7107107107107105e+00	1.0983200000000000e-02
3.7127127127127126e+00	1.0434300000000001e-02
3.7147147147147148e+00	9.8445000000000008e-03
3.7167167167167166e+00	9.2102299999999998e-03
3.7187187187187187e+00	8.5283200000000007e-03
3.7207207207207205e+00	7.7961799999999998e-03
3.7227227227227226e+00	7.0123299999999998e-03
3.7247247247247248e+00	6.1771400000000002e-03
3.7267267267267266e+00	5.2938799999999999e-03
3.7287287287287287e+00	4.3700900000000001e-03
3.7307307307307305e+00	3.4187400000000000e-03
3.7327327327327327e+00	2.4403799999999998e-03
3.7347347347347348e+00	1.6203500000000000e-03
3.7367367367367370e+00	8.0940899999999997e-04
3.7387387387387387e+00	2.2330000000000001e-04
3.7407407407407405e+00	5.7825400000000004e-07
3.7427427427427427e+00	3.6493000000000002e-04
3.7447447447447448e+00	1.6475600000000000e-03
3.7467467467467470e+00	4.3299599999999999e-03
3.7487487487487487e+00	9.0994100000000005e-03
3.7507507507507505e+00	1.6912600000000000e-02
3.7527527527527527e+00	2.9052399999999999e-02
3.7547547547547548e+00	4.7140599999999998e-02
3.7567567567567570e+00	7.3040800000000003e-02
3.7587587587587588e+00	1.0855200000000000e-01
3.7607607607607605e+00	1.5481700000000001e-01
3.7627627627627627e+00	2.1150400000000000e-01
3.7647647647647648e+00	2.7609499999999998e-01
3.7667667667667670e+00	3.4382900000000000e-01
3.7687687687687688e+00	4.0864499999999998e-01
3.7707707707707705e+00	4.6475899999999998e-01
3.7727727727727727e+00	5.0800699999999999e-01
3.7747747747747749e+00	5.3631399999999996e-01
3.7767767767767770e+00	5.4938699999999996e-01
3.7787787787787788e+00	5.4812499999999997e-01
3.7807807807807805e+00	5.3414099999999998e-01
3.7827827827827827e+00	5.0949999999999995e-01
3.7847847847847849e+00	4.7658400000000001e-01
3.7867867867867870e+00	4.3795299999999998e-01
3.7887887887887888e+00	3.9615600000000001e-01
3.7907907907907905e+00	3.5351399999999999e-01
3.7927927927927927e+00	3.1193100000000001e-01
3.7947947947947949e+00	2.7279900000000001e-01
3.7967967967967970e+00	2.3698800000000000e-01
3.7987987987987988e+00	2.0491999999999999e-01
3.8008008008008005e+00	1.7667600000000000e-01
3.8028028028028027e+00	1.5209900000000001e-01
3.8048048048048049e+00	1.3089999999999999e-01
3.8068068068068071e+00	1.1272000000000000e-01
3.8088088088088088e+00	9.7186599999999998e-02
3.8108108108108110e+00	8.3939500000000000e-02
3.8128128128128127e+00	7.2648699999999997e-02
3.8148148148148149e+00	6.3020999999999994e-02
3.8168168168168171e+00	5.4801900000000001e-02
3.8188188188188188e+00	4.7773000000000003e-02
3.8208208208208210e+00	4.1749099999999997e-02
3.8228228228228227e+00	3.6574200000000001e-02
3.8248248248248249e+00	3.2117199999999999e-02
3.8268268268268271e+00	2.8268100000000001e-02
3.8288288288288288e+00	2.4934999999999999e-02
3.8308308308308310e+00	2.2040799999999999e-02
3.8328328328328327e+00	1.9520900000000001e-02
3.8348348348348349e+00	1.7321099999999999e-02
3.8368368368368371e+00	1.5395600000000001e-02
3.8388388388388388e+00	1.3705999999999999e-02
3.8408408408408410e+00	1.2219700000000000e-02
3.8428428428428427e+00	1.0909000000000000e-02
3.8448448448448449e+00	9.7498399999999992e-03
3.8468468468468471e+00	8.7128599999999994e-03
3.8488488488488488e+00	7.8247799999999999e-03
3.8508508508508510e+00	7.0126700000000004e-03
3.8528528528528527e+00	6.2923199999999997e-03
3.8548548548548549e+00	5.6440099999999997e-03
3.8568568568568571e+00	5.0721899999999999e-03
3.8588588588588588e+00	4.5583500000000001e-03
3.8608608608608610e+00	4.0976700000000003e-03
3.8628628628628627e+00	3.6841899999999999e-03
3.8648648648648649e+00	3.3126800000000001e-03
3.8668668668668671e+00	2.9785200000000001e-03
3.8688688688688688e+00	2.6776500000000002e-03
3.8708708708708710e+00	2.4065499999999999e-03
3.8728728728728727e+00	2.1620799999999998e-03
3.8748748748748749e+00	1.9415000000000001e-03
3.8768768768768771e+00	1.7423800000000000e-03
3.8788788788788788e+00	1.5625700000000001e-03
3.8808808808808810e+00	1.4001700000000001e-03
3.8828828828828827e+00	1.2534800000000000e-03
3.8848848848848849e+00	1.1210000000000000e-03
3.8868868868868871e+00	1.0013900000000000e-03
3.8888888888888888e+00	8.9345500000000003e-04
3.8908908908908910e+00	7.9611099999999995e-04
3.8928928928928928e+00	7.0839999999999998e-04
3.8948948948948949e+00	6.2945500000000001e-04
3.8968968968968971e+00	5.5849600000000001e-04
3.8988988988988988e+00	4.9481400000000000e-04
3.9009009009009010e+00	4.3775500000000001e-04
3.9029029029029028e+00	3.8663100000000002e-04
3.9049049049049049e+00	3.4363200000000002e-04
3.9069069069069071e+00	3.0163299999999999e-04
3.9089089089089089e+00	2.6587500000000000e-04
3.9109109109109110e+00	2.3445500000000000e-04
3.9129129129129128e+00	2.0695600000000000e-04
3.9149149149149149e+00	1.8304100000000000e-04
3.9169169169169171e+00	1.6241300000000001e-04
3.9189189189189189e+00	1.4480999999999999e-04
3.9209209209209210e+00	1.3000100000000000e-04
3.9229229229229228e+00	1.1779300000000000e-04
3.9249249249249250e+00	1.0803200000000000e-04
3.9269269269269271e+00	1.0061400000000000e-04
3.9289289289289289e+00	9.5492099999999993e-05
3.9309309309309310e+00	9.2697100000000004e-05
3.9329329329329328e+00	9.2358199999999999e-05
3.9349349349349350e+00	9.4737800000000000e-05
3.9369369369369371e+00	1.0027800000000000e-04
3.9389389389389389e+00	1.0966500000000000e-04
3.9409409409409411e+00	1.2392800000000001e-04
3.9429429429429428e+00	1.4456500000000001e-04
3.9449449449449450e+00	1.7374400000000001e-04
3.9469469469469471e+00	2.1457299999999999e-04
3.9489489489489489e+00	2.7151800000000000e-04
3.9509509509509511e+00	3.5100600000000001e-04
3.9529529529529528e+00	4.6235200000000002e-04
3.9549549549549550e+00	6.1916700000000000e-04
3.9569569569569571e+00	8.4158200000000001e-04
3.9589589589589589e+00	1.1598100000000001e-03
3.9609609609609611e+00	1.6199599999999999e-03
3.9629629629629628e+00	2.2940100000000000e-03
3.9649649649649650e+00	3.2970800000000000e-03
3.9669669669669672e+00	4.8191299999999996e-03
3.9689689689689689e+00	7.1853000000000004e-03
3.9709709709709711e+00	1.0977700000000000e-02
3.9729729729729728e+00	1.7297400000000001e-02
3.9749749749749750e+00	2.8374199999999999e-02
3.9769769769769772e+00	4.9121499999999998e-02
3.9789789789789789e+00	9.1537499999999994e-02
3.9809809809809811e+00	1.8825300000000000e-01
3.9829829829829828e+00	4.2844399999999999e-01
3.9849849849849850e+00	8.8217599999999996e-01
3.9869869869869872e+00	9.1258799999999995e-01
3.9889889889889889e+00	5.6062599999999996e-01
3.9909909909909911e+00	3.4610500000000000e-01
3.9929929929929928e+00	2.3814600000000000e-01
3.9949949949949950e+00	1.7960400000000001e-01
3.9969969969969972e+00	1.4494499999999999e-01
3.9989989989989989e+00	1.2296899999999999e-01
4.0010010010010006e+00	1.0833500000000000e-01
4.0030030030030028e+00	9.8270700000000002e-02
4.0050050050050050e+00	9.1225200000000006e-02
4.0070070070070072e+00	8.6279800000000004e-02
4.0090090090090094e+00	8.2861099999999993e-02
4.0110110110110107e+00	8.0594499999999999e-02
4.0130130130130128e+00	7.9219800000000007e-02
4.0150150150150150e+00	7.8522599999999998e-02
4.0170170170170172e+00	7.8123499999999998e-02
4.0190190190190194e+00	8.8204599999999994e-02
4.0210210210210207e+00	8.1698699999999999e-02
4.0230230230230228e+00	8.2989499999999994e-02
4.0250250250250250e+00	8.4978999999999999e-02
4.0270270270270272e+00	8.7484699999999999e-02
4.0290290290290294e+00	9.0469900000000006e-02
4.0310310310310307e+00	9.3930600000000003e-02
4.0330330330330328e+00	9.7877000000000006e-02
4.0350350350350350e+00	1.0232800000000000e-01
4.0370370370370372e+00	1.0731100000000000e-01
4.0390390390390394e+00	1.1285800000000000e-01
4.0410410410410407e+00	1.1900800000000000e-01
4.0430430430430429e+00	1.2580400000000000e-01
4.0450450450450450e+00	1.3329600000000000e-01
4.0470470470470472e+00	1.4153900000000000e-01
4.0490490490490494e+00	1.5058900000000000e-01
4.0510510510510507e+00	1.6050900000000001e-01
4.0530530530530529e+00	1.7136199999999999e-01
4.0550550550550550e+00	1.8321000000000001e-01
4.0570570570570572e+00	1.9611400000000001e-01
4.0590590590590594e+00	2.1012500000000001e-01
4.0610610610610607e+00	2.2528500000000001e-01
4.0630630630630629e+00	2.4161099999999999e-01
4.0650650650650650e+00	2.5909399999999999e-01
4.0670670670670672e+00	2.7768100000000001e-01
4.0690690690690694e+00	2.9726300000000000e-01
4.0710710710710707e+00	3.1765800000000000e-01
4.0730730730730729e+00	3.3859200000000000e-01
4.0750750750750750e+00	3.5968099999999997e-01
4.0770770770770772e+00	3.8041700000000001e-01
4.0790790790790794e+00	4.0015499999999998e-01
4.0810810810810807e+00	4.1811500000000001e-01
4.0830830830830829e+00	4.3340099999999998e-01
4.0850850850850851e+00	4.4503199999999998e-01
4.0870870870870872e+00	4.5201700000000000e-01
4.0890890890890894e+00	4.5344899999999999e-01
4.0910910910910907e+00	4.4865100000000002e-01
4.0930930930930929e+00	4.3735000000000002e-01
4.0950950950950951e+00	4.1986200000000001e-01
4.0970970970970972e+00	3.9721299999999998e-01
4.0990990990990994e+00	3.7113299999999999e-01
4.1011011011011007e+00	3.4384399999999998e-01
4.1031031031031029e+00	3.1768999999999997e-01
4.1051051051051051e+00	2.9474099999999998e-01
4.1071071071071072e+00	2.7652199999999999e-01
4.1091091091091094e+00	2.6395500000000000e-01
4.1111111111111107e+00	2.5746799999999997e-01
4.1131131131131129e+00	2.5716899999999998e-01
4.1151151151151151e+00	2.6301400000000003e-01
4.1171171171171173e+00	2.7491300000000002e-01
4.1191191191191194e+00	2.9278199999999999e-01
4.1211211211211207e+00	3.1654199999999999e-01
4.1231231231231229e+00	3.4609000000000001e-01
4.1251251251251251e+00	3.8125100000000001e-01
4.1271271271271273e+00	4.2171999999999998e-01
4.1291291291291294e+00	4.6700999999999998e-01
4.1311311311311307e+00	5.1640100000000000e-01
4.1331331331331329e+00	5.6892200000000004e-01
4.1351351351351351e+00	6.2335499999999999e-01
4.1371371371371373e+00	6.7828599999999994e-01
4.1391391391391394e+00	7.3218499999999997e-01
4.1411411411411407e+00	7.8352800000000000e-01
4.1431431431431429e+00	8.3091800000000005e-01
4.1451451451451451e+00	8.7320100000000000e-01
4.1471471471471473e+00	9.0955399999999997e-01
4.1491491491491495e+00	9.3952500000000005e-01
4.1511511511511507e+00	9.6302200000000004e-01
4.1531531531531529e+00	9.8026999999999997e-01
4.1551551551551551e+00	9.9174300000000004e-01
4.1571571571571573e+00	9.9807800000000002e-01
4.1591591591591595e+00	1.0000000000000000e+00
4.1611611611611607e+00	9.9826000000000004e-01
4.1631631631631629e+00	9.9358500000000005e-01
4.1651651651651651e+00	9.8664499999999999e-01
4.1671671671671673e+00	9.7803399999999996e-01
4.1691691691691695e+00	9.6826699999999999e-01
4.1711711711711708e+00	9.5777500000000004e-01
4.1731731731731729e+00	9.4691400000000003e-01
4.1751751751751751e+00	9.3597100000000000e-01
4.1771771771771773e+00	9.2517600000000000e-01
4.1791791791791795e+00	9.1470499999999999e-01
4.1811811811811808e+00	9.0469400000000000e-01
4.1831831831831829e+00	8.9524599999999999e-01
4.1851851851851851e+00	8.8643499999999997e-01
4.1871871871871873e+00	8.7831300000000001e-01
4.1891891891891895e+00	8.7091499999999999e-01
4.1911911911911908e+00	8.6426300000000000e-01
4.1931931931931929e+00	8.5837300000000005e-01
4.1951951951951951e+00	8.5325200000000001e-01
4.1971971971971973e+00	8.4892000000000001e-01
4.1991991991991995e+00	8.4544799999999998e-01
4.2012012012012008e+00	8.4368399999999999e-01
4.2032032032032030e+00	8.3848299999999998e-01
4.2052052052052051e+00	8.3773299999999995e-01
4.2072072072072073e+00	8.3703600000000000e-01
4.2092092092092095e+00	8.3689300000000000e-01
4.2112112112112108e+00	8.3735000000000004e-01
4.2132132132132130e+00	8.3840400000000004e-01
4.2152152152152151e+00	8.4003899999999998e-01
4.2172172172172173e+00	8.4223599999999998e-01
4.2192192192192195e+00	8.4497299999999997e-01
4.2212212212212208e+00	8.4822699999999995e-01
4.2232232232232230e+00	8.5197299999999998e-01
4.2252252252252251e+00	8.5618399999999995e-01
4.2272272272272273e+00	8.6083299999999996e-01
4.2292292292292295e+00	8.6589000000000005e-01
4.2312312312312308e+00	8.7132399999999999e-01
4.2332332332332330e+00	8.7709099999999995e-01
4.2352352352352352e+00	8.8343099999999997e-01
4.2372372372372373e+00	8.8962399999999997e-01
4.2392392392392395e+00	8.9622500000000005e-01
4.2412412412412408e+00	9.0303299999999997e-01
4.2432432432432430e+00	9.1000300000000001e-01
4.2452452452452452e+00	9.1710700000000001e-01
4.2472472472472473e+00	9.2454000000000003e-01
4.2492492492492495e+00	9.3101699999999998e-01
4.2512512512512508e+00	9.3822499999999998e-01
4.2532532532532530e+00	9.4523199999999996e-01
4.2552552552552552e+00	9.5206000000000002e-01
4.2572572572572573e+00	9.5866399999999996e-01
4.2592592592592595e+00	9.6498700000000004e-01
4.2612612612612608e+00	9.7096899999999997e-01
4.2632632632632630e+00	9.7655000000000003e-01
4.2652652652652652e+00	9.8167099999999996e-01
4.2672672672672673e+00	9.8627100000000001e-01
4.2692692692692695e+00	9.9029500000000004e-01
4.2712712712712708e+00	9.9368800000000002e-01
4.2732732732732730e+00	9.9639800000000001e-01
4.2752752752752752e+00	9.9838000000000005e-01
4.2772772772772774e+00	9.9959100000000001e-01
4.2792792792792795e+00	1.0000000000000000e+00
4.2812812812812808e+00	9.9956900000000004e-01
4.2832832832832830e+00	9.9828200000000000e-01
4.2852852852852852e+00	9.9612299999999998e-01
4.2872872872872874e+00	9.9308500000000000e-01
4.2892892892892895e+00	9.8916899999999996e-01
4.2912912912912908e+00	9.8438400000000004e-01
4.2932932932932930e+00	9.7874700000000003e-01
4.2952952952952952e+00	9.7228300000000001e-01
4.2972972972972974e+00	9.6502399999999999e-01
4.2992992992992995e+00	9.5700700000000005e-01
4.3013013013013008e+00	9.4827799999999995e-01
4.3033033033033030e+00	9.3888600000000000e-01
4.3053053053053052e+00	9.2888599999999999e-01
4.3073073073073074e+00	9.1833399999999998e-01
4.3093093093093096e+00	9.0729199999999999e-01
4.3113113113113108e+00	8.9582200000000001e-01
4.3133133133133130e+00	8.8398800000000000e-01
4.3153153153153152e+00	8.7185199999999996e-01
4.3173173173173174e+00	8.5948000000000002e-01
4.3193193193193196e+00	8.4693200000000002e-01
4.3213213213213209e+00	8.3426900000000004e-01
4.3233233233233230e+00	8.2155000000000000e-01
4.3253253253253252e+00	8.0883200000000000e-01
4.3273273273273274e+00	7.9616699999999996e-01
4.3293293293293296e+00	7.8360600000000002e-01
4.3313313313313309e+00	7.7119700000000002e-01
4.3333333333333330e+00	7.5898399999999999e-01
4.3353353353353352e+00	7.4700800000000001e-01
4.3373373373373374e+00	7.3530799999999996e-01
4.3393393393393396e+00	7.2391799999999995e-01
4.3413413413413409e+00	7.1287299999999998e-01
4.3433433433433430e+00	7.0220099999999996e-01
4.3453453453453452e+00	6.9193099999999996e-01
4.3473473473473474e+00	6.8208899999999995e-01
4.3493493493493496e+00	6.7269900000000005e-01
4.3513513513513509e+00	6.6378300000000001e-01
4.3533533533533531e+00	6.5536200000000000e-01
4.3553553553553552e+00	6.4745799999999998e-01
4.3573573573573574e+00	6.4008799999999999e-01
4.3593593593593596e+00	6.3327400000000000e-01
4.3613613613613609e+00	6.2704300000000002e-01
4.3633633633633631e+00	6.2148000000000003e-01
4.3653653653653652e+00	6.1565300000000001e-01
4.3673673673673674e+00	6.1155099999999996e-01
4.3693693693693696e+00	6.0769200000000001e-01
4.3713713713713709e+00	6.0438300000000000e-01
4.3733733733733731e+00	6.0161500000000001e-01
4.3753753753753752e+00	5.9933199999999998e-01
4.3773773773773774e+00	5.9742899999999999e-01
4.3793793793793796e+00	5.9571600000000002e-01
4.3813813813813809e+00	5.9386700000000003e-01
4.3833833833833831e+00	5.9131699999999998e-01
4.3853853853853852e+00	5.8706499999999995e-01
4.3873873873873874e+00	5.7928800000000003e-01
4.3893893893893896e+00	5.6452000000000002e-01
4.3913913913913909e+00	5.3577200000000003e-01
4.3933933933933931e+00	4.7810100000000000e-01
4.3953953953953953e+00	3.5945600000000000e-01
4.3973973973973974e+00	1.4005200000000001e-01
4.3993993993993996e+00	8.0227500000000004e-03
4.4014014014014009e+00	2.7267300000000000e-01
4.4034034034034031e+00	4.6768900000000002e-01
4.4054054054054053e+00	4.8685699999999998e-01
4.4074074074074074e+00	4.0732299999999999e-01
4.4094094094094096e+00	2.8367799999999999e-01
4.4114114114114109e+00	1.6157299999999999e-01
4.4134134134134131e+00	7.1384100000000006e-02
4.4154154154154153e+00	2.0567800000000001e-02
4.4174174174174174e+00	1.3986999999999999e-03
4.4194194194194196e+00	2.5287899999999999e-03
4.4214214214214209e+00	1.4863700000000001e-02
4.4234234234234231e+00	3.2577399999999999e-02
4.4254254254254253e+00	5.2352299999999997e-02
4.4274274274274275e+00	7.2447800000000007e-02
4.4294294294294296e+00	9.2029100000000003e-02
4.4314314314314309e+00	1.1075599999999999e-01
4.4334334334334331e+00	1.2855000000000000e-01
4.4354354354354353e+00	1.4546200000000001e-01
4.4374374374374375e+00	1.6160800000000000e-01
4.4394394394394396e+00	1.7712700000000001e-01
4.4414414414414409e+00	1.9216700000000000e-01
4.4434434434434431e+00	2.0687300000000000e-01
4.4454454454454453e+00	2.2138400000000000e-01
4.4474474474474475e+00	2.3583100000000001e-01
4.4494494494494496e+00	2.5033699999999998e-01
4.4514514514514509e+00	2.6501999999999998e-01
4.4534534534534531e+00	2.7999099999999999e-01
4.4554554554554553e+00	2.9535699999999998e-01
4.4574574574574575e+00	3.1121799999999999e-01
4.4594594594594597e+00	3.2767200000000002e-01
4.4614614614614609e+00	3.4480899999999998e-01
4.4634634634634631e+00	3.6274899999999999e-01
4.4654654654654653e+00	3.8153500000000001e-01
4.4674674674674675e+00	4.0126699999999998e-01
4.4694694694694697e+00	4.2201800000000000e-01
4.4714714714714709e+00	4.4385300000000000e-01
4.4734734734734740e+00	4.6682200000000001e-01
4.4754754754754753e+00	4.9096299999999998e-01
4.4774774774774775e+00	5.1629300000000000e-01
4.4794794794794797e+00	5.4280300000000004e-01
4.4814814814814810e+00	5.7045500000000005e-01
4.4834834834834840e+00	5.9917500000000001e-01
4.4854854854854853e+00	6.2883900000000004e-01
4.4874874874874875e+00	6.5919499999999998e-01
4.4894894894894897e+00	6.9071400000000005e-01
4.4914914914914910e+00	7.2197100000000003e-01
4.4934934934934940e+00	7.5337299999999996e-01
4.4954954954954953e+00	7.8445200000000004e-01
4.4974974974974975e+00	8.1480100000000000e-01
4.4994994994994997e+00	8.4399599999999997e-01
4.5015015015015010e+00	8.7160800000000005e-01
4.5035035035035040e+00	8.9721799999999996e-01
4.5055055055055053e+00	9.2044700000000002e-01
4.5075075075075075e+00	9.4096900000000006e-01
4.5095095095095097e+00	9.5853500000000003e-01
4.5115115115115110e+00	9.7298399999999996e-01
4.5135135135135140e+00	9.8425499999999999e-01
4.5155155155155153e+00	9.9238300000000002e-01
4.5175175175175175e+00	9.9749600000000005e-01
4.5195195195195197e+00	9.9980500000000005e-01
4.5215215215215210e+00	9.9957499999999999e-01
4.5235235235235240e+00	9.9712599999999996e-01
4.5255255255255253e+00	9.9327500000000002e-01
4.5275275275275275e+00	9.8692899999999995e-01
4.5295295295295297e+00	9.7986399999999996e-01
4.5315315315315310e+00	9.7191300000000003e-01
4.5335335335335341e+00	9.6335400000000004e-01
4.5355355355355353e+00	9.5442400000000005e-01
4.5375375375375375e+00	9.4530700000000001e-01
4.5395395395395397e+00	9.3612899999999999e-01
4.5415415415415410e+00	9.2694100000000001e-01
4.5435435435435441e+00	9.1770300000000005e-01
4.5455455455455454e+00	9.0823900000000002e-01
4.5475475475475475e+00	8.9816300000000004e-01
4.5495495495495497e+00	8.8670599999999999e-01
4.5515515515515510e+00	8.7231400000000003e-01
4.5535535535535541e+00	8.5154900000000000e-01
4.5555555555555554e+00	8.1544099999999997e-01
4.5575575575575575e+00	7.3312699999999997e-01
4.5595595595595597e+00	4.3928800000000001e-01
4.5615615615615610e+00	3.4135399999999999e-01
4.5635635635635641e+00	9.6640000000000004e-01
4.5655655655655654e+00	9.9969799999999998e-01
4.5675675675675675e+00	9.9822699999999998e-01
4.5695695695695697e+00	9.9562300000000004e-01
4.5715715715715710e+00	9.9458100000000005e-01
4.5735735735735741e+00	9.9490000000000001e-01
4.5755755755755754e+00	9.9607299999999999e-01
4.5775775775775776e+00	9.9760199999999999e-01
4.5795795795795797e+00	9.9902700000000000e-01
4.5815815815815810e+00	9.9990299999999999e-01
4.5835835835835841e+00	9.9978299999999998e-01
4.5855855855855854e+00	9.9820699999999996e-01
4.5875875875875876e+00	9.9469399999999997e-01
4.5895895895895897e+00	9.8873599999999995e-01
4.5915915915915910e+00	9.7980199999999995e-01
4.5935935935935941e+00	9.6733800000000003e-01
4.5955955955955954e+00	9.5077999999999996e-01
4.5975975975975976e+00	9.2956499999999997e-01
4.5995995995995997e+00	9.0315100000000004e-01
4.6016016016016010e+00	8.7104300000000001e-01
4.6036036036036041e+00	8.3282500000000004e-01
4.6056056056056054e+00	7.8820199999999996e-01
4.6076076076076076e+00	7.3704999999999998e-01
4.6096096096096097e+00	6.7947100000000005e-01
4.6116116116116119e+00	6.1585199999999996e-01
4.6136136136136141e+00	5.4693400000000003e-01
4.6156156156156154e+00	4.7386299999999998e-01
4.6176176176176176e+00	3.9823100000000000e-01
4.6196196196196198e+00	3.2209300000000002e-01
4.6216216216216219e+00	2.4792500000000001e-01
4.6236236236236241e+00	1.7854100000000001e-01
4.6256256256256254e+00	1.1692500000000000e-01
4.6276276276276276e+00	6.6007499999999997e-02
4.6296296296296298e+00	2.8390800000000001e-02
4.6316316316316319e+00	6.0682599999999998e-03
4.6336336336336341e+00	1.8240699999999999e-04
4.6356356356356354e+00	1.0877500000000000e-02
4.6376376376376376e+00	3.7279600000000003e-02
4.6396396396396398e+00	7.7612299999999995e-02
4.6416416416416419e+00	1.2942300000000001e-01
4.6436436436436441e+00	1.8986800000000001e-01
4.6456456456456454e+00	2.5601299999999999e-01
4.6476476476476476e+00	3.2507500000000000e-01
4.6496496496496498e+00	3.9461200000000002e-01
4.6516516516516520e+00	4.6262300000000001e-01
4.6536536536536541e+00	5.2757900000000002e-01
4.6556556556556554e+00	5.8840400000000004e-01
4.6576576576576576e+00	6.4442400000000000e-01
4.6596596596596598e+00	6.9529500000000000e-01
4.6616616616616620e+00	7.4093100000000001e-01
4.6636636636636641e+00	7.8143799999999997e-01
4.6656656656656654e+00	8.1705300000000003e-01
4.6676676676676676e+00	8.4809800000000002e-01
4.6696696696696698e+00	8.7494300000000003e-01
4.6716716716716720e+00	8.9797899999999997e-01
4.6736736736736741e+00	9.1759700000000000e-01
4.6756756756756754e+00	9.3417700000000004e-01
4.6776776776776776e+00	9.4807399999999997e-01
4.6796796796796798e+00	9.5979499999999995e-01
4.6816816816816820e+00	9.6927200000000002e-01
4.6836836836836842e+00	9.7684199999999999e-01
4.6856856856856854e+00	9.8310399999999998e-01
4.6876876876876876e+00	9.8804300000000000e-01
4.6896896896896898e+00	9.9187499999999995e-01
4.6916916916916920e+00	9.9477599999999999e-01
4.6936936936936942e+00	9.9689799999999995e-01
4.6956956956956954e+00	9.9837299999999995e-01
4.6976976976976976e+00	9.9931700000000001e-01
4.6996996996996998e+00	9.9983000000000000e-01
4.7017017017017020e+00	9.9999899999999997e-01
4.7037037037037042e+00	9.9989799999999995e-01
4.7057057057057055e+00	9.9959200000000004e-01
4.7077077077077076e+00	9.9913500000000000e-01
4.7097097097097098e+00	9.9857399999999996e-01
4.7117117117117120e+00	9.9794499999999997e-01
4.7137137137137142e+00	9.9728700000000003e-01
4.7157157157157155e+00	9.9662399999999995e-01
4.7177177177177176e+00	9.9597899999999995e-01
4.7197197197197198e+00	9.9536899999999995e-01
4.7217217217217220e+00	9.9480900000000005e-01
4.7237237237237242e+00	9.9431099999999994e-01
4.7257257257257255e+00	9.9388200000000004e-01
4.7277277277277276e+00	9.9352900000000000e-01
4.7297297297297298e+00	9.9325399999999997e-01
4.7317317317317320e+00	9.9305800000000000e-01
4.7337337337337342e+00	9.9292800000000003e-01
4.7357357357357355e+00	9.9295699999999998e-01
4.7377377377377377e+00	9.9299700000000002e-01
4.7397397397397398e+00	9.9313099999999999e-01
4.7417417417417420e+00	9.9334800000000001e-01
4.7437437437437442e+00	9.9364799999999998e-01
4.7457457457457455e+00	9.9403200000000003e-01
4.7477477477477477e+00	9.9450200000000000e-01
4.7497497497497498e+00	9.9506399999999995e-01
4.7517517517517520e+00	9.9572099999999997e-01
4.7537537537537542e+00	9.9647600000000003e-01
4.7557557557557555e+00	9.9732500000000002e-01
4.7577577577577577e+00	9.9823799999999996e-01
4.7597597597597598e+00	9.9913700000000005e-01
4.7617617617617620e+00	9.9983500000000003e-01
4.7637637637637642e+00	9.9991799999999997e-01
4.7657657657657655e+00	9.9852700000000005e-01
4.7677677677677677e+00	9.9397500000000005e-01
4.7697697697697699e+00	9.8316700000000001e-01
4.7717717717717720e+00	9.6102900000000002e-01
4.7737737737737742e+00	9.2077900000000001e-01
4.7757757757757755e+00	8.5666399999999998e-01
4.7777777777777777e+00	7.6959800000000000e-01
4.7797797797797799e+00	6.7095000000000005e-01
4.7817817817817820e+00	5.7769999999999999e-01
4.7837837837837842e+00	5.0250799999999995e-01
4.7857857857857855e+00	4.4919700000000001e-01
4.7877877877877877e+00	4.1526900000000000e-01
4.7897897897897899e+00	3.9594299999999999e-01
4.7917917917917920e+00	3.8654600000000000e-01
4.7937937937937942e+00	3.8333699999999998e-01
4.7957957957957955e+00	3.8359300000000002e-01
4.7977977977977977e+00	3.8543500000000003e-01
4.7997997997997999e+00	3.8762999999999997e-01
4.8018018018018020e+00	3.8940200000000003e-01
4.8038038038038042e+00	3.9029700000000001e-01
4.8058058058058055e+00	3.9007799999999998e-01
4.8078078078078077e+00	3.8864500000000002e-01
4.8098098098098099e+00	3.8598900000000003e-01
4.8118118118118121e+00	3.8215500000000002e-01
4.8138138138138142e+00	3.7722099999999997e-01
4.8158158158158155e+00	3.7127900000000003e-01
4.8178178178178177e+00	3.6443199999999998e-01
4.8198198198198199e+00	3.5678100000000001e-01
4.8218218218218221e+00	3.4842600000000001e-01
4.8238238238238242e+00	3.3946300000000001e-01
4.8258258258258255e+00	3.2998200000000000e-01
4.8278278278278277e+00	3.2006800000000002e-01
4.8298298298298299e+00	3.0980000000000002e-01
4.8318318318318321e+00	2.9924899999999999e-01
4.8338338338338342e+00	2.8848099999999999e-01
4.8358358358358355e+00	2.7755800000000003e-01
4.8378378378378377e+00	2.6653500000000002e-01
4.8398398398398399e+00	2.5546099999999999e-01
4.8418418418418421e+00	2.4438299999999999e-01
4.8438438438438443e+00	2.3334099999999999e-01
4.8458458458458455e+00	2.2237199999999999e-01
4.8478478478478477e+00	2.1150900000000000e-01
4.8498498498498499e+00	2.0078099999999999e-01
4.8518518518518521e+00	1.9021399999999999e-01
4.8538538538538543e+00	1.7982799999999999e-01
4.8558558558558556e+00	1.6963200000000001e-01
4.8578578578578577e+00	1.5944700000000001e-01
4.8598598598598599e+00	1.5010899999999999e-01
4.8618618618618621e+00	1.4060700000000001e-01
4.8638638638638643e+00	1.3140099999999999e-01
4.8658658658658656e+00	1.2247600000000000e-01
4.8678678678678677e+00	1.1383400000000000e-01
4.8698698698698699e+00	1.0548200000000001e-01
4.8718718718718721e+00	9.7423599999999999e-02
4.8738738738738743e+00	8.9658900000000000e-02
4.8758758758758756e+00	8.2183599999999996e-02
4.8778778778778777e+00	7.4972999999999998e-02
4.8798798798798799e+00	6.7874599999999993e-02
4.8818818818818821e+00	6.7029300000000000e-02
4.8838838838838843e+00	5.6239999999999998e-02
4.8858858858858856e+00	5.0180000000000002e-02
4.8878878878878878e+00	4.4587500000000002e-02
4.8898898898898899e+00	3.9362300000000003e-02
4.8918918918918921e+00	3.4485900000000000e-02
4.8938938938938943e+00	2.9955300000000001e-02
4.8958958958958956e+00	2.5775300000000001e-02
4.8978978978978978e+00	2.1974899999999999e-02
4.8998998998998999e+00	1.8109199999999999e-02
4.9019019019019021e+00	1.5207099999999999e-02
4.9039039039039043e+00	1.2464800000000000e-02
4.9059059059059056e+00	1.0051600000000001e-02
4.9079079079079078e+00	8.0656900000000004e-03
4.9099099099099099e+00	6.5107500000000000e-03
4.9119119119119121e+00	5.4937400000000004e-03
4.9139139139139143e+00	5.3422000000000001e-03
4.9159159159159156e+00	7.6931700000000000e-03
4.9179179179179178e+00	3.4827299999999999e-02
4.9199199199199199e+00	1.4501800000000001e-01
4.9219219219219221e+00	1.7029599999999999e-02
4.9239239239239243e+00	1.0850800000000001e-02
4.9259259259259256e+00	1.0538100000000000e-02
4.9279279279279278e+00	1.1870300000000000e-02
4.9299299299299300e+00	1.4105500000000000e-02
4.9319319319319321e+00	1.7036099999999998e-02
4.9339339339339343e+00	2.0594200000000000e-02
4.9359359359359356e+00	2.4778600000000001e-02
4.9379379379379378e+00	2.9443400000000002e-02
4.9399399399399400e+00	3.4829699999999998e-02
4.9419419419419421e+00	4.0810399999999997e-02
4.9439439439439443e+00	4.7418399999999999e-02
4.9459459459459456e+00	5.4670900000000001e-02
4.9479479479479478e+00	6.2583899999999998e-02
4.9499499499499500e+00	7.1173000000000000e-02
4.9519519519519521e+00	8.0452999999999997e-02
4.9539539539539543e+00	9.0437699999999996e-02
4.9559559559559556e+00	1.0113900000000001e-01
4.9579579579579578e+00	1.1256800000000000e-01
4.9599599599599600e+00	1.2473200000000000e-01
4.9619619619619622e+00	1.3763600000000001e-01
4.9639639639639643e+00	1.5128200000000000e-01
4.9659659659659656e+00	1.6567000000000001e-01
4.9679679679679678e+00	1.8079300000000001e-01
4.9699699699699700e+00	1.9664100000000001e-01
4.9719719719719722e+00	2.1320100000000000e-01
4.9739739739739743e+00	2.3045199999999999e-01
4.9759759759759756e+00	2.4837000000000001e-01
4.9779779779779778e+00	2.6692399999999999e-01
4.9799799799799800e+00	2.8607800000000000e-01
4.9819819819819822e+00	3.0579099999999998e-01
4.9839839839839843e+00	3.2601400000000003e-01
4.9859859859859856e+00	3.4669699999999998e-01
4.9879879879879878e+00	3.6777900000000002e-01
4.9899899899899900e+00	3.8919999999999999e-01
4.9919919919919922e+00	4.1089199999999998e-01
4.9939939939939944e+00	4.3278499999999998e-01
4.9959959959959956e+00	4.5480599999999999e-01
4.9979979979979978e+00	4.7687900000000000e-01
5.0000000000000000e+00	4.9892599999999998e-01
