3.7320000000000002e+00	7.8414600000000001e-02
3.7320010010010014e+00	7.8406500000000004e-02
3.7320020020020022e+00	7.8398300000000004e-02
3.7320030030030034e+00	7.8390100000000004e-02
3.7320040040040041e+00	7.8381999999999993e-02
3.7320050050050053e+00	7.8373799999999993e-02
3.7320060060060061e+00	7.8365599999999994e-02
3.7320070070070073e+00	7.8357399999999994e-02
3.7320080080080080e+00	7.8349299999999997e-02
3.7320090090090092e+00	7.8341099999999997e-02
3.7320100100100104e+00	7.8332899999999997e-02
3.7320110110110112e+00	7.8324699999999997e-02
3.7320120120120124e+00	7.8316499999999997e-02
3.7320130130130131e+00	7.8308400000000000e-02
3.7320140140140143e+00	7.8300200000000000e-02
3.7320150150150151e+00	7.8292000000000000e-02
3.7320160160160163e+00	7.8283800000000001e-02
3.7320170170170170e+00	7.8275600000000001e-02
3.7320180180180182e+00	7.8267400000000001e-02
3.7320190190190190e+00	7.8259200000000001e-02
3.7320200200200202e+00	7.8251000000000001e-02
3.7320210210210214e+00	7.8242800000000001e-02
3.7320220220220222e+00	7.8234600000000001e-02
3.7320230230230234e+00	7.8226500000000004e-02
3.7320240240240241e+00	7.8218300000000004e-02
3.7320250250250253e+00	7.8210100000000005e-02
3.7320260260260261e+00	7.8201900000000005e-02
3.7320270270270273e+00	7.8193700000000005e-02
3.7320280280280280e+00	7.8185400000000002e-02
3.7320290290290292e+00	7.8177200000000002e-02
3.7320300300300304e+00	7.8169000000000002e-02
3.7320310310310312e+00	7.8160800000000002e-02
3.7320320320320324e+00	7.8152600000000003e-02
3.7320330330330331e+00	7.8144400000000003e-02
3.7320340340340343e+00	7.8136200000000003e-02
3.7320350350350351e+00	7.8128000000000003e-02
3.7320360360360363e+00	7.8119800000000003e-02
3.7320370370370370e+00	7.8111500000000000e-02
3.7320380380380382e+00	7.8103300000000001e-02
3.7320390390390394e+00	7.8095100000000001e-02
3.7320400400400402e+00	7.8086900000000001e-02
3.7320410410410414e+00	7.8078700000000001e-02
3.7320420420420422e+00	7.8070399999999998e-02
3.7320430430430434e+00	7.8062199999999998e-02
3.7320440440440441e+00	7.8053999999999998e-02
3.7320450450450453e+00	7.8045699999999996e-02
3.7320460460460461e+00	7.8037499999999996e-02
3.7320470470470473e+00	7.8029299999999996e-02
3.7320480480480485e+00	7.8020999999999993e-02
3.7320490490490492e+00	7.8012799999999993e-02
3.7320500500500504e+00	7.8004500000000004e-02
3.7320510510510512e+00	7.7996300000000005e-02
3.7320520520520524e+00	7.7988100000000005e-02
3.7320530530530531e+00	7.7979800000000002e-02
3.7320540540540543e+00	7.7971600000000002e-02
3.7320550550550551e+00	7.7963299999999999e-02
3.7320560560560563e+00	7.7955099999999999e-02
3.7320570570570570e+00	7.7946799999999997e-02
3.7320580580580582e+00	7.7938599999999997e-02
3.7320590590590594e+00	7.7930299999999994e-02
3.7320600600600602e+00	7.7922000000000005e-02
3.7320610610610614e+00	7.7913800000000005e-02
3.7320620620620621e+00	7.7905500000000003e-02
3.7320630630630633e+00	7.7897200000000000e-02
3.7320640640640641e+00	7.7889000000000000e-02
3.7320650650650653e+00	7.7880699999999997e-02
3.7320660660660661e+00	7.7872399999999994e-02
3.7320670670670673e+00	7.7864100000000006e-02
3.7320680680680685e+00	7.7855900000000006e-02
3.7320690690690692e+00	7.7847600000000003e-02
3.7320700700700704e+00	7.7839300000000000e-02
3.7320710710710712e+00	7.7830999999999997e-02
3.7320720720720724e+00	7.7822699999999995e-02
3.7320730730730731e+00	7.7814400000000006e-02
3.7320740740740743e+00	7.7806200000000006e-02
3.7320750750750751e+00	7.7797900000000003e-02
3.7320760760760763e+00	7.7789600000000000e-02
3.7320770770770775e+00	7.7781299999999998e-02
3.7320780780780782e+00	7.7772999999999995e-02
3.7320790790790794e+00	7.7764700000000006e-02
3.7320800800800802e+00	7.7756400000000003e-02
3.7320810810810814e+00	7.7747999999999998e-02
3.7320820820820821e+00	7.7739699999999995e-02
3.7320830830830833e+00	7.7731400000000006e-02
3.7320840840840841e+00	7.7723100000000003e-02
3.7320850850850853e+00	7.7714800000000001e-02
3.7320860860860865e+00	7.7706499999999998e-02
3.7320870870870873e+00	7.7698100000000006e-02
3.7320880880880885e+00	7.7689800000000003e-02
3.7320890890890892e+00	7.7681500000000001e-02
3.7320900900900904e+00	7.7673199999999998e-02
3.7320910910910912e+00	7.7664800000000006e-02
3.7320920920920924e+00	7.7656500000000003e-02
3.7320930930930931e+00	7.7648099999999998e-02
3.7320940940940943e+00	7.7639799999999995e-02
3.7320950950950951e+00	7.7631400000000003e-02
3.7320960960960963e+00	7.7623100000000000e-02
3.7320970970970975e+00	7.7614699999999995e-02
3.7320980980980982e+00	7.7606400000000006e-02
3.7320990990990994e+00	7.7598000000000000e-02
3.7321001001001002e+00	7.7589699999999998e-02
3.7321011011011014e+00	7.7581300000000006e-02
3.7321021021021021e+00	7.7572900000000000e-02
3.7321031031031033e+00	7.7564599999999997e-02
3.7321041041041041e+00	7.7556200000000006e-02
3.7321051051051053e+00	7.7547800000000000e-02
3.7321061061061065e+00	7.7539399999999994e-02
3.7321071071071072e+00	7.7531100000000006e-02
3.7321081081081084e+00	7.7522700000000000e-02
3.7321091091091092e+00	7.7514299999999994e-02
3.7321101101101104e+00	7.7505900000000003e-02
3.7321111111111112e+00	7.7497499999999997e-02
3.7321121121121124e+00	7.7489100000000005e-02
3.7321131131131131e+00	7.7480700000000000e-02
3.7321141141141143e+00	7.7472299999999994e-02
3.7321151151151155e+00	7.7463900000000002e-02
3.7321161161161163e+00	7.7455499999999997e-02
3.7321171171171175e+00	7.7447000000000002e-02
3.7321181181181182e+00	7.7438599999999996e-02
3.7321191191191194e+00	7.7430200000000005e-02
3.7321201201201202e+00	7.7421799999999999e-02
3.7321211211211214e+00	7.7413300000000004e-02
3.7321221221221221e+00	7.7404899999999999e-02
3.7321231231231233e+00	7.7396499999999993e-02
3.7321241241241245e+00	7.7387999999999998e-02
3.7321251251251253e+00	7.7379600000000007e-02
3.7321261261261265e+00	7.7371099999999998e-02
3.7321271271271272e+00	7.7362700000000006e-02
3.7321281281281284e+00	7.7354199999999998e-02
3.7321291291291292e+00	7.7345800000000006e-02
3.7321301301301304e+00	7.7337299999999998e-02
3.7321311311311312e+00	7.7328800000000003e-02
3.7321321321321324e+00	7.7320299999999995e-02
3.7321331331331331e+00	7.7311900000000003e-02
3.7321341341341343e+00	7.7303399999999994e-02
3.7321351351351355e+00	7.7294900000000000e-02
3.7321361361361363e+00	7.7286400000000005e-02
3.7321371371371375e+00	7.7277899999999997e-02
3.7321381381381382e+00	7.7269400000000002e-02
3.7321391391391394e+00	7.7260899999999993e-02
3.7321401401401402e+00	7.7252399999999999e-02
3.7321411411411414e+00	7.7243900000000004e-02
3.7321421421421421e+00	7.7235399999999996e-02
3.7321431431431433e+00	7.7226900000000001e-02
3.7321441441441445e+00	7.7218300000000004e-02
3.7321451451451453e+00	7.7209799999999995e-02
3.7321461461461465e+00	7.7201300000000000e-02
3.7321471471471472e+00	7.7192700000000003e-02
3.7321481481481484e+00	7.7184199999999994e-02
3.7321491491491492e+00	7.7175599999999997e-02
3.7321501501501504e+00	7.7167100000000002e-02
3.7321511511511511e+00	7.7158500000000005e-02
3.7321521521521523e+00	7.7149999999999996e-02
3.7321531531531535e+00	7.7141399999999999e-02
3.7321541541541543e+00	7.7132800000000001e-02
3.7321551551551555e+00	7.7124200000000004e-02
3.7321561561561563e+00	7.7115699999999995e-02
3.7321571571571575e+00	7.7107099999999998e-02
3.7321581581581582e+00	7.7098500000000000e-02
3.7321591591591594e+00	7.7089900000000003e-02
3.7321601601601602e+00	7.7081300000000005e-02
3.7321611611611614e+00	7.7072699999999994e-02
3.7321621621621626e+00	7.7064099999999996e-02
3.7321631631631633e+00	7.7055399999999996e-02
3.7321641641641645e+00	7.7046799999999999e-02
3.7321651651651653e+00	7.7038200000000001e-02
3.7321661661661665e+00	7.7029600000000004e-02
3.7321671671671672e+00	7.7020900000000003e-02
3.7321681681681684e+00	7.7012300000000006e-02
3.7321691691691692e+00	7.7003600000000005e-02
3.7321701701701704e+00	7.6994999999999994e-02
3.7321711711711711e+00	7.6986299999999994e-02
3.7321721721721723e+00	7.6977599999999993e-02
3.7321731731731735e+00	7.6968900000000007e-02
3.7321741741741743e+00	7.6960299999999995e-02
3.7321751751751755e+00	7.6951599999999995e-02
3.7321761761761763e+00	7.6942899999999995e-02
3.7321771771771775e+00	7.6934199999999994e-02
3.7321781781781782e+00	7.6925499999999994e-02
3.7321791791791794e+00	7.6916799999999994e-02
3.7321801801801802e+00	7.6908000000000004e-02
3.7321811811811814e+00	7.6899300000000004e-02
3.7321821821821826e+00	7.6890600000000003e-02
3.7321831831831833e+00	7.6881800000000000e-02
3.7321841841841845e+00	7.6873100000000000e-02
3.7321851851851853e+00	7.6864299999999997e-02
3.7321861861861865e+00	7.6855599999999996e-02
3.7321871871871872e+00	7.6846800000000007e-02
3.7321881881881884e+00	7.6838000000000004e-02
3.7321891891891892e+00	7.6829300000000003e-02
3.7321901901901904e+00	7.6820500000000000e-02
3.7321911911911916e+00	7.6811699999999997e-02
3.7321921921921923e+00	7.6802899999999993e-02
3.7321931931931935e+00	7.6794100000000004e-02
3.7321941941941943e+00	7.6785300000000001e-02
3.7321951951951955e+00	7.6776399999999995e-02
3.7321961961961962e+00	7.6767600000000005e-02
3.7321971971971974e+00	7.6758800000000002e-02
3.7321981981981982e+00	7.6749899999999996e-02
3.7321991991991994e+00	7.6741100000000007e-02
3.7322002002002006e+00	7.6732200000000000e-02
3.7322012012012014e+00	7.6723299999999994e-02
3.7322022022022026e+00	7.6714500000000005e-02
3.7322032032032033e+00	7.6705599999999999e-02
3.7322042042042045e+00	7.6696700000000007e-02
3.7322052052052053e+00	7.6687800000000000e-02
3.7322062062062065e+00	7.6678899999999994e-02
3.7322072072072072e+00	7.6669899999999999e-02
3.7322082082082084e+00	7.6661000000000007e-02
3.7322092092092092e+00	7.6652100000000001e-02
3.7322102102102104e+00	7.6643100000000006e-02
3.7322112112112116e+00	7.6634200000000000e-02
3.7322122122122123e+00	7.6625200000000004e-02
3.7322132132132135e+00	7.6616299999999998e-02
3.7322142142142143e+00	7.6607300000000003e-02
3.7322152152152155e+00	7.6598299999999994e-02
3.7322162162162162e+00	7.6589299999999999e-02
3.7322172172172174e+00	7.6580300000000004e-02
3.7322182182182182e+00	7.6571299999999995e-02
3.7322192192192194e+00	7.6562300000000000e-02
3.7322202202202206e+00	7.6553200000000002e-02
3.7322212212212214e+00	7.6544200000000007e-02
3.7322222222222226e+00	7.6535099999999995e-02
3.7322232232232233e+00	7.6526100000000000e-02
3.7322242242242245e+00	7.6517000000000002e-02
3.7322252252252253e+00	7.6507900000000004e-02
3.7322262262262265e+00	7.6498800000000006e-02
3.7322272272272272e+00	7.6489699999999994e-02
3.7322282282282284e+00	7.6480599999999996e-02
3.7322292292292296e+00	7.6471499999999998e-02
3.7322302302302304e+00	7.6462299999999997e-02
3.7322312312312316e+00	7.6453199999999999e-02
3.7322322322322323e+00	7.6443999999999998e-02
3.7322332332332335e+00	7.6434900000000000e-02
3.7322342342342343e+00	7.6425699999999999e-02
3.7322352352352355e+00	7.6416499999999998e-02
3.7322362362362362e+00	7.6407299999999997e-02
3.7322372372372374e+00	7.6398099999999997e-02
3.7322382382382386e+00	7.6388899999999996e-02
3.7322392392392394e+00	7.6379600000000006e-02
3.7322402402402406e+00	7.6370400000000005e-02
3.7322412412412413e+00	7.6361100000000001e-02
3.7322422422422425e+00	7.6351900000000000e-02
3.7322432432432433e+00	7.6342599999999997e-02
3.7322442442442445e+00	7.6333300000000007e-02
3.7322452452452453e+00	7.6324000000000003e-02
3.7322462462462465e+00	7.6314699999999999e-02
3.7322472472472472e+00	7.6305300000000006e-02
3.7322482482482484e+00	7.6296000000000003e-02
3.7322492492492496e+00	7.6286599999999996e-02
3.7322502502502504e+00	7.6277200000000003e-02
3.7322512512512516e+00	7.6267900000000000e-02
3.7322522522522523e+00	7.6258500000000007e-02
3.7322532532532535e+00	7.6248999999999997e-02
3.7322542542542543e+00	7.6239600000000005e-02
3.7322552552552555e+00	7.6230199999999998e-02
3.7322562562562562e+00	7.6220700000000002e-02
3.7322572572572574e+00	7.6211299999999996e-02
3.7322582582582586e+00	7.6201800000000000e-02
3.7322592592592594e+00	7.6192300000000004e-02
3.7322602602602606e+00	7.6182799999999995e-02
3.7322612612612613e+00	7.6173199999999996e-02
3.7322622622622625e+00	7.6163700000000001e-02
3.7322632632632633e+00	7.6154100000000002e-02
3.7322642642642645e+00	7.6144600000000007e-02
3.7322652652652653e+00	7.6134999999999994e-02
3.7322662662662665e+00	7.6125399999999996e-02
3.7322672672672677e+00	7.6115799999999997e-02
3.7322682682682684e+00	7.6106099999999996e-02
3.7322692692692696e+00	7.6096499999999997e-02
3.7322702702702704e+00	7.6086799999999996e-02
3.7322712712712716e+00	7.6077099999999995e-02
3.7322722722722723e+00	7.6067399999999993e-02
3.7322732732732735e+00	7.6057700000000006e-02
3.7322742742742743e+00	7.6048000000000004e-02
3.7322752752752755e+00	7.6038200000000000e-02
3.7322762762762767e+00	7.6028399999999996e-02
3.7322772772772774e+00	7.6018699999999995e-02
3.7322782782782786e+00	7.6008800000000001e-02
3.7322792792792794e+00	7.5998999999999997e-02
3.7322802802802806e+00	7.5989200000000007e-02
3.7322812812812813e+00	7.5979300000000000e-02
3.7322822822822825e+00	7.5969400000000006e-02
3.7322832832832833e+00	7.5959499999999999e-02
3.7322842842842845e+00	7.5949600000000006e-02
3.7322852852852852e+00	7.5939699999999999e-02
3.7322862862862864e+00	7.5929700000000003e-02
3.7322872872872876e+00	7.5919700000000007e-02
3.7322882882882884e+00	7.5909699999999997e-02
3.7322892892892896e+00	7.5899700000000000e-02
3.7322902902902904e+00	7.5889700000000004e-02
3.7322912912912916e+00	7.5879600000000005e-02
3.7322922922922923e+00	7.5869500000000006e-02
3.7322932932932935e+00	7.5859399999999994e-02
3.7322942942942943e+00	7.5849299999999995e-02
3.7322952952952955e+00	7.5839100000000007e-02
3.7322962962962967e+00	7.5828900000000005e-02
3.7322972972972974e+00	7.5818700000000003e-02
3.7322982982982986e+00	7.5808500000000001e-02
3.7322992992992994e+00	7.5798299999999999e-02
3.7323003003003006e+00	7.5787999999999994e-02
3.7323013013013013e+00	7.5777700000000003e-02
3.7323023023023025e+00	7.5767399999999999e-02
3.7323033033033033e+00	7.5757000000000005e-02
3.7323043043043045e+00	7.5746700000000000e-02
3.7323053053053057e+00	7.5736300000000006e-02
3.7323063063063064e+00	7.5725799999999996e-02
3.7323073073073076e+00	7.5715400000000002e-02
3.7323083083083084e+00	7.5704900000000006e-02
3.7323093093093096e+00	7.5694399999999995e-02
3.7323103103103104e+00	7.5683899999999998e-02
3.7323113113113116e+00	7.5673299999999999e-02
3.7323123123123123e+00	7.5662800000000002e-02
3.7323133133133135e+00	7.5652100000000000e-02
3.7323143143143147e+00	7.5641500000000000e-02
3.7323153153153155e+00	7.5630799999999998e-02
3.7323163163163167e+00	7.5620099999999996e-02
3.7323173173173174e+00	7.5609399999999993e-02
3.7323183183183186e+00	7.5598600000000002e-02
3.7323193193193194e+00	7.5587900000000000e-02
3.7323203203203206e+00	7.5577000000000005e-02
3.7323213213213213e+00	7.5566200000000000e-02
3.7323223223223225e+00	7.5555300000000006e-02
3.7323233233233233e+00	7.5544399999999998e-02
3.7323243243243245e+00	7.5533400000000001e-02
3.7323253253253257e+00	7.5522400000000003e-02
3.7323263263263264e+00	7.5511400000000006e-02
3.7323273273273276e+00	7.5500399999999995e-02
3.7323283283283284e+00	7.5489299999999995e-02
3.7323293293293296e+00	7.5478100000000006e-02
3.7323303303303303e+00	7.5467000000000006e-02
3.7323313313313315e+00	7.5455800000000003e-02
3.7323323323323323e+00	7.5444499999999998e-02
3.7323333333333335e+00	7.5433299999999995e-02
3.7323343343343347e+00	7.5422000000000003e-02
3.7323353353353355e+00	7.5410599999999994e-02
3.7323363363363367e+00	7.5399200000000000e-02
3.7323373373373374e+00	7.5387800000000005e-02
3.7323383383383386e+00	7.5376299999999993e-02
3.7323393393393394e+00	7.5364799999999996e-02
3.7323403403403406e+00	7.5353199999999995e-02
3.7323413413413413e+00	7.5341599999999995e-02
3.7323423423423425e+00	7.5329999999999994e-02
3.7323433433433437e+00	7.5318300000000005e-02
3.7323443443443445e+00	7.5306600000000001e-02
3.7323453453453457e+00	7.5294799999999995e-02
3.7323463463463464e+00	7.5283000000000003e-02
3.7323473473473476e+00	7.5271099999999994e-02
3.7323483483483484e+00	7.5259199999999998e-02
3.7323493493493496e+00	7.5247200000000000e-02
3.7323503503503503e+00	7.5235200000000002e-02
3.7323513513513515e+00	7.5223200000000004e-02
3.7323523523523523e+00	7.5211000000000000e-02
3.7323533533533535e+00	7.5198899999999999e-02
3.7323543543543547e+00	7.5186600000000006e-02
3.7323553553553555e+00	7.5174400000000002e-02
3.7323563563563567e+00	7.5162000000000007e-02
3.7323573573573574e+00	7.5149700000000000e-02
3.7323583583583586e+00	7.5137200000000001e-02
3.7323593593593594e+00	7.5124700000000003e-02
3.7323603603603606e+00	7.5112200000000004e-02
3.7323613613613613e+00	7.5099600000000002e-02
3.7323623623623625e+00	7.5086899999999998e-02
3.7323633633633637e+00	7.5074199999999994e-02
3.7323643643643645e+00	7.5061400000000000e-02
3.7323653653653657e+00	7.5048500000000004e-02
3.7323663663663664e+00	7.5035599999999994e-02
3.7323673673673676e+00	7.5022599999999995e-02
3.7323683683683684e+00	7.5009500000000007e-02
3.7323693693693696e+00	7.4996400000000005e-02
3.7323703703703703e+00	7.4983200000000000e-02
3.7323713713713715e+00	7.4969999999999995e-02
3.7323723723723727e+00	7.4956599999999998e-02
3.7323733733733735e+00	7.4943200000000001e-02
3.7323743743743747e+00	7.4929700000000002e-02
3.7323753753753754e+00	7.4916200000000002e-02
3.7323763763763766e+00	7.4902499999999997e-02
3.7323773773773774e+00	7.4888800000000005e-02
3.7323783783783786e+00	7.4874999999999997e-02
3.7323793793793794e+00	7.4861200000000003e-02
3.7323803803803806e+00	7.4847200000000003e-02
3.7323813813813818e+00	7.4833200000000002e-02
3.7323823823823825e+00	7.4818999999999997e-02
3.7323833833833837e+00	7.4804800000000005e-02
3.7323843843843845e+00	7.4790499999999996e-02
3.7323853853853857e+00	7.4776099999999998e-02
3.7323863863863864e+00	7.4761599999999998e-02
3.7323873873873876e+00	7.4746999999999994e-02
3.7323883883883884e+00	7.4732400000000004e-02
3.7323893893893896e+00	7.4717599999999995e-02
3.7323903903903903e+00	7.4702699999999997e-02
3.7323913913913915e+00	7.4687699999999996e-02
3.7323923923923927e+00	7.4672600000000006e-02
3.7323933933933935e+00	7.4657399999999999e-02
3.7323943943943947e+00	7.4642100000000003e-02
3.7323953953953954e+00	7.4626700000000004e-02
3.7323963963963966e+00	7.4611200000000003e-02
3.7323973973973974e+00	7.4595499999999995e-02
3.7323983983983986e+00	7.4579800000000002e-02
3.7323993993993994e+00	7.4563900000000002e-02
3.7324004004004006e+00	7.4547900000000000e-02
3.7324014014014018e+00	7.4531700000000006e-02
3.7324024024024025e+00	7.4515499999999998e-02
3.7324034034034037e+00	7.4499099999999999e-02
3.7324044044044045e+00	7.4482499999999993e-02
3.7324054054054057e+00	7.4465799999999999e-02
3.7324064064064064e+00	7.4449000000000001e-02
3.7324074074074076e+00	7.4432100000000001e-02
3.7324084084084084e+00	7.4414900000000006e-02
3.7324094094094096e+00	7.4397699999999997e-02
3.7324104104104108e+00	7.4380299999999996e-02
3.7324114114114115e+00	7.4362700000000004e-02
3.7324124124124127e+00	7.4344999999999994e-02
3.7324134134134135e+00	7.4327000000000004e-02
3.7324144144144147e+00	7.4309000000000000e-02
3.7324154154154154e+00	7.4290700000000001e-02
3.7324164164164166e+00	7.4272299999999999e-02
3.7324174174174174e+00	7.4253700000000006e-02
3.7324184184184186e+00	7.4234900000000006e-02
3.7324194194194198e+00	7.4215900000000001e-02
3.7324204204204205e+00	7.4196700000000004e-02
3.7324214214214217e+00	7.4177300000000002e-02
3.7324224224224225e+00	7.4157699999999993e-02
3.7324234234234237e+00	7.4137900000000007e-02
3.7324244244244245e+00	7.4117900000000000e-02
3.7324254254254257e+00	7.4097600000000000e-02
3.7324264264264264e+00	7.4077100000000007e-02
3.7324274274274276e+00	7.4056399999999994e-02
3.7324284284284284e+00	7.4035400000000001e-02
3.7324294294294296e+00	7.4014200000000002e-02
3.7324304304304308e+00	7.3992699999999995e-02
3.7324314314314315e+00	7.3970999999999995e-02
3.7324324324324327e+00	7.3949000000000001e-02
3.7324334334334335e+00	7.3926699999999998e-02
3.7324344344344347e+00	7.3904100000000000e-02
3.7324354354354354e+00	7.3881299999999997e-02
3.7324364364364366e+00	7.3858099999999996e-02
3.7324374374374374e+00	7.3834600000000000e-02
3.7324384384384386e+00	7.3810799999999996e-02
3.7324394394394398e+00	7.3786699999999997e-02
3.7324404404404405e+00	7.3762200000000000e-02
3.7324414414414417e+00	7.3737399999999995e-02
3.7324424424424425e+00	7.3712200000000005e-02
3.7324434434434437e+00	7.3686600000000005e-02
3.7324444444444445e+00	7.3660699999999996e-02
3.7324454454454457e+00	7.3634300000000000e-02
3.7324464464464464e+00	7.3607599999999995e-02
3.7324474474474476e+00	7.3580400000000004e-02
3.7324484484484488e+00	7.3552800000000002e-02
3.7324494494494496e+00	7.3524699999999998e-02
3.7324504504504508e+00	7.3496199999999998e-02
3.7324514514514515e+00	7.3467199999999996e-02
3.7324524524524527e+00	7.3437699999999995e-02
3.7324534534534535e+00	7.3407600000000003e-02
3.7324544544544547e+00	7.3377100000000001e-02
3.7324554554554554e+00	7.3345900000000006e-02
3.7324564564564566e+00	7.3314199999999996e-02
3.7324574574574578e+00	7.3282000000000000e-02
3.7324584584584586e+00	7.3248999999999995e-02
3.7324594594594598e+00	7.3215500000000003e-02
3.7324604604604605e+00	7.3181300000000005e-02
3.7324614614614617e+00	7.3146400000000000e-02
3.7324624624624625e+00	7.3110800000000004e-02
3.7324634634634637e+00	7.3074399999999998e-02
3.7324644644644644e+00	7.3037299999999999e-02
3.7324654654654656e+00	7.2999300000000003e-02
3.7324664664664664e+00	7.2960499999999998e-02
3.7324674674674676e+00	7.2920899999999997e-02
3.7324684684684688e+00	7.2880299999999995e-02
3.7324694694694696e+00	7.2838799999999995e-02
3.7324704704704708e+00	7.2796299999999994e-02
3.7324714714714715e+00	7.2752800000000006e-02
3.7324724724724727e+00	7.2708200000000001e-02
3.7324734734734735e+00	7.2662400000000002e-02
3.7324744744744747e+00	7.2615499999999999e-02
3.7324754754754754e+00	7.2567400000000004e-02
3.7324764764764766e+00	7.2517899999999996e-02
3.7324774774774778e+00	7.2467100000000007e-02
3.7324784784784786e+00	7.2414900000000004e-02
3.7324794794794798e+00	7.2361200000000001e-02
3.7324804804804805e+00	7.2305900000000006e-02
3.7324814814814817e+00	7.2248999999999994e-02
3.7324824824824825e+00	7.2190400000000002e-02
3.7324834834834837e+00	7.2129899999999997e-02
3.7324844844844844e+00	7.2067500000000007e-02
3.7324854854854856e+00	7.2003100000000000e-02
3.7324864864864868e+00	7.1936600000000003e-02
3.7324874874874876e+00	7.1867799999999996e-02
3.7324884884884888e+00	7.1796499999999999e-02
3.7324894894894896e+00	7.1722800000000003e-02
3.7324904904904908e+00	7.1646399999999999e-02
3.7324914914914915e+00	7.1567099999999995e-02
3.7324924924924927e+00	7.1484699999999998e-02
3.7324934934934935e+00	7.1399199999999996e-02
3.7324944944944947e+00	7.1310200000000004e-02
3.7324954954954959e+00	7.1217500000000003e-02
3.7324964964964966e+00	7.1120900000000001e-02
3.7324974974974978e+00	7.1020000000000000e-02
3.7324984984984986e+00	7.0914699999999997e-02
3.7324994994994998e+00	7.0804500000000006e-02
3.7325005005005005e+00	7.0689100000000005e-02
3.7325015015015017e+00	7.0568099999999995e-02
3.7325025025025025e+00	7.0441000000000004e-02
3.7325035035035037e+00	7.0307400000000006e-02
3.7325045045045044e+00	7.0166699999999999e-02
3.7325055055055056e+00	7.0018200000000003e-02
3.7325065065065068e+00	6.9861300000000001e-02
3.7325075075075076e+00	6.9695099999999996e-02
3.7325085085085088e+00	6.9518999999999997e-02
3.7325095095095095e+00	6.9331699999999996e-02
3.7325105105105107e+00	6.9132299999999994e-02
3.7325115115115115e+00	6.8919400000000006e-02
3.7325125125125127e+00	6.8691600000000005e-02
3.7325135135135135e+00	6.8447099999999997e-02
3.7325145145145147e+00	6.8184099999999997e-02
3.7325155155155159e+00	6.7900299999999997e-02
3.7325165165165166e+00	6.7593000000000000e-02
3.7325175175175178e+00	6.7259200000000005e-02
3.7325185185185186e+00	6.6895099999999999e-02
3.7325195195195198e+00	6.6496299999999994e-02
3.7325205205205205e+00	6.6057500000000005e-02
3.7325215215215217e+00	6.5572300000000000e-02
3.7325225225225225e+00	6.5032800000000002e-02
3.7325235235235237e+00	6.4429200000000006e-02
3.7325245245245249e+00	6.3749200000000006e-02
3.7325255255255256e+00	6.2977199999999997e-02
3.7325265265265268e+00	6.2092899999999999e-02
3.7325275275275276e+00	6.1069900000000003e-02
3.7325285285285288e+00	5.9872399999999999e-02
3.7325295295295295e+00	5.8451599999999999e-02
3.7325305305305307e+00	5.6738700000000003e-02
3.7325315315315315e+00	5.4633399999999999e-02
3.7325325325325327e+00	5.1984900000000001e-02
3.7325335335335339e+00	4.8554899999999998e-02
3.7325345345345347e+00	4.3947500000000000e-02
3.7325355355355359e+00	3.7463900000000001e-02
3.7325365365365366e+00	2.7808500000000000e-02
3.7325375375375378e+00	1.2853699999999999e-02
3.7325385385385386e+00	1.7011999999999999e-03
3.7325395395395398e+00	9.2186900000000005e-01
3.7325405405405405e+00	3.1565300000000002e-01
3.7325415415415417e+00	1.8206100000000000e-01
3.7325425425425425e+00	1.4224400000000001e-01
3.7325435435435437e+00	1.2370900000000000e-01
3.7325445445445449e+00	1.1308400000000000e-01
3.7325455455455456e+00	1.0621800000000001e-01
3.7325465465465468e+00	1.0142300000000000e-01
3.7325475475475476e+00	9.7887699999999994e-02
3.7325485485485488e+00	9.5173900000000006e-02
3.7325495495495495e+00	9.3025300000000005e-02
3.7325505505505507e+00	9.1282100000000005e-02
3.7325515515515515e+00	8.9839299999999997e-02
3.7325525525525527e+00	8.8625300000000004e-02
3.7325535535535539e+00	8.7589500000000001e-02
3.7325545545545546e+00	8.6695200000000000e-02
3.7325555555555558e+00	8.5915199999999997e-02
3.7325565565565566e+00	8.5228600000000002e-02
3.7325575575575578e+00	8.4619600000000003e-02
3.7325585585585586e+00	8.4075600000000000e-02
3.7325595595595598e+00	8.3586599999999997e-02
3.7325605605605605e+00	8.3144599999999999e-02
3.7325615615615617e+00	8.2743100000000000e-02
3.7325625625625629e+00	8.2376500000000005e-02
3.7325635635635637e+00	8.2040600000000005e-02
3.7325645645645649e+00	8.1731499999999999e-02
3.7325655655655656e+00	8.1446099999999994e-02
3.7325665665665668e+00	8.1181699999999996e-02
3.7325675675675676e+00	8.0935999999999994e-02
3.7325685685685688e+00	8.0707100000000004e-02
3.7325695695695695e+00	8.0493200000000001e-02
3.7325705705705707e+00	8.0292900000000000e-02
3.7325715715715719e+00	8.0104900000000007e-02
3.7325725725725727e+00	7.9927999999999999e-02
3.7325735735735739e+00	7.9761200000000004e-02
3.7325745745745746e+00	7.9603699999999999e-02
3.7325755755755758e+00	7.9454700000000003e-02
3.7325765765765766e+00	7.9313499999999995e-02
3.7325775775775778e+00	7.9179399999999997e-02
3.7325785785785786e+00	7.9051999999999997e-02
3.7325795795795798e+00	7.8930600000000004e-02
3.7325805805805805e+00	7.8814899999999993e-02
3.7325815815815817e+00	7.8704499999999997e-02
3.7325825825825829e+00	7.8598899999999999e-02
3.7325835835835837e+00	7.8497800000000006e-02
3.7325845845845849e+00	7.8400999999999998e-02
3.7325855855855856e+00	7.8308100000000005e-02
3.7325865865865868e+00	7.8218999999999997e-02
3.7325875875875876e+00	7.8133200000000000e-02
3.7325885885885888e+00	7.8050800000000004e-02
3.7325895895895895e+00	7.7971399999999996e-02
3.7325905905905907e+00	7.7894800000000000e-02
3.7325915915915919e+00	7.7821000000000001e-02
3.7325925925925927e+00	7.7749700000000005e-02
3.7325935935935939e+00	7.7680799999999994e-02
3.7325945945945946e+00	7.7614199999999994e-02
3.7325955955955958e+00	7.7549800000000002e-02
3.7325965965965966e+00	7.7487299999999995e-02
3.7325975975975978e+00	7.7426800000000004e-02
3.7325985985985985e+00	7.7368199999999998e-02
3.7325995995995997e+00	7.7311299999999999e-02
3.7326006006006009e+00	7.7256000000000005e-02
3.7326016016016017e+00	7.7202300000000001e-02
3.7326026026026029e+00	7.7150099999999999e-02
3.7326036036036037e+00	7.7099399999999998e-02
3.7326046046046049e+00	7.7049900000000004e-02
3.7326056056056056e+00	7.7001799999999995e-02
3.7326066066066068e+00	7.6954999999999996e-02
3.7326076076076076e+00	7.6909300000000000e-02
3.7326086086086088e+00	7.6864699999999994e-02
3.7326096096096100e+00	7.6821200000000006e-02
3.7326106106106107e+00	7.6778799999999994e-02
3.7326116116116119e+00	7.6737399999999997e-02
3.7326126126126127e+00	7.6696899999999998e-02
3.7326136136136139e+00	7.6657299999999998e-02
3.7326146146146146e+00	7.6618599999999995e-02
3.7326156156156158e+00	7.6580800000000004e-02
3.7326166166166166e+00	7.6543700000000006e-02
3.7326176176176178e+00	7.6507400000000003e-02
3.7326186186186185e+00	7.6471899999999995e-02
3.7326196196196197e+00	7.6437099999999994e-02
3.7326206206206209e+00	7.6402999999999999e-02
3.7326216216216217e+00	7.6369599999999996e-02
3.7326226226226229e+00	7.6336799999999996e-02
3.7326236236236237e+00	7.6304600000000000e-02
3.7326246246246249e+00	7.6273099999999996e-02
3.7326256256256256e+00	7.6242099999999993e-02
3.7326266266266268e+00	7.6211600000000004e-02
3.7326276276276276e+00	7.6181700000000005e-02
3.7326286286286288e+00	7.6152300000000006e-02
3.7326296296296300e+00	7.6123499999999997e-02
3.7326306306306307e+00	7.6095099999999999e-02
3.7326316316316319e+00	7.6067200000000001e-02
3.7326326326326327e+00	7.6039700000000002e-02
3.7326336336336339e+00	7.6012700000000002e-02
3.7326346346346346e+00	7.5986100000000001e-02
3.7326356356356358e+00	7.5959899999999997e-02
3.7326366366366366e+00	7.5934100000000004e-02
3.7326376376376378e+00	7.5908699999999996e-02
3.7326386386386390e+00	7.5883699999999998e-02
3.7326396396396397e+00	7.5858999999999996e-02
3.7326406406406409e+00	7.5834700000000005e-02
3.7326416416416417e+00	7.5810799999999998e-02
3.7326426426426429e+00	7.5787099999999996e-02
3.7326436436436436e+00	7.5763800000000006e-02
3.7326446446446448e+00	7.5740799999999997e-02
3.7326456456456456e+00	7.5718199999999999e-02
3.7326466466466468e+00	7.5695799999999994e-02
3.7326476476476480e+00	7.5673699999999997e-02
3.7326486486486488e+00	7.5651899999999994e-02
3.7326496496496500e+00	7.5630299999999998e-02
3.7326506506506507e+00	7.5609099999999999e-02
3.7326516516516519e+00	7.5588100000000005e-02
3.7326526526526527e+00	7.5567300000000004e-02
3.7326536536536539e+00	7.5546799999999997e-02
3.7326546546546546e+00	7.5526499999999996e-02
3.7326556556556558e+00	7.5506400000000001e-02
3.7326566566566566e+00	7.5486600000000001e-02
3.7326576576576578e+00	7.5467000000000006e-02
3.7326586586586590e+00	7.5447600000000004e-02
3.7326596596596597e+00	7.5428499999999996e-02
3.7326606606606609e+00	7.5409500000000004e-02
3.7326616616616617e+00	7.5390700000000005e-02
3.7326626626626629e+00	7.5372200000000000e-02
3.7326636636636636e+00	7.5353799999999999e-02
3.7326646646646648e+00	7.5335600000000003e-02
3.7326656656656656e+00	7.5317599999999998e-02
3.7326666666666668e+00	7.5299699999999997e-02
3.7326676676676680e+00	7.5282100000000005e-02
3.7326686686686688e+00	7.5264600000000001e-02
3.7326696696696700e+00	7.5247200000000000e-02
3.7326706706706707e+00	7.5230000000000005e-02
3.7326716716716719e+00	7.5213000000000002e-02
3.7326726726726727e+00	7.5196200000000005e-02
3.7326736736736739e+00	7.5179499999999996e-02
3.7326746746746746e+00	7.5162900000000005e-02
3.7326756756756758e+00	7.5146500000000005e-02
3.7326766766766770e+00	7.5130199999999994e-02
3.7326776776776778e+00	7.5114100000000003e-02
3.7326786786786790e+00	7.5097999999999998e-02
3.7326796796796797e+00	7.5082200000000002e-02
3.7326806806806809e+00	7.5066400000000005e-02
3.7326816816816817e+00	7.5050800000000001e-02
3.7326826826826829e+00	7.5035299999999999e-02
3.7326836836836836e+00	7.5019900000000000e-02
3.7326846846846848e+00	7.5004699999999994e-02
3.7326856856856856e+00	7.4989500000000001e-02
3.7326866866866868e+00	7.4974499999999999e-02
3.7326876876876880e+00	7.4959600000000001e-02
3.7326886886886887e+00	7.4944800000000006e-02
3.7326896896896899e+00	7.4930099999999999e-02
3.7326906906906907e+00	7.4915499999999996e-02
3.7326916916916919e+00	7.4900999999999995e-02
3.7326926926926927e+00	7.4886599999999998e-02
3.7326936936936939e+00	7.4872300000000003e-02
3.7326946946946946e+00	7.4858099999999997e-02
3.7326956956956958e+00	7.4843999999999994e-02
3.7326966966966970e+00	7.4829999999999994e-02
3.7326976976976978e+00	7.4816099999999996e-02
3.7326986986986990e+00	7.4802300000000002e-02
3.7326996996996997e+00	7.4788599999999997e-02
3.7327007007007009e+00	7.4774900000000005e-02
3.7327017017017017e+00	7.4761400000000006e-02
3.7327027027027029e+00	7.4747900000000006e-02
3.7327037037037036e+00	7.4734499999999995e-02
3.7327047047047048e+00	7.4721200000000002e-02
3.7327057057057060e+00	7.4707899999999994e-02
3.7327067067067068e+00	7.4694800000000006e-02
3.7327077077077080e+00	7.4681700000000004e-02
3.7327087087087087e+00	7.4668700000000005e-02
3.7327097097097099e+00	7.4655799999999994e-02
3.7327107107107107e+00	7.4642899999999998e-02
3.7327117117117119e+00	7.4630100000000005e-02
3.7327127127127127e+00	7.4617400000000000e-02
3.7327137137137139e+00	7.4604699999999996e-02
3.7327147147147151e+00	7.4592099999999995e-02
3.7327157157157158e+00	7.4579599999999996e-02
3.7327167167167170e+00	7.4567200000000000e-02
3.7327177177177178e+00	7.4554800000000004e-02
3.7327187187187190e+00	7.4542399999999995e-02
3.7327197197197197e+00	7.4530200000000005e-02
3.7327207207207209e+00	7.4518000000000001e-02
3.7327217217217217e+00	7.4505799999999997e-02
3.7327227227227229e+00	7.4493799999999999e-02
3.7327237237237236e+00	7.4481699999999998e-02
3.7327247247247248e+00	7.4469800000000003e-02
3.7327257257257260e+00	7.4457800000000005e-02
3.7327267267267268e+00	7.4445999999999998e-02
3.7327277277277280e+00	7.4434200000000006e-02
3.7327287287287287e+00	7.4422400000000000e-02
3.7327297297297299e+00	7.4410699999999996e-02
3.7327307307307307e+00	7.4399099999999996e-02
3.7327317317317319e+00	7.4387499999999995e-02
3.7327327327327327e+00	7.4375999999999998e-02
3.7327337337337338e+00	7.4364500000000000e-02
3.7327347347347350e+00	7.4353000000000002e-02
3.7327357357357358e+00	7.4341599999999994e-02
3.7327367367367370e+00	7.4330300000000002e-02
3.7327377377377378e+00	7.4318999999999996e-02
3.7327387387387390e+00	7.4307700000000004e-02
3.7327397397397397e+00	7.4296500000000001e-02
3.7327407407407409e+00	7.4285400000000001e-02
3.7327417417417417e+00	7.4274199999999999e-02
3.7327427427427429e+00	7.4263200000000001e-02
3.7327437437437441e+00	7.4252100000000001e-02
3.7327447447447448e+00	7.4241100000000004e-02
3.7327457457457460e+00	7.4230199999999996e-02
3.7327467467467468e+00	7.4219300000000002e-02
3.7327477477477480e+00	7.4208399999999994e-02
3.7327487487487487e+00	7.4197600000000002e-02
3.7327497497497499e+00	7.4186799999999997e-02
3.7327507507507507e+00	7.4176000000000006e-02
3.7327517517517519e+00	7.4165300000000003e-02
3.7327527527527531e+00	7.4154700000000004e-02
3.7327537537537538e+00	7.4144000000000002e-02
3.7327547547547550e+00	7.4133400000000002e-02
3.7327557557557558e+00	7.4122800000000003e-02
3.7327567567567570e+00	7.4112300000000006e-02
3.7327577577577578e+00	7.4101799999999995e-02
3.7327587587587590e+00	7.4091400000000002e-02
3.7327597597597597e+00	7.4080900000000005e-02
3.7327607607607609e+00	7.4070600000000000e-02
3.7327617617617617e+00	7.4060200000000007e-02
3.7327627627627629e+00	7.4049900000000002e-02
3.7327637637637641e+00	7.4039599999999997e-02
3.7327647647647648e+00	7.4029300000000006e-02
3.7327657657657660e+00	7.4019100000000004e-02
3.7327667667667668e+00	7.4008900000000002e-02
3.7327677677677680e+00	7.3998700000000001e-02
3.7327687687687687e+00	7.3988600000000002e-02
3.7327697697697699e+00	7.3978500000000003e-02
3.7327707707707707e+00	7.3968400000000004e-02
3.7327717717717719e+00	7.3958399999999994e-02
3.7327727727727731e+00	7.3948299999999995e-02
3.7327737737737738e+00	7.3938299999999998e-02
3.7327747747747750e+00	7.3928400000000005e-02
3.7327757757757758e+00	7.3918499999999998e-02
3.7327767767767770e+00	7.3908500000000002e-02
3.7327777777777778e+00	7.3898699999999998e-02
3.7327787787787789e+00	7.3888800000000004e-02
3.7327797797797797e+00	7.3879000000000000e-02
3.7327807807807809e+00	7.3869199999999996e-02
3.7327817817817821e+00	7.3859400000000006e-02
3.7327827827827829e+00	7.3849700000000004e-02
3.7327837837837841e+00	7.3840000000000003e-02
3.7327847847847848e+00	7.3830300000000001e-02
3.7327857857857860e+00	7.3820600000000000e-02
3.7327867867867868e+00	7.3810899999999999e-02
3.7327877877877880e+00	7.3801300000000000e-02
3.7327887887887887e+00	7.3791700000000002e-02
3.7327897897897899e+00	7.3782100000000003e-02
3.7327907907907911e+00	7.3772599999999994e-02
3.7327917917917919e+00	7.3763099999999998e-02
3.7327927927927931e+00	7.3753600000000002e-02
3.7327937937937938e+00	7.3744100000000007e-02
3.7327947947947950e+00	7.3734599999999997e-02
3.7327957957957958e+00	7.3725200000000005e-02
3.7327967967967970e+00	7.3715699999999995e-02
3.7327977977977977e+00	7.3706400000000005e-02
3.7327987987987989e+00	7.3696999999999999e-02
3.7327997997997997e+00	7.3687600000000006e-02
3.7328008008008009e+00	7.3678300000000002e-02
3.7328018018018021e+00	7.3668999999999998e-02
3.7328028028028029e+00	7.3659699999999995e-02
3.7328038038038041e+00	7.3650400000000005e-02
3.7328048048048048e+00	7.3641200000000004e-02
3.7328058058058060e+00	7.3631900000000000e-02
3.7328068068068068e+00	7.3622699999999999e-02
3.7328078078078080e+00	7.3613499999999998e-02
3.7328088088088087e+00	7.3604299999999998e-02
3.7328098098098099e+00	7.3595200000000000e-02
3.7328108108108111e+00	7.3586100000000002e-02
3.7328118118118119e+00	7.3576900000000001e-02
3.7328128128128131e+00	7.3567800000000003e-02
3.7328138138138138e+00	7.3558799999999994e-02
3.7328148148148150e+00	7.3549699999999996e-02
3.7328158158158158e+00	7.3540599999999998e-02
3.7328168168168170e+00	7.3531600000000003e-02
3.7328178178178177e+00	7.3522599999999994e-02
3.7328188188188189e+00	7.3513599999999998e-02
3.7328198198198201e+00	7.3504600000000003e-02
3.7328208208208209e+00	7.3495699999999997e-02
3.7328218218218221e+00	7.3486700000000002e-02
3.7328228228228229e+00	7.3477799999999996e-02
3.7328238238238240e+00	7.3468900000000004e-02
3.7328248248248248e+00	7.3459999999999998e-02
3.7328258258258260e+00	7.3451100000000005e-02
3.7328268268268268e+00	7.3442300000000002e-02
3.7328278278278280e+00	7.3433399999999996e-02
3.7328288288288292e+00	7.3424600000000007e-02
3.7328298298298299e+00	7.3415800000000003e-02
3.7328308308308311e+00	7.3407000000000000e-02
3.7328318318318319e+00	7.3398199999999997e-02
3.7328328328328331e+00	7.3389399999999994e-02
3.7328338338338338e+00	7.3380600000000004e-02
3.7328348348348350e+00	7.3371900000000004e-02
3.7328358358358358e+00	7.3363200000000003e-02
3.7328368368368370e+00	7.3354500000000003e-02
3.7328378378378377e+00	7.3345800000000003e-02
3.7328388388388389e+00	7.3337100000000002e-02
3.7328398398398401e+00	7.3328400000000002e-02
3.7328408408408409e+00	7.3319800000000004e-02
3.7328418418418421e+00	7.3311100000000004e-02
3.7328428428428428e+00	7.3302500000000007e-02
3.7328438438438440e+00	7.3293899999999995e-02
3.7328448448448448e+00	7.3285299999999998e-02
3.7328458458458460e+00	7.3276700000000000e-02
3.7328468468468468e+00	7.3268100000000003e-02
3.7328478478478480e+00	7.3259500000000005e-02
3.7328488488488492e+00	7.3250999999999997e-02
3.7328498498498499e+00	7.3242500000000002e-02
3.7328508508508511e+00	7.3233900000000005e-02
3.7328518518518519e+00	7.3225399999999996e-02
3.7328528528528531e+00	7.3216900000000001e-02
3.7328538538538538e+00	7.3208400000000007e-02
3.7328548548548550e+00	7.3200000000000001e-02
3.7328558558558558e+00	7.3191500000000007e-02
3.7328568568568570e+00	7.3183100000000001e-02
3.7328578578578582e+00	7.3174600000000006e-02
3.7328588588588589e+00	7.3166200000000001e-02
3.7328598598598601e+00	7.3157799999999995e-02
3.7328608608608609e+00	7.3149400000000003e-02
3.7328618618618621e+00	7.3140999999999998e-02
3.7328628628628628e+00	7.3132600000000006e-02
3.7328638638638640e+00	7.3124200000000000e-02
3.7328648648648648e+00	7.3115899999999998e-02
3.7328658658658660e+00	7.3107500000000006e-02
3.7328668668668672e+00	7.3099200000000003e-02
3.7328678678678680e+00	7.3090900000000000e-02
3.7328688688688691e+00	7.3082499999999995e-02
3.7328698698698699e+00	7.3074200000000006e-02
3.7328708708708711e+00	7.3066000000000006e-02
3.7328718718718719e+00	7.3057700000000003e-02
3.7328728728728731e+00	7.3049400000000000e-02
3.7328738738738738e+00	7.3041099999999998e-02
3.7328748748748750e+00	7.3032899999999998e-02
3.7328758758758758e+00	7.3024599999999995e-02
3.7328768768768770e+00	7.3016399999999995e-02
3.7328778778778782e+00	7.3008199999999995e-02
3.7328788788788789e+00	7.2999999999999995e-02
3.7328798798798801e+00	7.2991799999999996e-02
3.7328808808808809e+00	7.2983599999999996e-02
3.7328818818818821e+00	7.2975399999999996e-02
3.7328828828828828e+00	7.2967199999999996e-02
3.7328838838838840e+00	7.2959099999999999e-02
3.7328848848848848e+00	7.2950899999999999e-02
3.7328858858858860e+00	7.2942800000000002e-02
3.7328868868868872e+00	7.2934600000000002e-02
3.7328878878878879e+00	7.2926500000000005e-02
3.7328888888888891e+00	7.2918399999999994e-02
3.7328898898898899e+00	7.2910299999999997e-02
3.7328908908908911e+00	7.2902200000000000e-02
3.7328918918918919e+00	7.2894100000000003e-02
3.7328928928928931e+00	7.2886000000000006e-02
3.7328938938938938e+00	7.2877999999999998e-02
3.7328948948948950e+00	7.2869900000000001e-02
3.7328958958958962e+00	7.2861899999999993e-02
3.7328968968968970e+00	7.2853799999999996e-02
3.7328978978978982e+00	7.2845800000000002e-02
3.7328988988988989e+00	7.2837700000000005e-02
3.7328998998999001e+00	7.2829699999999997e-02
3.7329009009009009e+00	7.2821700000000003e-02
3.7329019019019021e+00	7.2813699999999995e-02
3.7329029029029028e+00	7.2805700000000001e-02
3.7329039039039040e+00	7.2797700000000007e-02
3.7329049049049052e+00	7.2789800000000002e-02
3.7329059059059060e+00	7.2781799999999994e-02
3.7329069069069072e+00	7.2773800000000000e-02
3.7329079079079079e+00	7.2765899999999994e-02
3.7329089089089091e+00	7.2757900000000000e-02
3.7329099099099099e+00	7.2749999999999995e-02
3.7329109109109111e+00	7.2742100000000004e-02
3.7329119119119119e+00	7.2734099999999996e-02
3.7329129129129131e+00	7.2726200000000005e-02
3.7329139139139138e+00	7.2718300000000000e-02
3.7329149149149150e+00	7.2710399999999994e-02
3.7329159159159162e+00	7.2702500000000003e-02
3.7329169169169170e+00	7.2694700000000001e-02
3.7329179179179182e+00	7.2686799999999996e-02
3.7329189189189189e+00	7.2678900000000005e-02
3.7329199199199201e+00	7.2671100000000002e-02
3.7329209209209209e+00	7.2663199999999997e-02
3.7329219219219221e+00	7.2655399999999995e-02
3.7329229229229228e+00	7.2647500000000004e-02
3.7329239239239240e+00	7.2639700000000001e-02
3.7329249249249252e+00	7.2631899999999999e-02
3.7329259259259260e+00	7.2623999999999994e-02
3.7329269269269272e+00	7.2616200000000006e-02
3.7329279279279279e+00	7.2608400000000003e-02
3.7329289289289291e+00	7.2600600000000001e-02
3.7329299299299299e+00	7.2592799999999999e-02
3.7329309309309311e+00	7.2584999999999997e-02
3.7329319319319318e+00	7.2577299999999997e-02
3.7329329329329330e+00	7.2569499999999995e-02
3.7329339339339342e+00	7.2561700000000007e-02
3.7329349349349350e+00	7.2553999999999993e-02
3.7329359359359362e+00	7.2546200000000005e-02
3.7329369369369370e+00	7.2538500000000006e-02
3.7329379379379382e+00	7.2530700000000004e-02
3.7329389389389389e+00	7.2523000000000004e-02
3.7329399399399401e+00	7.2515300000000005e-02
3.7329409409409409e+00	7.2507600000000005e-02
3.7329419419419421e+00	7.2499900000000006e-02
3.7329429429429433e+00	7.2492200000000007e-02
3.7329439439439440e+00	7.2484499999999993e-02
3.7329449449449452e+00	7.2476799999999994e-02
3.7329459459459460e+00	7.2469099999999995e-02
3.7329469469469472e+00	7.2461399999999995e-02
3.7329479479479479e+00	7.2453699999999996e-02
3.7329489489489491e+00	7.2446099999999999e-02
3.7329499499499499e+00	7.2438400000000000e-02
3.7329509509509511e+00	7.2430700000000001e-02
3.7329519519519518e+00	7.2423100000000004e-02
3.7329529529529530e+00	7.2415400000000005e-02
3.7329539539539542e+00	7.2407799999999994e-02
3.7329549549549550e+00	7.2400199999999998e-02
3.7329559559559562e+00	7.2392499999999999e-02
3.7329569569569570e+00	7.2384900000000002e-02
3.7329579579579582e+00	7.2377300000000006e-02
3.7329589589589589e+00	7.2369699999999995e-02
3.7329599599599601e+00	7.2362099999999999e-02
3.7329609609609609e+00	7.2354500000000002e-02
3.7329619619619621e+00	7.2346900000000006e-02
3.7329629629629633e+00	7.2339299999999995e-02
3.7329639639639640e+00	7.2331699999999999e-02
3.7329649649649652e+00	7.2324100000000002e-02
3.7329659659659660e+00	7.2316599999999995e-02
3.7329669669669672e+00	7.2308999999999998e-02
3.7329679679679679e+00	7.2301500000000005e-02
3.7329689689689691e+00	7.2293899999999994e-02
3.7329699699699699e+00	7.2286299999999998e-02
3.7329709709709711e+00	7.2278800000000004e-02
3.7329719719719723e+00	7.2271299999999997e-02
3.7329729729729730e+00	7.2263700000000000e-02
3.7329739739739742e+00	7.2256200000000007e-02
3.7329749749749750e+00	7.2248699999999999e-02
3.7329759759759762e+00	7.2241200000000005e-02
3.7329769769769769e+00	7.2233599999999995e-02
3.7329779779779781e+00	7.2226100000000001e-02
3.7329789789789789e+00	7.2218599999999994e-02
3.7329799799799801e+00	7.2211100000000000e-02
3.7329809809809813e+00	7.2203600000000007e-02
3.7329819819819821e+00	7.2196200000000002e-02
3.7329829829829833e+00	7.2188699999999995e-02
3.7329839839839840e+00	7.2181200000000001e-02
3.7329849849849852e+00	7.2173699999999993e-02
3.7329859859859860e+00	7.2166300000000003e-02
3.7329869869869872e+00	7.2158799999999995e-02
3.7329879879879879e+00	7.2151300000000002e-02
3.7329889889889891e+00	7.2143899999999997e-02
3.7329899899899899e+00	7.2136400000000003e-02
3.7329909909909911e+00	7.2128999999999999e-02
3.7329919919919923e+00	7.2121500000000005e-02
3.7329929929929930e+00	7.2114100000000000e-02
3.7329939939939942e+00	7.2106699999999996e-02
3.7329949949949950e+00	7.2099300000000005e-02
3.7329959959959962e+00	7.2091799999999998e-02
3.7329969969969969e+00	7.2084400000000007e-02
3.7329979979979981e+00	7.2077000000000002e-02
3.7329989989989989e+00	7.2069599999999998e-02
3.7330000000000001e+00	7.2062200000000007e-02
