3.7300000000000000e+00	9.1602799999999998e-03
3.7300100100100102e+00	9.1800500000000004e-03
3.7300200200200200e+00	9.1998800000000006e-03
3.7300300300300302e+00	9.2197500000000005e-03
3.7300400400400400e+00	9.2396700000000002e-03
3.7300500500500502e+00	9.2596399999999995e-03
3.7300600600600600e+00	9.2796600000000003e-03
3.7300700700700702e+00	9.2997300000000008e-03
3.7300800800800800e+00	9.3198499999999993e-03
3.7300900900900902e+00	9.3400199999999992e-03
3.7301001001001000e+00	9.3602400000000006e-03
3.7301101101101102e+00	9.3805099999999999e-03
3.7301201201201200e+00	9.4008400000000006e-03
3.7301301301301302e+00	9.4212199999999992e-03
3.7301401401401399e+00	9.4416499999999993e-03
3.7301501501501502e+00	9.4621299999999992e-03
3.7301601601601599e+00	9.4826700000000003e-03
3.7301701701701702e+00	9.5032599999999995e-03
3.7301801801801804e+00	9.5239100000000000e-03
3.7301901901901902e+00	9.5446100000000002e-03
3.7302002002002004e+00	9.5653700000000001e-03
3.7302102102102102e+00	9.5861799999999997e-03
3.7302202202202204e+00	9.6070400000000007e-03
3.7302302302302301e+00	9.6279699999999996e-03
3.7302402402402404e+00	9.6489499999999999e-03
3.7302502502502501e+00	9.6699899999999998e-03
3.7302602602602604e+00	9.6910799999999995e-03
3.7302702702702701e+00	9.7122400000000005e-03
3.7302802802802804e+00	9.7334499999999994e-03
3.7302902902902901e+00	9.7547199999999997e-03
3.7303003003003004e+00	9.7760499999999997e-03
3.7303103103103101e+00	9.7974499999999992e-03
3.7303203203203203e+00	9.8189000000000002e-03
3.7303303303303301e+00	9.8404100000000008e-03
3.7303403403403403e+00	9.8619899999999993e-03
3.7303503503503501e+00	9.8836199999999992e-03
3.7303603603603603e+00	9.9053200000000004e-03
3.7303703703703706e+00	9.9270899999999995e-03
3.7303803803803803e+00	9.9489100000000000e-03
3.7303903903903906e+00	9.9708000000000001e-03
3.7304004004004003e+00	9.9927599999999998e-03
3.7304104104104105e+00	1.0014800000000001e-02
3.7304204204204203e+00	1.0036900000000000e-02
3.7304304304304305e+00	1.0059000000000000e-02
3.7304404404404403e+00	1.0081200000000000e-02
3.7304504504504505e+00	1.0103500000000000e-02
3.7304604604604603e+00	1.0125900000000000e-02
3.7304704704704705e+00	1.0148300000000001e-02
3.7304804804804803e+00	1.0170800000000001e-02
3.7304904904904905e+00	1.0193400000000000e-02
3.7305005005005003e+00	1.0215999999999999e-02
3.7305105105105105e+00	1.0238700000000000e-02
3.7305205205205203e+00	1.0261500000000000e-02
3.7305305305305305e+00	1.0284300000000000e-02
3.7305405405405407e+00	1.0307200000000001e-02
3.7305505505505505e+00	1.0330199999999999e-02
3.7305605605605607e+00	1.0353299999999999e-02
3.7305705705705705e+00	1.0376399999999999e-02
3.7305805805805807e+00	1.0399600000000000e-02
3.7305905905905905e+00	1.0422900000000001e-02
3.7306006006006007e+00	1.0446300000000000e-02
3.7306106106106105e+00	1.0469800000000000e-02
3.7306206206206207e+00	1.0493300000000001e-02
3.7306306306306305e+00	1.0516899999999999e-02
3.7306406406406407e+00	1.0540600000000001e-02
3.7306506506506505e+00	1.0564300000000000e-02
3.7306606606606607e+00	1.0588200000000001e-02
3.7306706706706705e+00	1.0612099999999999e-02
3.7306806806806807e+00	1.0636100000000001e-02
3.7306906906906905e+00	1.0660200000000000e-02
3.7307007007007007e+00	1.0684400000000000e-02
3.7307107107107109e+00	1.0708700000000000e-02
3.7307207207207207e+00	1.0732999999999999e-02
3.7307307307307309e+00	1.0757400000000000e-02
3.7307407407407407e+00	1.0782000000000000e-02
3.7307507507507509e+00	1.0806600000000000e-02
3.7307607607607607e+00	1.0831300000000000e-02
3.7307707707707709e+00	1.0856100000000000e-02
3.7307807807807807e+00	1.0881000000000000e-02
3.7307907907907909e+00	1.0905900000000000e-02
3.7308008008008007e+00	1.0931000000000000e-02
3.7308108108108109e+00	1.0956199999999999e-02
3.7308208208208207e+00	1.0981400000000001e-02
3.7308308308308309e+00	1.1006800000000001e-02
3.7308408408408407e+00	1.1032200000000001e-02
3.7308508508508509e+00	1.1057800000000000e-02
3.7308608608608607e+00	1.1083400000000000e-02
3.7308708708708709e+00	1.1109100000000000e-02
3.7308808808808811e+00	1.1135000000000001e-02
3.7308908908908909e+00	1.1160900000000000e-02
3.7309009009009011e+00	1.1187000000000001e-02
3.7309109109109109e+00	1.1213100000000000e-02
3.7309209209209211e+00	1.1239400000000000e-02
3.7309309309309309e+00	1.1265799999999999e-02
3.7309409409409411e+00	1.1292200000000001e-02
3.7309509509509509e+00	1.1318800000000000e-02
3.7309609609609611e+00	1.1345500000000000e-02
3.7309709709709709e+00	1.1372300000000000e-02
3.7309809809809811e+00	1.1399200000000000e-02
3.7309909909909909e+00	1.1426199999999999e-02
3.7310010010010011e+00	1.1453400000000001e-02
3.7310110110110108e+00	1.1480600000000001e-02
3.7310210210210211e+00	1.1507999999999999e-02
3.7310310310310308e+00	1.1535500000000001e-02
3.7310410410410411e+00	1.1563100000000000e-02
3.7310510510510508e+00	1.1590800000000000e-02
3.7310610610610611e+00	1.1618699999999999e-02
3.7310710710710713e+00	1.1646600000000000e-02
3.7310810810810811e+00	1.1674700000000000e-02
3.7310910910910913e+00	1.1703000000000000e-02
3.7311011011011010e+00	1.1731300000000000e-02
3.7311111111111113e+00	1.1759800000000001e-02
3.7311211211211210e+00	1.1788399999999999e-02
3.7311311311311313e+00	1.1817200000000000e-02
3.7311411411411410e+00	1.1846000000000001e-02
3.7311511511511513e+00	1.1875000000000000e-02
3.7311611611611610e+00	1.1904200000000000e-02
3.7311711711711713e+00	1.1933500000000000e-02
3.7311811811811810e+00	1.1962900000000000e-02
3.7311911911911912e+00	1.1992500000000000e-02
3.7312012012012010e+00	1.2022200000000000e-02
3.7312112112112112e+00	1.2052100000000000e-02
3.7312212212212210e+00	1.2082100000000000e-02
3.7312312312312312e+00	1.2112200000000000e-02
3.7312412412412415e+00	1.2142500000000001e-02
3.7312512512512512e+00	1.2173000000000000e-02
3.7312612612612615e+00	1.2203600000000000e-02
3.7312712712712712e+00	1.2234399999999999e-02
3.7312812812812814e+00	1.2265300000000000e-02
3.7312912912912912e+00	1.2296400000000001e-02
3.7313013013013014e+00	1.2327599999999999e-02
3.7313113113113112e+00	1.2359000000000000e-02
3.7313213213213214e+00	1.2390600000000000e-02
3.7313313313313312e+00	1.2422400000000000e-02
3.7313413413413414e+00	1.2454300000000000e-02
3.7313513513513512e+00	1.2486400000000000e-02
3.7313613613613614e+00	1.2518700000000001e-02
3.7313713713713712e+00	1.2551100000000001e-02
3.7313813813813814e+00	1.2583700000000000e-02
3.7313913913913912e+00	1.2616499999999999e-02
3.7314014014014014e+00	1.2649499999999999e-02
3.7314114114114116e+00	1.2682700000000000e-02
3.7314214214214214e+00	1.2716099999999999e-02
3.7314314314314316e+00	1.2749699999999999e-02
3.7314414414414414e+00	1.2783400000000000e-02
3.7314514514514516e+00	1.2817400000000000e-02
3.7314614614614614e+00	1.2851500000000000e-02
3.7314714714714716e+00	1.2885900000000000e-02
3.7314814814814814e+00	1.2920500000000000e-02
3.7314914914914916e+00	1.2955200000000000e-02
3.7315015015015014e+00	1.2990200000000000e-02
3.7315115115115116e+00	1.3025399999999999e-02
3.7315215215215214e+00	1.3060900000000000e-02
3.7315315315315316e+00	1.3096500000000001e-02
3.7315415415415414e+00	1.3132400000000001e-02
3.7315515515515516e+00	1.3168500000000000e-02
3.7315615615615614e+00	1.3204799999999999e-02
3.7315715715715716e+00	1.3241299999999999e-02
3.7315815815815818e+00	1.3278099999999999e-02
3.7315915915915916e+00	1.3315199999999999e-02
3.7316016016016018e+00	1.3352500000000000e-02
3.7316116116116116e+00	1.3390000000000001e-02
3.7316216216216218e+00	1.3427800000000000e-02
3.7316316316316316e+00	1.3465800000000000e-02
3.7316416416416418e+00	1.3504100000000000e-02
3.7316516516516516e+00	1.3542700000000000e-02
3.7316616616616618e+00	1.3581500000000000e-02
3.7316716716716716e+00	1.3620600000000000e-02
3.7316816816816818e+00	1.3660000000000000e-02
3.7316916916916916e+00	1.3699700000000000e-02
3.7317017017017018e+00	1.3739700000000001e-02
3.7317117117117116e+00	1.3779899999999999e-02
3.7317217217217218e+00	1.3820400000000000e-02
3.7317317317317316e+00	1.3861300000000000e-02
3.7317417417417418e+00	1.3902400000000001e-02
3.7317517517517516e+00	1.3943900000000000e-02
3.7317617617617618e+00	1.3985600000000001e-02
3.7317717717717720e+00	1.4027700000000001e-02
3.7317817817817818e+00	1.4070100000000000e-02
3.7317917917917920e+00	1.4112899999999999e-02
3.7318018018018018e+00	1.4155900000000001e-02
3.7318118118118120e+00	1.4199399999999999e-02
3.7318218218218218e+00	1.4243100000000000e-02
3.7318318318318320e+00	1.4287299999999999e-02
3.7318418418418418e+00	1.4331699999999999e-02
3.7318518518518520e+00	1.4376600000000000e-02
3.7318618618618618e+00	1.4421800000000000e-02
3.7318718718718720e+00	1.4467400000000000e-02
3.7318818818818817e+00	1.4513399999999999e-02
3.7318918918918920e+00	1.4559799999999999e-02
3.7319019019019017e+00	1.4606600000000001e-02
3.7319119119119120e+00	1.4653700000000000e-02
3.7319219219219217e+00	1.4701300000000000e-02
3.7319319319319320e+00	1.4749399999999999e-02
3.7319419419419422e+00	1.4797800000000000e-02
3.7319519519519520e+00	1.4846699999999999e-02
3.7319619619619622e+00	1.4896100000000001e-02
3.7319719719719719e+00	1.4945800000000000e-02
3.7319819819819822e+00	1.4996100000000000e-02
3.7319919919919919e+00	1.5046800000000001e-02
3.7320020020020022e+00	1.5098000000000000e-02
3.7320120120120119e+00	1.5149800000000000e-02
3.7320220220220222e+00	1.5202000000000000e-02
3.7320320320320319e+00	1.5254700000000000e-02
3.7320420420420422e+00	1.5307899999999999e-02
3.7320520520520519e+00	1.5361700000000001e-02
3.7320620620620621e+00	1.5415999999999999e-02
3.7320720720720719e+00	1.5470800000000000e-02
3.7320820820820821e+00	1.5526300000000000e-02
3.7320920920920919e+00	1.5582300000000000e-02
3.7321021021021021e+00	1.5638900000000001e-02
3.7321121121121124e+00	1.5696000000000002e-02
3.7321221221221221e+00	1.5753799999999998e-02
3.7321321321321324e+00	1.5812300000000001e-02
3.7321421421421421e+00	1.5871300000000001e-02
3.7321521521521523e+00	1.5931100000000000e-02
3.7321621621621621e+00	1.5991399999999999e-02
3.7321721721721723e+00	1.6052500000000001e-02
3.7321821821821821e+00	1.6114300000000002e-02
3.7321921921921923e+00	1.6176800000000002e-02
3.7322022022022021e+00	1.6240000000000001e-02
3.7322122122122123e+00	1.6303900000000000e-02
3.7322222222222221e+00	1.6368600000000001e-02
3.7322322322322323e+00	1.6434100000000000e-02
3.7322422422422421e+00	1.6500399999999998e-02
3.7322522522522523e+00	1.6567499999999999e-02
3.7322622622622621e+00	1.6635400000000002e-02
3.7322722722722723e+00	1.6704199999999999e-02
3.7322822822822825e+00	1.6773900000000001e-02
3.7322922922922923e+00	1.6844499999999998e-02
3.7323023023023025e+00	1.6915900000000001e-02
3.7323123123123123e+00	1.6988400000000001e-02
3.7323223223223225e+00	1.7061699999999999e-02
3.7323323323323323e+00	1.7136100000000001e-02
3.7323423423423425e+00	1.7211500000000001e-02
3.7323523523523523e+00	1.7287899999999998e-02
3.7323623623623625e+00	1.7365400000000000e-02
3.7323723723723723e+00	1.7444000000000001e-02
3.7323823823823825e+00	1.7523700000000000e-02
3.7323923923923923e+00	1.7604600000000001e-02
3.7324024024024025e+00	1.7686600000000000e-02
3.7324124124124123e+00	1.7769799999999999e-02
3.7324224224224225e+00	1.7854300000000000e-02
3.7324324324324323e+00	1.7940100000000000e-02
3.7324424424424425e+00	1.8027200000000000e-02
3.7324524524524523e+00	1.8115599999999999e-02
3.7324624624624625e+00	1.8205499999999999e-02
3.7324724724724727e+00	1.8296699999999999e-02
3.7324824824824825e+00	1.8389500000000000e-02
3.7324924924924927e+00	1.8483699999999999e-02
3.7325025025025025e+00	1.8579499999999999e-02
3.7325125125125127e+00	1.8676900000000000e-02
3.7325225225225225e+00	1.8775900000000002e-02
3.7325325325325327e+00	1.8876700000000000e-02
3.7325425425425425e+00	1.8979200000000002e-02
3.7325525525525527e+00	1.9083500000000000e-02
3.7325625625625625e+00	1.9189700000000001e-02
3.7325725725725727e+00	1.9297800000000000e-02
3.7325825825825825e+00	1.9407799999999999e-02
3.7325925925925927e+00	1.9519999999999999e-02
3.7326026026026025e+00	1.9634200000000001e-02
3.7326126126126127e+00	1.9750600000000000e-02
3.7326226226226225e+00	1.9869200000000000e-02
3.7326326326326327e+00	1.9990200000000000e-02
3.7326426426426429e+00	2.0113599999999999e-02
3.7326526526526527e+00	2.0239500000000001e-02
3.7326626626626629e+00	2.0367900000000001e-02
3.7326726726726727e+00	2.0499099999999999e-02
3.7326826826826829e+00	2.0632899999999999e-02
3.7326926926926927e+00	2.0769699999999999e-02
3.7327027027027029e+00	2.0909400000000002e-02
3.7327127127127127e+00	2.1052100000000001e-02
3.7327227227227229e+00	2.1198100000000001e-02
3.7327327327327327e+00	2.1347300000000000e-02
3.7327427427427429e+00	2.1499999999999998e-02
3.7327527527527526e+00	2.1656300000000000e-02
3.7327627627627629e+00	2.1816200000000001e-02
3.7327727727727726e+00	2.1980000000000000e-02
3.7327827827827829e+00	2.2147900000000002e-02
3.7327927927927926e+00	2.2319800000000001e-02
3.7328028028028029e+00	2.2496100000000002e-02
3.7328128128128131e+00	2.2676999999999999e-02
3.7328228228228229e+00	2.2862500000000001e-02
3.7328328328328331e+00	2.3053000000000001e-02
3.7328428428428428e+00	2.3248499999999998e-02
3.7328528528528531e+00	2.3449500000000002e-02
3.7328628628628628e+00	2.3656000000000000e-02
3.7328728728728731e+00	2.3868400000000001e-02
3.7328828828828828e+00	2.4086900000000001e-02
3.7328928928928931e+00	2.4311800000000001e-02
3.7329029029029028e+00	2.4543400000000000e-02
3.7329129129129131e+00	2.4781999999999998e-02
3.7329229229229228e+00	2.5028000000000002e-02
3.7329329329329330e+00	2.5281800000000000e-02
3.7329429429429428e+00	2.5543600000000000e-02
3.7329529529529530e+00	2.5814100000000000e-02
3.7329629629629628e+00	2.6093499999999999e-02
3.7329729729729730e+00	2.6382400000000000e-02
3.7329829829829833e+00	2.6681300000000002e-02
3.7329929929929930e+00	2.6990799999999999e-02
3.7330030030030033e+00	2.7311400000000000e-02
3.7330130130130130e+00	2.7643700000000000e-02
3.7330230230230232e+00	2.7988499999999999e-02
3.7330330330330330e+00	2.8346500000000000e-02
3.7330430430430432e+00	2.8718500000000001e-02
3.7330530530530530e+00	2.9105300000000001e-02
3.7330630630630632e+00	2.9507900000000000e-02
3.7330730730730730e+00	2.9927300000000000e-02
3.7330830830830832e+00	3.0364499999999999e-02
3.7330930930930930e+00	3.0820799999999999e-02
3.7331031031031032e+00	3.1297400000000003e-02
3.7331131131131130e+00	3.1795799999999999e-02
3.7331231231231232e+00	3.2317499999999999e-02
3.7331331331331330e+00	3.2864299999999999e-02
3.7331431431431432e+00	3.3437799999999997e-02
3.7331531531531530e+00	3.4040300000000003e-02
3.7331631631631632e+00	3.4673900000000001e-02
3.7331731731731734e+00	3.5341100000000000e-02
3.7331831831831832e+00	3.6044699999999999e-02
3.7331931931931934e+00	3.6787700000000000e-02
3.7332032032032032e+00	3.7573500000000003e-02
3.7332132132132134e+00	3.8405799999999997e-02
3.7332232232232232e+00	3.9288900000000002e-02
3.7332332332332334e+00	4.0227499999999999e-02
3.7332432432432432e+00	4.1226899999999997e-02
3.7332532532532534e+00	4.2293100000000000e-02
3.7332632632632632e+00	4.3432900000000003e-02
3.7332732732732734e+00	4.4653999999999999e-02
3.7332832832832832e+00	4.5965300000000001e-02
3.7332932932932934e+00	4.7376700000000001e-02
3.7333033033033032e+00	4.8899800000000000e-02
3.7333133133133134e+00	5.0548099999999999e-02
3.7333233233233232e+00	5.2336899999999999e-02
3.7333333333333334e+00	5.4284499999999999e-02
3.7333433433433436e+00	5.6411900000000001e-02
3.7333533533533534e+00	5.8744100000000000e-02
3.7333633633633636e+00	6.1310900000000002e-02
3.7333733733733734e+00	6.4147499999999996e-02
3.7333833833833836e+00	6.7296499999999995e-02
3.7333933933933934e+00	7.0809300000000006e-02
3.7334034034034036e+00	7.4748999999999996e-02
3.7334134134134134e+00	7.9192899999999997e-02
3.7334234234234236e+00	8.4237500000000007e-02
3.7334334334334334e+00	9.0003899999999998e-02
3.7334434434434436e+00	9.6645800000000004e-02
3.7334534534534534e+00	1.0436100000000000e-01
3.7334634634634636e+00	1.1340699999999999e-01
3.7334734734734734e+00	1.2412400000000000e-01
3.7334834834834836e+00	1.3697000000000001e-01
3.7334934934934934e+00	1.5256500000000001e-01
3.7335035035035036e+00	1.7177500000000001e-01
3.7335135135135138e+00	1.9581799999999999e-01
3.7335235235235236e+00	2.2644500000000001e-01
3.7335335335335338e+00	2.6620300000000002e-01
3.7335435435435436e+00	3.1881700000000002e-01
3.7335535535535538e+00	3.8963500000000001e-01
3.7335635635635636e+00	4.8577199999999998e-01
3.7335735735735738e+00	6.1434000000000000e-01
3.7335835835835836e+00	7.7387300000000003e-01
3.7335935935935938e+00	9.3109699999999995e-01
3.7336036036036035e+00	9.9977400000000005e-01
3.7336136136136138e+00	9.0568700000000002e-01
3.7336236236236235e+00	7.0086099999999996e-01
3.7336336336336338e+00	4.9522100000000002e-01
3.7336436436436435e+00	3.3951700000000001e-01
3.7336536536536538e+00	2.3336100000000001e-01
3.7336636636636635e+00	1.6285300000000000e-01
3.7336736736736738e+00	1.1572600000000000e-01
3.7336836836836835e+00	8.3651100000000006e-02
3.7336936936936937e+00	6.1355699999999999e-02
3.7337037037037040e+00	4.5537300000000003e-02
3.7337137137137137e+00	3.4104299999999997e-02
3.7337237237237240e+00	2.5706500000000000e-02
3.7337337337337337e+00	1.9452899999999999e-02
3.7337437437437440e+00	1.4742800000000000e-02
3.7337537537537537e+00	1.1162500000000001e-02
3.7337637637637640e+00	8.4221000000000001e-03
3.7337737737737737e+00	6.3143200000000000e-03
3.7337837837837839e+00	4.6888499999999996e-03
3.7337937937937937e+00	3.4350399999999999e-03
3.7338038038038039e+00	2.4703300000000002e-03
3.7338138138138137e+00	1.7323700000000000e-03
3.7338238238238239e+00	1.1735700000000001e-03
3.7338338338338337e+00	7.5725800000000002e-04
3.7338438438438439e+00	4.5486799999999998e-04
3.7338538538538537e+00	2.4400600000000001e-04
3.7338638638638639e+00	1.0696699999999999e-04
3.7338738738738741e+00	2.9659099999999999e-05
3.7338838838838839e+00	7.9350800000000001e-07
3.7338938938938941e+00	1.1277199999999999e-05
3.7339039039039039e+00	5.3746599999999998e-05
3.7339139139139141e+00	1.2221000000000001e-04
3.7339239239239239e+00	2.1177400000000000e-04
3.7339339339339341e+00	3.1841999999999998e-04
3.7339439439439439e+00	4.3884600000000001e-04
3.7339539539539541e+00	5.7032299999999997e-04
3.7339639639639639e+00	7.1059300000000003e-04
3.7339739739739741e+00	8.5778199999999997e-04
3.7339839839839839e+00	1.0103300000000000e-03
3.7339939939939941e+00	1.1669499999999999e-03
3.7340040040040039e+00	1.3265600000000001e-03
3.7340140140140141e+00	1.4882599999999999e-03
3.7340240240240239e+00	1.6513000000000001e-03
3.7340340340340341e+00	1.8150400000000000e-03
3.7340440440440443e+00	1.9789899999999999e-03
3.7340540540540541e+00	2.1426900000000000e-03
3.7340640640640643e+00	2.3058000000000002e-03
3.7340740740740741e+00	2.4680200000000000e-03
3.7340840840840843e+00	2.6291000000000001e-03
3.7340940940940941e+00	2.7888399999999999e-03
3.7341041041041043e+00	2.9470899999999999e-03
3.7341141141141141e+00	3.1037100000000000e-03
3.7341241241241243e+00	3.2586000000000000e-03
3.7341341341341341e+00	3.4116900000000002e-03
3.7341441441441443e+00	3.5628999999999999e-03
3.7341541541541541e+00	3.7122100000000001e-03
3.7341641641641643e+00	3.8595700000000001e-03
3.7341741741741741e+00	4.0049700000000001e-03
3.7341841841841843e+00	4.1484000000000000e-03
3.7341941941941941e+00	4.2898600000000004e-03
3.7342042042042043e+00	4.4293600000000002e-03
3.7342142142142145e+00	4.5669100000000004e-03
3.7342242242242243e+00	4.7025299999999999e-03
3.7342342342342345e+00	4.8362300000000004e-03
3.7342442442442443e+00	4.9680499999999999e-03
3.7342542542542545e+00	5.0980200000000000e-03
3.7342642642642643e+00	5.2261599999999997e-03
3.7342742742742745e+00	5.3524999999999996e-03
3.7342842842842843e+00	5.4770799999999996e-03
3.7342942942942945e+00	5.5999400000000003e-03
3.7343043043043043e+00	5.7210999999999998e-03
3.7343143143143145e+00	5.8406100000000004e-03
3.7343243243243243e+00	5.9584900000000003e-03
3.7343343343343345e+00	6.0748000000000000e-03
3.7343443443443443e+00	6.1895500000000003e-03
3.7343543543543545e+00	6.3027999999999999e-03
3.7343643643643643e+00	6.4145699999999996e-03
3.7343743743743745e+00	6.5249000000000001e-03
3.7343843843843842e+00	6.6338200000000003e-03
3.7343943943943945e+00	6.7413700000000000e-03
3.7344044044044047e+00	6.8475899999999998e-03
3.7344144144144145e+00	6.9525100000000003e-03
3.7344244244244247e+00	7.0561499999999997e-03
3.7344344344344345e+00	7.1585599999999996e-03
3.7344444444444447e+00	7.2597699999999996e-03
3.7344544544544545e+00	7.3597999999999997e-03
3.7344644644644647e+00	7.4586899999999996e-03
3.7344744744744744e+00	7.5564700000000000e-03
3.7344844844844847e+00	7.6531600000000000e-03
3.7344944944944944e+00	7.7488000000000001e-03
3.7345045045045047e+00	7.8434100000000003e-03
3.7345145145145144e+00	7.9370199999999995e-03
3.7345245245245247e+00	8.0296699999999992e-03
3.7345345345345344e+00	8.1213599999999993e-03
3.7345445445445447e+00	8.2121399999999997e-03
3.7345545545545544e+00	8.3020100000000003e-03
3.7345645645645646e+00	8.3910200000000008e-03
3.7345745745745749e+00	8.4791799999999994e-03
3.7345845845845846e+00	8.5665199999999993e-03
3.7345945945945949e+00	8.6530600000000006e-03
3.7346046046046046e+00	8.7388199999999996e-03
3.7346146146146149e+00	8.8238199999999996e-03
3.7346246246246246e+00	8.9080800000000005e-03
3.7346346346346349e+00	8.9916300000000005e-03
3.7346446446446446e+00	9.0744799999999994e-03
3.7346546546546548e+00	9.1566600000000005e-03
3.7346646646646646e+00	9.2381800000000003e-03
3.7346746746746748e+00	9.3190600000000005e-03
3.7346846846846846e+00	9.3993299999999991e-03
3.7346946946946948e+00	9.4789899999999996e-03
3.7347047047047046e+00	9.5580700000000001e-03
3.7347147147147148e+00	9.6365800000000005e-03
3.7347247247247246e+00	9.7145500000000006e-03
3.7347347347347348e+00	9.7919800000000005e-03
3.7347447447447450e+00	9.8688900000000000e-03
3.7347547547547548e+00	9.9453000000000007e-03
3.7347647647647650e+00	1.0021199999999999e-02
3.7347747747747748e+00	1.0096700000000000e-02
3.7347847847847850e+00	1.0171700000000001e-02
3.7347947947947948e+00	1.0246200000000000e-02
3.7348048048048050e+00	1.0320299999999999e-02
3.7348148148148148e+00	1.0394100000000000e-02
3.7348248248248250e+00	1.0467400000000000e-02
3.7348348348348348e+00	1.0540300000000001e-02
3.7348448448448450e+00	1.0612800000000000e-02
3.7348548548548548e+00	1.0685000000000000e-02
3.7348648648648650e+00	1.0756900000000000e-02
3.7348748748748748e+00	1.0828400000000000e-02
3.7348848848848850e+00	1.0899499999999999e-02
3.7348948948948948e+00	1.0970400000000000e-02
3.7349049049049050e+00	1.1041000000000000e-02
3.7349149149149152e+00	1.1111200000000000e-02
3.7349249249249250e+00	1.1181200000000001e-02
3.7349349349349352e+00	1.1251000000000001e-02
3.7349449449449450e+00	1.1320400000000000e-02
3.7349549549549552e+00	1.1389600000000000e-02
3.7349649649649650e+00	1.1458599999999999e-02
3.7349749749749752e+00	1.1527400000000000e-02
3.7349849849849850e+00	1.1596000000000000e-02
3.7349949949949952e+00	1.1664300000000001e-02
3.7350050050050050e+00	1.1732500000000000e-02
3.7350150150150152e+00	1.1800400000000001e-02
3.7350250250250250e+00	1.1868200000000001e-02
3.7350350350350352e+00	1.1935800000000000e-02
3.7350450450450450e+00	1.2003300000000000e-02
3.7350550550550552e+00	1.2070600000000001e-02
3.7350650650650650e+00	1.2137800000000001e-02
3.7350750750750752e+00	1.2204899999999999e-02
3.7350850850850850e+00	1.2271799999999999e-02
3.7350950950950952e+00	1.2338699999999999e-02
3.7351051051051054e+00	1.2405400000000000e-02
3.7351151151151152e+00	1.2472100000000000e-02
3.7351251251251254e+00	1.2538600000000000e-02
3.7351351351351352e+00	1.2605099999999999e-02
3.7351451451451454e+00	1.2671500000000000e-02
3.7351551551551552e+00	1.2737900000000000e-02
3.7351651651651654e+00	1.2804200000000000e-02
3.7351751751751752e+00	1.2870500000000000e-02
3.7351851851851854e+00	1.2936700000000001e-02
3.7351951951951952e+00	1.3002900000000000e-02
3.7352052052052054e+00	1.3069100000000000e-02
3.7352152152152152e+00	1.3135300000000001e-02
3.7352252252252254e+00	1.3201500000000000e-02
3.7352352352352352e+00	1.3267800000000000e-02
3.7352452452452454e+00	1.3334000000000000e-02
3.7352552552552551e+00	1.3400199999999999e-02
3.7352652652652654e+00	1.3466499999999999e-02
3.7352752752752756e+00	1.3532900000000000e-02
3.7352852852852854e+00	1.3599300000000000e-02
3.7352952952952956e+00	1.3665699999999999e-02
3.7353053053053054e+00	1.3732200000000000e-02
3.7353153153153156e+00	1.3798800000000000e-02
3.7353253253253254e+00	1.3865499999999999e-02
3.7353353353353356e+00	1.3932200000000000e-02
3.7353453453453453e+00	1.3999100000000000e-02
3.7353553553553556e+00	1.4066100000000000e-02
3.7353653653653653e+00	1.4133200000000000e-02
3.7353753753753756e+00	1.4200400000000000e-02
3.7353853853853853e+00	1.4267699999999999e-02
3.7353953953953956e+00	1.4335199999999999e-02
3.7354054054054053e+00	1.4402900000000000e-02
3.7354154154154156e+00	1.4470700000000000e-02
3.7354254254254253e+00	1.4538600000000000e-02
3.7354354354354355e+00	1.4606800000000000e-02
3.7354454454454458e+00	1.4675100000000000e-02
3.7354554554554555e+00	1.4743600000000001e-02
3.7354654654654658e+00	1.4812300000000000e-02
3.7354754754754755e+00	1.4881300000000000e-02
3.7354854854854858e+00	1.4950400000000001e-02
3.7354954954954955e+00	1.5019800000000000e-02
3.7355055055055058e+00	1.5089399999999999e-02
3.7355155155155155e+00	1.5159300000000001e-02
3.7355255255255257e+00	1.5229400000000001e-02
3.7355355355355355e+00	1.5299800000000001e-02
3.7355455455455457e+00	1.5370500000000000e-02
3.7355555555555555e+00	1.5441399999999999e-02
3.7355655655655657e+00	1.5512600000000000e-02
3.7355755755755755e+00	1.5584199999999999e-02
3.7355855855855857e+00	1.5656099999999999e-02
3.7355955955955955e+00	1.5728200000000001e-02
3.7356056056056057e+00	1.5800800000000000e-02
3.7356156156156159e+00	1.5873600000000002e-02
3.7356256256256257e+00	1.5946800000000001e-02
3.7356356356356359e+00	1.6020400000000001e-02
3.7356456456456457e+00	1.6094399999999998e-02
3.7356556556556559e+00	1.6168700000000001e-02
3.7356656656656657e+00	1.6243500000000001e-02
3.7356756756756759e+00	1.6318599999999999e-02
3.7356856856856857e+00	1.6394200000000001e-02
3.7356956956956959e+00	1.6470200000000001e-02
3.7357057057057057e+00	1.6546700000000001e-02
3.7357157157157159e+00	1.6623599999999999e-02
3.7357257257257257e+00	1.6701000000000001e-02
3.7357357357357359e+00	1.6778800000000000e-02
3.7357457457457457e+00	1.6857199999999999e-02
3.7357557557557559e+00	1.6936000000000000e-02
3.7357657657657657e+00	1.7015400000000000e-02
3.7357757757757759e+00	1.7095300000000001e-02
3.7357857857857857e+00	1.7175800000000001e-02
3.7357957957957959e+00	1.7256899999999999e-02
3.7358058058058061e+00	1.7338500000000000e-02
3.7358158158158159e+00	1.7420700000000001e-02
3.7358258258258261e+00	1.7503500000000002e-02
3.7358358358358359e+00	1.7586899999999999e-02
3.7358458458458461e+00	1.7670999999999999e-02
3.7358558558558559e+00	1.7755699999999999e-02
3.7358658658658661e+00	1.7841099999999999e-02
3.7358758758758759e+00	1.7927100000000001e-02
3.7358858858858861e+00	1.8013899999999999e-02
3.7358958958958959e+00	1.8101400000000000e-02
3.7359059059059061e+00	1.8189700000000000e-02
3.7359159159159159e+00	1.8278699999999998e-02
3.7359259259259261e+00	1.8368400000000000e-02
3.7359359359359359e+00	1.8459000000000000e-02
3.7359459459459461e+00	1.8550400000000002e-02
3.7359559559559559e+00	1.8642599999999999e-02
3.7359659659659661e+00	1.8735700000000001e-02
3.7359759759759763e+00	1.8829599999999998e-02
3.7359859859859861e+00	1.8924500000000000e-02
3.7359959959959963e+00	1.9020200000000001e-02
3.7360060060060061e+00	1.9116999999999999e-02
3.7360160160160163e+00	1.9214599999999998e-02
3.7360260260260261e+00	1.9313299999999999e-02
3.7360360360360363e+00	1.9413000000000000e-02
3.7360460460460461e+00	1.9513699999999998e-02
3.7360560560560563e+00	1.9615500000000001e-02
3.7360660660660661e+00	1.9718400000000001e-02
3.7360760760760763e+00	1.9822400000000000e-02
3.7360860860860861e+00	1.9927600000000000e-02
3.7360960960960963e+00	2.0033900000000000e-02
3.7361061061061061e+00	2.0141400000000000e-02
3.7361161161161163e+00	2.0250199999999999e-02
3.7361261261261260e+00	2.0360300000000001e-02
3.7361361361361363e+00	2.0471600000000000e-02
3.7361461461461465e+00	2.0584399999999999e-02
3.7361561561561563e+00	2.0698399999999999e-02
3.7361661661661665e+00	2.0813900000000000e-02
3.7361761761761763e+00	2.0930799999999999e-02
3.7361861861861865e+00	2.1049300000000000e-02
3.7361961961961963e+00	2.1169199999999999e-02
3.7362062062062065e+00	2.1290699999999999e-02
3.7362162162162162e+00	2.1413800000000000e-02
3.7362262262262265e+00	2.1538600000000001e-02
3.7362362362362362e+00	2.1665000000000000e-02
3.7362462462462465e+00	2.1793199999999999e-02
3.7362562562562562e+00	2.1923200000000000e-02
3.7362662662662665e+00	2.2055000000000002e-02
3.7362762762762762e+00	2.2188699999999999e-02
3.7362862862862865e+00	2.2324299999999998e-02
3.7362962962962962e+00	2.2461999999999999e-02
3.7363063063063064e+00	2.2601599999999999e-02
3.7363163163163167e+00	2.2743400000000000e-02
3.7363263263263264e+00	2.2887399999999999e-02
3.7363363363363367e+00	2.3033600000000001e-02
3.7363463463463464e+00	2.3182100000000001e-02
3.7363563563563567e+00	2.3332900000000000e-02
3.7363663663663664e+00	2.3486199999999999e-02
3.7363763763763767e+00	2.3642000000000000e-02
3.7363863863863864e+00	2.3800399999999999e-02
3.7363963963963966e+00	2.3961400000000001e-02
3.7364064064064064e+00	2.4125199999999999e-02
3.7364164164164166e+00	2.4291799999999999e-02
3.7364264264264264e+00	2.4461299999999998e-02
3.7364364364364366e+00	2.4633800000000001e-02
3.7364464464464464e+00	2.4809399999999999e-02
3.7364564564564566e+00	2.4988199999999999e-02
3.7364664664664664e+00	2.5170300000000000e-02
3.7364764764764766e+00	2.5355800000000001e-02
3.7364864864864864e+00	2.5544799999999999e-02
3.7364964964964966e+00	2.5737400000000001e-02
3.7365065065065068e+00	2.5933800000000000e-02
3.7365165165165166e+00	2.6134000000000001e-02
3.7365265265265268e+00	2.6338299999999999e-02
3.7365365365365366e+00	2.6546699999999999e-02
3.7365465465465468e+00	2.6759399999999999e-02
3.7365565565565566e+00	2.6976500000000000e-02
3.7365665665665668e+00	2.7198199999999999e-02
3.7365765765765766e+00	2.7424600000000000e-02
3.7365865865865868e+00	2.7656000000000000e-02
3.7365965965965966e+00	2.7892400000000001e-02
3.7366066066066068e+00	2.8134200000000002e-02
3.7366166166166166e+00	2.8381400000000001e-02
3.7366266266266268e+00	2.8634300000000001e-02
3.7366366366366366e+00	2.8893100000000001e-02
3.7366466466466468e+00	2.9158099999999999e-02
3.7366566566566566e+00	2.9429400000000001e-02
3.7366666666666668e+00	2.9707299999999999e-02
3.7366766766766770e+00	2.9992100000000001e-02
3.7366866866866868e+00	3.0283999999999998e-02
3.7366966966966970e+00	3.0583300000000001e-02
3.7367067067067068e+00	3.0890399999999998e-02
3.7367167167167170e+00	3.1205600000000000e-02
3.7367267267267268e+00	3.1529200000000000e-02
3.7367367367367370e+00	3.1861500000000001e-02
3.7367467467467468e+00	3.2202900000000000e-02
3.7367567567567570e+00	3.2553899999999997e-02
3.7367667667667668e+00	3.2914899999999997e-02
3.7367767767767770e+00	3.3286200000000002e-02
3.7367867867867868e+00	3.3668400000000001e-02
3.7367967967967970e+00	3.4062000000000002e-02
3.7368068068068068e+00	3.4467499999999998e-02
3.7368168168168170e+00	3.4885399999999997e-02
3.7368268268268268e+00	3.5316500000000001e-02
3.7368368368368370e+00	3.5761200000000000e-02
3.7368468468468472e+00	3.6220299999999997e-02
3.7368568568568570e+00	3.6694400000000002e-02
3.7368668668668672e+00	3.7184500000000002e-02
3.7368768768768770e+00	3.7691200000000001e-02
3.7368868868868872e+00	3.8215499999999999e-02
3.7368968968968970e+00	3.8758300000000002e-02
3.7369069069069072e+00	3.9320500000000001e-02
3.7369169169169170e+00	3.9903300000000003e-02
3.7369269269269272e+00	4.0507899999999999e-02
3.7369369369369370e+00	4.1135400000000003e-02
3.7369469469469472e+00	4.1787100000000001e-02
3.7369569569569570e+00	4.2464599999999998e-02
3.7369669669669672e+00	4.3169300000000001e-02
3.7369769769769769e+00	4.3902900000000002e-02
3.7369869869869872e+00	4.4667199999999997e-02
3.7369969969969969e+00	4.5464100000000000e-02
3.7370070070070072e+00	4.6295700000000002e-02
3.7370170170170169e+00	4.7164400000000002e-02
3.7370270270270272e+00	4.8072499999999997e-02
3.7370370370370374e+00	4.9022799999999998e-02
3.7370470470470472e+00	5.0018300000000002e-02
3.7370570570570574e+00	5.1062000000000003e-02
3.7370670670670671e+00	5.2157500000000002e-02
3.7370770770770774e+00	5.3308700000000001e-02
3.7370870870870871e+00	5.4519699999999997e-02
3.7370970970970974e+00	5.5795299999999999e-02
3.7371071071071071e+00	5.7140400000000001e-02
3.7371171171171174e+00	5.8560700000000000e-02
3.7371271271271271e+00	6.0062400000000002e-02
3.7371371371371374e+00	6.1652499999999999e-02
3.7371471471471471e+00	6.3338500000000006e-02
3.7371571571571574e+00	6.5129199999999998e-02
3.7371671671671671e+00	6.7033899999999993e-02
3.7371771771771773e+00	6.9063399999999997e-02
3.7371871871871871e+00	7.1229700000000007e-02
3.7371971971971973e+00	7.3546399999999998e-02
3.7372072072072076e+00	7.6028600000000002e-02
3.7372172172172173e+00	7.8693700000000005e-02
3.7372272272272276e+00	8.1561300000000003e-02
3.7372372372372373e+00	8.4653999999999993e-02
3.7372472472472476e+00	8.7997300000000001e-02
3.7372572572572573e+00	9.1620900000000005e-02
3.7372672672672675e+00	9.5558799999999999e-02
3.7372772772772773e+00	9.9850400000000006e-02
3.7372872872872875e+00	1.0454200000000000e-01
3.7372972972972973e+00	1.0968700000000001e-01
3.7373073073073075e+00	1.1534800000000001e-01
3.7373173173173173e+00	1.2160000000000000e-01
3.7373273273273275e+00	1.2853200000000001e-01
3.7373373373373373e+00	1.3624800000000001e-01
3.7373473473473475e+00	1.4487600000000000e-01
3.7373573573573573e+00	1.5456800000000001e-01
3.7373673673673675e+00	1.6550799999999999e-01
3.7373773773773777e+00	1.7792400000000000e-01
3.7373873873873875e+00	1.9209200000000001e-01
3.7373973973973977e+00	2.0835600000000001e-01
3.7374074074074075e+00	2.2713900000000001e-01
3.7374174174174177e+00	2.4897000000000000e-01
3.7374274274274275e+00	2.7450599999999997e-01
3.7374374374374377e+00	3.0456299999999997e-01
3.7374474474474475e+00	3.4014800000000001e-01
3.7374574574574577e+00	3.8247399999999998e-01
3.7374674674674675e+00	4.3294899999999997e-01
3.7374774774774777e+00	4.9307499999999999e-01
3.7374874874874875e+00	5.6416200000000005e-01
3.7374974974974977e+00	6.4666999999999997e-01
3.7375075075075075e+00	7.3893799999999998e-01
3.7375175175175177e+00	8.3515499999999998e-01
3.7375275275275275e+00	9.2314200000000002e-01
3.7375375375375377e+00	9.8416400000000004e-01
3.7375475475475479e+00	9.9830799999999997e-01
3.7375575575575577e+00	9.5546399999999998e-01
3.7375675675675679e+00	8.6339600000000005e-01
3.7375775775775777e+00	7.4358199999999997e-01
3.7375875875875879e+00	6.1884799999999995e-01
3.7375975975975977e+00	5.0451599999999996e-01
3.7376076076076079e+00	4.0724100000000002e-01
3.7376176176176177e+00	3.2786100000000001e-01
3.7376276276276279e+00	2.6445000000000002e-01
3.7376376376376377e+00	2.1424099999999999e-01
3.7376476476476479e+00	1.7453800000000000e-01
3.7376576576576577e+00	1.4305200000000001e-01
3.7376676676676679e+00	1.1794900000000000e-01
3.7376776776776777e+00	9.7805400000000001e-02
3.7376876876876879e+00	8.1528000000000003e-02
3.7376976976976977e+00	6.8282499999999996e-02
3.7377077077077079e+00	5.7430299999999997e-02
3.7377177177177177e+00	4.8481299999999998e-02
3.7377277277277279e+00	4.1056900000000000e-02
3.7377377377377381e+00	3.4862700000000003e-02
3.7377477477477479e+00	2.9668000000000000e-02
3.7377577577577581e+00	2.5291000000000001e-02
3.7377677677677679e+00	2.1587300000000000e-02
3.7377777777777781e+00	1.8441300000000001e-02
3.7377877877877879e+00	1.5759900000000000e-02
3.7377977977977981e+00	1.3467500000000000e-02
3.7378078078078079e+00	1.1502699999999999e-02
3.7378178178178181e+00	9.8149299999999995e-03
3.7378278278278279e+00	8.3624300000000006e-03
3.7378378378378381e+00	7.1106600000000004e-03
3.7378478478478478e+00	6.0307499999999997e-03
3.7378578578578581e+00	5.0985500000000003e-03
3.7378678678678678e+00	4.2937200000000000e-03
3.7378778778778781e+00	3.5990699999999998e-03
3.7378878878878878e+00	3.0000000000000001e-03
3.7378978978978981e+00	2.4840900000000000e-03
3.7379079079079083e+00	2.0406999999999999e-03
3.7379179179179181e+00	1.6607200000000001e-03
3.7379279279279283e+00	1.3362900000000000e-03
3.7379379379379380e+00	1.0606299999999999e-03
3.7379479479479483e+00	8.2788399999999998e-04
3.7379579579579580e+00	6.3293500000000005e-04
3.7379679679679683e+00	4.7134800000000001e-04
3.7379779779779780e+00	3.3924500000000001e-04
3.7379879879879883e+00	2.3323199999999999e-04
3.7379979979979980e+00	1.5033399999999999e-04
3.7380080080080083e+00	8.7933200000000000e-05
3.7380180180180180e+00	4.3726400000000002e-05
3.7380280280280282e+00	1.5679200000000001e-05
3.7380380380380380e+00	1.9932600000000002e-06
3.7380480480480482e+00	1.0758100000000000e-06
3.7380580580580580e+00	1.1513599999999999e-05
3.7380680680680682e+00	3.2051000000000002e-05
3.7380780780780785e+00	6.1570300000000002e-05
3.7380880880880882e+00	9.9075700000000004e-05
3.7380980980980985e+00	1.4367800000000000e-04
3.7381081081081082e+00	1.9458400000000001e-04
3.7381181181181184e+00	2.5108299999999998e-04
3.7381281281281282e+00	3.1253900000000002e-04
3.7381381381381384e+00	3.7838100000000001e-04
3.7381481481481482e+00	4.4809899999999998e-04
3.7381581581581584e+00	5.2123100000000004e-04
3.7381681681681682e+00	5.9736700000000002e-04
3.7381781781781784e+00	6.7613299999999999e-04
3.7381881881881882e+00	7.5719600000000002e-04
3.7381981981981984e+00	8.4025500000000004e-04
3.7382082082082082e+00	9.2503799999999999e-04
3.7382182182182184e+00	1.0112999999999999e-03
3.7382282282282282e+00	1.0988199999999999e-03
3.7382382382382384e+00	1.1873999999999999e-03
3.7382482482482486e+00	1.2768700000000000e-03
3.7382582582582584e+00	1.3670500000000001e-03
3.7382682682682686e+00	1.4578000000000000e-03
3.7382782782782784e+00	1.5489900000000001e-03
3.7382882882882886e+00	1.6405100000000000e-03
3.7382982982982984e+00	1.7322300000000000e-03
3.7383083083083086e+00	1.8240800000000001e-03
3.7383183183183184e+00	1.9159500000000000e-03
3.7383283283283286e+00	2.0077699999999999e-03
3.7383383383383384e+00	2.0994700000000000e-03
3.7383483483483486e+00	2.1909899999999999e-03
3.7383583583583584e+00	2.2822699999999999e-03
3.7383683683683686e+00	2.3732499999999999e-03
3.7383783783783784e+00	2.4639000000000002e-03
3.7383883883883886e+00	2.5541600000000002e-03
3.7383983983983984e+00	2.6440100000000000e-03
3.7384084084084086e+00	2.7334099999999999e-03
3.7384184184184184e+00	2.8223200000000001e-03
3.7384284284284286e+00	2.9107400000000002e-03
3.7384384384384388e+00	2.9986200000000000e-03
3.7384484484484486e+00	3.0859600000000000e-03
3.7384584584584588e+00	3.1727299999999999e-03
3.7384684684684686e+00	3.2589199999999998e-03
3.7384784784784788e+00	3.3445200000000001e-03
3.7384884884884886e+00	3.4295100000000002e-03
3.7384984984984988e+00	3.5138900000000000e-03
3.7385085085085086e+00	3.5976500000000000e-03
3.7385185185185188e+00	3.6807699999999999e-03
3.7385285285285286e+00	3.7632600000000000e-03
3.7385385385385388e+00	3.8451200000000000e-03
3.7385485485485486e+00	3.9263299999999996e-03
3.7385585585585588e+00	4.0068999999999999e-03
3.7385685685685686e+00	4.0868199999999997e-03
3.7385785785785788e+00	4.1660999999999998e-03
3.7385885885885886e+00	4.2447300000000004e-03
3.7385985985985988e+00	4.3227200000000004e-03
3.7386086086086090e+00	4.4000699999999998e-03
3.7386186186186188e+00	4.4767799999999996e-03
3.7386286286286290e+00	4.5528499999999998e-03
3.7386386386386388e+00	4.6282900000000002e-03
3.7386486486486490e+00	4.7031000000000000e-03
3.7386586586586588e+00	4.7772800000000001e-03
3.7386686686686690e+00	4.8508400000000004e-03
3.7386786786786788e+00	4.9237899999999999e-03
3.7386886886886890e+00	4.9961199999999997e-03
3.7386986986986988e+00	5.0678399999999997e-03
3.7387087087087090e+00	5.1389599999999997e-03
3.7387187187187187e+00	5.2094899999999998e-03
3.7387287287287290e+00	5.2794199999999999e-03
3.7387387387387387e+00	5.3487700000000001e-03
3.7387487487487490e+00	5.4175400000000002e-03
3.7387587587587587e+00	5.4857300000000003e-03
3.7387687687687690e+00	5.5533600000000002e-03
3.7387787787787792e+00	5.6204200000000001e-03
3.7387887887887890e+00	5.6869299999999998e-03
3.7387987987987992e+00	5.7528800000000001e-03
3.7388088088088089e+00	5.8183000000000002e-03
3.7388188188188192e+00	5.8831700000000001e-03
3.7388288288288289e+00	5.9475200000000004e-03
3.7388388388388392e+00	6.0113400000000004e-03
3.7388488488488489e+00	6.0746400000000001e-03
3.7388588588588592e+00	6.1374300000000001e-03
3.7388688688688689e+00	6.1997099999999998e-03
3.7388788788788792e+00	6.2614899999999998e-03
3.7388888888888889e+00	6.3227700000000001e-03
3.7388988988988991e+00	6.3835699999999999e-03
3.7389089089089089e+00	6.4438799999999999e-03
3.7389189189189191e+00	6.5037200000000002e-03
3.7389289289289289e+00	6.5630899999999997e-03
3.7389389389389391e+00	6.6219900000000003e-03
3.7389489489489494e+00	6.6804400000000002e-03
3.7389589589589591e+00	6.7384300000000001e-03
3.7389689689689694e+00	6.7959700000000001e-03
3.7389789789789791e+00	6.8530700000000002e-03
3.7389889889889893e+00	6.9097400000000002e-03
3.7389989989989991e+00	6.9659800000000001e-03
3.7390090090090093e+00	7.0217900000000000e-03
3.7390190190190191e+00	7.0771799999999998e-03
3.7390290290290293e+00	7.1321600000000002e-03
3.7390390390390391e+00	7.1867199999999997e-03
3.7390490490490493e+00	7.2408899999999998e-03
3.7390590590590591e+00	7.2946499999999997e-03
3.7390690690690693e+00	7.3480300000000002e-03
3.7390790790790791e+00	7.4010100000000004e-03
3.7390890890890893e+00	7.4536100000000003e-03
3.7390990990990991e+00	7.5058399999999997e-03
3.7391091091091093e+00	7.5576899999999997e-03
3.7391191191191191e+00	7.6091700000000002e-03
3.7391291291291293e+00	7.6602800000000002e-03
3.7391391391391395e+00	7.7110399999999997e-03
3.7391491491491493e+00	7.7614499999999996e-03
3.7391591591591595e+00	7.8114999999999999e-03
3.7391691691691693e+00	7.8612100000000004e-03
3.7391791791791795e+00	7.9105700000000004e-03
3.7391891891891893e+00	7.9596000000000007e-03
3.7391991991991995e+00	8.0082999999999994e-03
3.7392092092092093e+00	8.0566700000000002e-03
3.7392192192192195e+00	8.1047099999999993e-03
3.7392292292292293e+00	8.1524300000000004e-03
3.7392392392392395e+00	8.1998399999999999e-03
3.7392492492492493e+00	8.2469399999999995e-03
3.7392592592592595e+00	8.2937199999999992e-03
3.7392692692692693e+00	8.3402100000000007e-03
3.7392792792792795e+00	8.3863900000000005e-03
3.7392892892892893e+00	8.4322800000000003e-03
3.7392992992992995e+00	8.4778700000000002e-03
3.7393093093093097e+00	8.5231700000000001e-03
3.7393193193193195e+00	8.5681899999999998e-03
3.7393293293293297e+00	8.6129199999999996e-03
3.7393393393393395e+00	8.6573799999999992e-03
3.7393493493493497e+00	8.7015600000000005e-03
3.7393593593593595e+00	8.7454700000000000e-03
3.7393693693693697e+00	8.7891099999999993e-03
3.7393793793793795e+00	8.8324900000000001e-03
3.7393893893893897e+00	8.8756000000000008e-03
3.7393993993993995e+00	8.9184599999999996e-03
3.7394094094094097e+00	8.9610599999999999e-03
3.7394194194194195e+00	9.0033999999999999e-03
3.7394294294294297e+00	9.0454999999999997e-03
3.7394394394394395e+00	9.0873499999999992e-03
3.7394494494494497e+00	9.1289600000000002e-03
3.7394594594594595e+00	9.1703199999999992e-03
3.7394694694694697e+00	9.2114499999999995e-03
3.7394794794794799e+00	9.2523499999999995e-03
3.7394894894894897e+00	9.2930100000000009e-03
3.7394994994994999e+00	9.3334400000000001e-03
3.7395095095095097e+00	9.3736500000000007e-03
3.7395195195195199e+00	9.4136299999999992e-03
3.7395295295295297e+00	9.4533900000000008e-03
3.7395395395395399e+00	9.4929300000000001e-03
3.7395495495495497e+00	9.5322500000000008e-03
3.7395595595595599e+00	9.5713599999999992e-03
3.7395695695695697e+00	9.6102600000000007e-03
3.7395795795795799e+00	9.6489499999999999e-03
3.7395895895895896e+00	9.6874400000000003e-03
3.7395995995995999e+00	9.7257200000000002e-03
3.7396096096096096e+00	9.7637999999999996e-03
3.7396196196196199e+00	9.8016800000000001e-03
3.7396296296296296e+00	9.8393600000000001e-03
3.7396396396396399e+00	9.8768399999999996e-03
3.7396496496496501e+00	9.9141400000000001e-03
3.7396596596596599e+00	9.9512400000000001e-03
3.7396696696696701e+00	9.9881599999999994e-03
3.7396796796796798e+00	1.0024900000000000e-02
3.7396896896896901e+00	1.0061400000000000e-02
3.7396996996996998e+00	1.0097800000000001e-02
3.7397097097097101e+00	1.0134000000000001e-02
3.7397197197197198e+00	1.0170000000000000e-02
3.7397297297297301e+00	1.0205799999999999e-02
3.7397397397397398e+00	1.0241500000000001e-02
3.7397497497497501e+00	1.0276900000000000e-02
3.7397597597597598e+00	1.0312300000000000e-02
3.7397697697697700e+00	1.0347400000000000e-02
3.7397797797797798e+00	1.0382400000000000e-02
3.7397897897897900e+00	1.0417200000000000e-02
3.7397997997997998e+00	1.0451800000000001e-02
3.7398098098098100e+00	1.0486300000000000e-02
3.7398198198198198e+00	1.0520600000000000e-02
3.7398298298298300e+00	1.0554800000000000e-02
3.7398398398398403e+00	1.0588800000000001e-02
3.7398498498498500e+00	1.0622700000000001e-02
3.7398598598598602e+00	1.0656400000000000e-02
3.7398698698698700e+00	1.0689900000000000e-02
3.7398798798798802e+00	1.0723300000000000e-02
3.7398898898898900e+00	1.0756600000000000e-02
3.7398998998999002e+00	1.0789699999999999e-02
3.7399099099099100e+00	1.0822699999999999e-02
3.7399199199199202e+00	1.0855500000000001e-02
3.7399299299299300e+00	1.0888200000000001e-02
3.7399399399399402e+00	1.0920700000000000e-02
3.7399499499499500e+00	1.0953100000000000e-02
3.7399599599599602e+00	1.0985399999999999e-02
3.7399699699699700e+00	1.1017500000000000e-02
3.7399799799799802e+00	1.1049500000000000e-02
3.7399899899899900e+00	1.1081300000000001e-02
3.7400000000000002e+00	1.1113000000000000e-02
