3.7300000000000000e+00	8.9983100000000007e-03
3.7300100100100102e+00	9.0165799999999997e-03
3.7300200200200200e+00	9.0348700000000004e-03
3.7300300300300302e+00	9.0532000000000008e-03
3.7300400400400400e+00	9.0715699999999993e-03
3.7300500500500502e+00	9.0899599999999994e-03
3.7300600600600600e+00	9.1083899999999992e-03
3.7300700700700702e+00	9.1268500000000006e-03
3.7300800800800800e+00	9.1453500000000000e-03
3.7300900900900902e+00	9.1638799999999992e-03
3.7301001001001000e+00	9.1824400000000000e-03
3.7301101101101102e+00	9.2010400000000006e-03
3.7301201201201200e+00	9.2196799999999992e-03
3.7301301301301302e+00	9.2383399999999994e-03
3.7301401401401399e+00	9.2570399999999994e-03
3.7301501501501502e+00	9.2757800000000008e-03
3.7301601601601599e+00	9.2945500000000004e-03
3.7301701701701702e+00	9.3133599999999997e-03
3.7301801801801804e+00	9.3322000000000006e-03
3.7301901901901902e+00	9.3510799999999995e-03
3.7302002002002004e+00	9.3699899999999999e-03
3.7302102102102102e+00	9.3889400000000001e-03
3.7302202202202204e+00	9.4079200000000002e-03
3.7302302302302301e+00	9.4269400000000000e-03
3.7302402402402404e+00	9.4459999999999995e-03
3.7302502502502501e+00	9.4650900000000007e-03
3.7302602602602604e+00	9.4842199999999998e-03
3.7302702702702701e+00	9.5033900000000004e-03
3.7302802802802804e+00	9.5225899999999992e-03
3.7302902902902901e+00	9.5418399999999993e-03
3.7303003003003004e+00	9.5611099999999994e-03
3.7303103103103101e+00	9.5804299999999992e-03
3.7303203203203203e+00	9.5997900000000004e-03
3.7303303303303301e+00	9.6191799999999997e-03
3.7303403403403403e+00	9.6386100000000006e-03
3.7303503503503501e+00	9.6580799999999994e-03
3.7303603603603603e+00	9.6775799999999999e-03
3.7303703703703706e+00	9.6971300000000000e-03
3.7303803803803803e+00	9.7167199999999999e-03
3.7303903903903906e+00	9.7363399999999996e-03
3.7304004004004003e+00	9.7560100000000007e-03
3.7304104104104105e+00	9.7757100000000000e-03
3.7304204204204203e+00	9.7954500000000007e-03
3.7304304304304305e+00	9.8152399999999994e-03
3.7304404404404403e+00	9.8350599999999996e-03
3.7304504504504505e+00	9.8549299999999996e-03
3.7304604604604603e+00	9.8748299999999994e-03
3.7304704704704705e+00	9.8947800000000006e-03
3.7304804804804803e+00	9.9147699999999998e-03
3.7304904904904905e+00	9.9348000000000006e-03
3.7305005005005003e+00	9.9548699999999993e-03
3.7305105105105105e+00	9.9749799999999996e-03
3.7305205205205203e+00	9.9951299999999996e-03
3.7305305305305305e+00	1.0015300000000000e-02
3.7305405405405407e+00	1.0035600000000000e-02
3.7305505505505505e+00	1.0055900000000000e-02
3.7305605605605607e+00	1.0076200000000000e-02
3.7305705705705705e+00	1.0096500000000000e-02
3.7305805805805807e+00	1.0116999999999999e-02
3.7305905905905905e+00	1.0137400000000000e-02
3.7306006006006007e+00	1.0157899999999999e-02
3.7306106106106105e+00	1.0178500000000000e-02
3.7306206206206207e+00	1.0199000000000000e-02
3.7306306306306305e+00	1.0219700000000000e-02
3.7306406406406407e+00	1.0240400000000000e-02
3.7306506506506505e+00	1.0261100000000000e-02
3.7306606606606607e+00	1.0281900000000000e-02
3.7306706706706705e+00	1.0302700000000000e-02
3.7306806806806807e+00	1.0323499999999999e-02
3.7306906906906905e+00	1.0344400000000000e-02
3.7307007007007007e+00	1.0365400000000000e-02
3.7307107107107109e+00	1.0386400000000000e-02
3.7307207207207207e+00	1.0407400000000001e-02
3.7307307307307309e+00	1.0428500000000000e-02
3.7307407407407407e+00	1.0449699999999999e-02
3.7307507507507509e+00	1.0470900000000000e-02
3.7307607607607607e+00	1.0492100000000001e-02
3.7307707707707709e+00	1.0513399999999999e-02
3.7307807807807807e+00	1.0534699999999999e-02
3.7307907907907909e+00	1.0556100000000001e-02
3.7308008008008007e+00	1.0577600000000000e-02
3.7308108108108109e+00	1.0599000000000001e-02
3.7308208208208207e+00	1.0620599999999999e-02
3.7308308308308309e+00	1.0642199999999999e-02
3.7308408408408407e+00	1.0663799999999999e-02
3.7308508508508509e+00	1.0685500000000001e-02
3.7308608608608607e+00	1.0707200000000000e-02
3.7308708708708709e+00	1.0729000000000001e-02
3.7308808808808811e+00	1.0750900000000001e-02
3.7308908908908909e+00	1.0772800000000001e-02
3.7309009009009011e+00	1.0794700000000001e-02
3.7309109109109109e+00	1.0816700000000000e-02
3.7309209209209211e+00	1.0838800000000001e-02
3.7309309309309309e+00	1.0860900000000000e-02
3.7309409409409411e+00	1.0883000000000000e-02
3.7309509509509509e+00	1.0905200000000000e-02
3.7309609609609611e+00	1.0927500000000000e-02
3.7309709709709709e+00	1.0949800000000001e-02
3.7309809809809811e+00	1.0972200000000000e-02
3.7309909909909909e+00	1.0994700000000000e-02
3.7310010010010011e+00	1.1017200000000000e-02
3.7310110110110108e+00	1.1039700000000000e-02
3.7310210210210211e+00	1.1062300000000001e-02
3.7310310310310308e+00	1.1084999999999999e-02
3.7310410410410411e+00	1.1107700000000000e-02
3.7310510510510508e+00	1.1130500000000000e-02
3.7310610610610611e+00	1.1153300000000000e-02
3.7310710710710713e+00	1.1176200000000001e-02
3.7310810810810811e+00	1.1199199999999999e-02
3.7310910910910913e+00	1.1222200000000000e-02
3.7311011011011010e+00	1.1245200000000000e-02
3.7311111111111113e+00	1.1268400000000000e-02
3.7311211211211210e+00	1.1291600000000001e-02
3.7311311311311313e+00	1.1314800000000000e-02
3.7311411411411410e+00	1.1338100000000000e-02
3.7311511511511513e+00	1.1361500000000000e-02
3.7311611611611610e+00	1.1384999999999999e-02
3.7311711711711713e+00	1.1408500000000000e-02
3.7311811811811810e+00	1.1431999999999999e-02
3.7311911911911912e+00	1.1455699999999999e-02
3.7312012012012010e+00	1.1479300000000000e-02
3.7312112112112112e+00	1.1503100000000000e-02
3.7312212212212210e+00	1.1526900000000000e-02
3.7312312312312312e+00	1.1550800000000000e-02
3.7312412412412415e+00	1.1574800000000000e-02
3.7312512512512512e+00	1.1598799999999999e-02
3.7312612612612615e+00	1.1622900000000000e-02
3.7312712712712712e+00	1.1646999999999999e-02
3.7312812812812814e+00	1.1671300000000001e-02
3.7312912912912912e+00	1.1695499999999999e-02
3.7313013013013014e+00	1.1719900000000000e-02
3.7313113113113112e+00	1.1744299999999999e-02
3.7313213213213214e+00	1.1768799999999999e-02
3.7313313313313312e+00	1.1793400000000001e-02
3.7313413413413414e+00	1.1818000000000000e-02
3.7313513513513512e+00	1.1842699999999999e-02
3.7313613613613614e+00	1.1867500000000000e-02
3.7313713713713712e+00	1.1892399999999999e-02
3.7313813813813814e+00	1.1917300000000000e-02
3.7313913913913912e+00	1.1942299999999999e-02
3.7314014014014014e+00	1.1967400000000000e-02
3.7314114114114116e+00	1.1992500000000000e-02
3.7314214214214214e+00	1.2017699999999999e-02
3.7314314314314316e+00	1.2043000000000000e-02
3.7314414414414414e+00	1.2068400000000000e-02
3.7314514514514516e+00	1.2093899999999999e-02
3.7314614614614614e+00	1.2119400000000001e-02
3.7314714714714716e+00	1.2145000000000000e-02
3.7314814814814814e+00	1.2170700000000000e-02
3.7314914914914916e+00	1.2196400000000000e-02
3.7315015015015014e+00	1.2222300000000000e-02
3.7315115115115116e+00	1.2248200000000001e-02
3.7315215215215214e+00	1.2274200000000001e-02
3.7315315315315316e+00	1.2300300000000000e-02
3.7315415415415414e+00	1.2326500000000001e-02
3.7315515515515516e+00	1.2352699999999999e-02
3.7315615615615614e+00	1.2378999999999999e-02
3.7315715715715716e+00	1.2405500000000000e-02
3.7315815815815818e+00	1.2432000000000000e-02
3.7315915915915916e+00	1.2458500000000001e-02
3.7316016016016018e+00	1.2485200000000000e-02
3.7316116116116116e+00	1.2512000000000001e-02
3.7316216216216218e+00	1.2538799999999999e-02
3.7316316316316316e+00	1.2565700000000001e-02
3.7316416416416418e+00	1.2592799999999999e-02
3.7316516516516516e+00	1.2619900000000000e-02
3.7316616616616618e+00	1.2647100000000000e-02
3.7316716716716716e+00	1.2674400000000001e-02
3.7316816816816818e+00	1.2701700000000000e-02
3.7316916916916916e+00	1.2729200000000000e-02
3.7317017017017018e+00	1.2756800000000000e-02
3.7317117117117116e+00	1.2784400000000000e-02
3.7317217217217218e+00	1.2812199999999999e-02
3.7317317317317316e+00	1.2840000000000001e-02
3.7317417417417418e+00	1.2867999999999999e-02
3.7317517517517516e+00	1.2895999999999999e-02
3.7317617617617618e+00	1.2924200000000000e-02
3.7317717717717720e+00	1.2952399999999999e-02
3.7317817817817818e+00	1.2980700000000000e-02
3.7317917917917920e+00	1.3009200000000000e-02
3.7318018018018018e+00	1.3037699999999999e-02
3.7318118118118120e+00	1.3066400000000001e-02
3.7318218218218218e+00	1.3095100000000000e-02
3.7318318318318320e+00	1.3123900000000001e-02
3.7318418418418418e+00	1.3152900000000000e-02
3.7318518518518520e+00	1.3181900000000000e-02
3.7318618618618618e+00	1.3211100000000000e-02
3.7318718718718720e+00	1.3240399999999999e-02
3.7318818818818817e+00	1.3269800000000000e-02
3.7318918918918920e+00	1.3299200000000001e-02
3.7319019019019017e+00	1.3328800000000000e-02
3.7319119119119120e+00	1.3358500000000001e-02
3.7319219219219217e+00	1.3388400000000000e-02
3.7319319319319320e+00	1.3418299999999999e-02
3.7319419419419422e+00	1.3448300000000000e-02
3.7319519519519520e+00	1.3478499999999999e-02
3.7319619619619622e+00	1.3508800000000000e-02
3.7319719719719719e+00	1.3539199999999999e-02
3.7319819819819822e+00	1.3569700000000001e-02
3.7319919919919919e+00	1.3600299999999999e-02
3.7320020020020022e+00	1.3631000000000001e-02
3.7320120120120119e+00	1.3661899999999999e-02
3.7320220220220222e+00	1.3692899999999999e-02
3.7320320320320319e+00	1.3724000000000000e-02
3.7320420420420422e+00	1.3755200000000000e-02
3.7320520520520519e+00	1.3786600000000000e-02
3.7320620620620621e+00	1.3818100000000000e-02
3.7320720720720719e+00	1.3849700000000000e-02
3.7320820820820821e+00	1.3881500000000000e-02
3.7320920920920919e+00	1.3913300000000000e-02
3.7321021021021021e+00	1.3945400000000000e-02
3.7321121121121124e+00	1.3977500000000000e-02
3.7321221221221221e+00	1.4009799999999999e-02
3.7321321321321324e+00	1.4042199999999999e-02
3.7321421421421421e+00	1.4074700000000001e-02
3.7321521521521523e+00	1.4107400000000001e-02
3.7321621621621621e+00	1.4140200000000000e-02
3.7321721721721723e+00	1.4173200000000000e-02
3.7321821821821821e+00	1.4206300000000000e-02
3.7321921921921923e+00	1.4239500000000000e-02
3.7322022022022021e+00	1.4272900000000000e-02
3.7322122122122123e+00	1.4306500000000000e-02
3.7322222222222221e+00	1.4340200000000001e-02
3.7322322322322323e+00	1.4374000000000000e-02
3.7322422422422421e+00	1.4408000000000001e-02
3.7322522522522523e+00	1.4442099999999999e-02
3.7322622622622621e+00	1.4476400000000000e-02
3.7322722722722723e+00	1.4510800000000001e-02
3.7322822822822825e+00	1.4545400000000000e-02
3.7322922922922923e+00	1.4580200000000000e-02
3.7323023023023025e+00	1.4615100000000001e-02
3.7323123123123123e+00	1.4650200000000000e-02
3.7323223223223225e+00	1.4685399999999999e-02
3.7323323323323323e+00	1.4720799999999999e-02
3.7323423423423425e+00	1.4756399999999999e-02
3.7323523523523523e+00	1.4792100000000001e-02
3.7323623623623625e+00	1.4827999999999999e-02
3.7323723723723723e+00	1.4864100000000000e-02
3.7323823823823825e+00	1.4900300000000000e-02
3.7323923923923923e+00	1.4936800000000000e-02
3.7324024024024025e+00	1.4973400000000000e-02
3.7324124124124123e+00	1.5010100000000000e-02
3.7324224224224225e+00	1.5047100000000001e-02
3.7324324324324323e+00	1.5084200000000001e-02
3.7324424424424425e+00	1.5121600000000001e-02
3.7324524524524523e+00	1.5159100000000000e-02
3.7324624624624625e+00	1.5196800000000000e-02
3.7324724724724727e+00	1.5234599999999999e-02
3.7324824824824825e+00	1.5272700000000000e-02
3.7324924924924927e+00	1.5311000000000000e-02
3.7325025025025025e+00	1.5349500000000000e-02
3.7325125125125127e+00	1.5388100000000000e-02
3.7325225225225225e+00	1.5427000000000000e-02
3.7325325325325327e+00	1.5466000000000001e-02
3.7325425425425425e+00	1.5505300000000000e-02
3.7325525525525527e+00	1.5544799999999999e-02
3.7325625625625625e+00	1.5584499999999999e-02
3.7325725725725727e+00	1.5624400000000000e-02
3.7325825825825825e+00	1.5664500000000001e-02
3.7325925925925927e+00	1.5704800000000001e-02
3.7326026026026025e+00	1.5745400000000000e-02
3.7326126126126127e+00	1.5786100000000001e-02
3.7326226226226225e+00	1.5827100000000000e-02
3.7326326326326327e+00	1.5868299999999998e-02
3.7326426426426429e+00	1.5909800000000002e-02
3.7326526526526527e+00	1.5951500000000000e-02
3.7326626626626629e+00	1.5993400000000001e-02
3.7326726726726727e+00	1.6035500000000001e-02
3.7326826826826829e+00	1.6077899999999999e-02
3.7326926926926927e+00	1.6120499999999999e-02
3.7327027027027029e+00	1.6163400000000001e-02
3.7327127127127127e+00	1.6206499999999999e-02
3.7327227227227229e+00	1.6249900000000001e-02
3.7327327327327327e+00	1.6293499999999999e-02
3.7327427427427429e+00	1.6337399999999998e-02
3.7327527527527526e+00	1.6381600000000000e-02
3.7327627627627629e+00	1.6426000000000000e-02
3.7327727727727726e+00	1.6470700000000001e-02
3.7327827827827829e+00	1.6515599999999998e-02
3.7327927927927926e+00	1.6560800000000001e-02
3.7328028028028029e+00	1.6606300000000001e-02
3.7328128128128131e+00	1.6652100000000000e-02
3.7328228228228229e+00	1.6698100000000000e-02
3.7328328328328331e+00	1.6744499999999999e-02
3.7328428428428428e+00	1.6791100000000000e-02
3.7328528528528531e+00	1.6837999999999999e-02
3.7328628628628628e+00	1.6885299999999999e-02
3.7328728728728731e+00	1.6932800000000001e-02
3.7328828828828828e+00	1.6980599999999998e-02
3.7328928928928931e+00	1.7028700000000001e-02
3.7329029029029028e+00	1.7077200000000001e-02
3.7329129129129131e+00	1.7125999999999999e-02
3.7329229229229228e+00	1.7175099999999999e-02
3.7329329329329330e+00	1.7224500000000000e-02
3.7329429429429428e+00	1.7274200000000000e-02
3.7329529529529530e+00	1.7324300000000001e-02
3.7329629629629628e+00	1.7374700000000000e-02
3.7329729729729730e+00	1.7425500000000000e-02
3.7329829829829833e+00	1.7476599999999998e-02
3.7329929929929930e+00	1.7527999999999998e-02
3.7330030030030033e+00	1.7579800000000000e-02
3.7330130130130130e+00	1.7631999999999998e-02
3.7330230230230232e+00	1.7684600000000002e-02
3.7330330330330330e+00	1.7737500000000000e-02
3.7330430430430432e+00	1.7790799999999999e-02
3.7330530530530530e+00	1.7844400000000000e-02
3.7330630630630632e+00	1.7898500000000001e-02
3.7330730730730730e+00	1.7952900000000001e-02
3.7330830830830832e+00	1.8007800000000001e-02
3.7330930930930930e+00	1.8062999999999999e-02
3.7331031031031032e+00	1.8118700000000001e-02
3.7331131131131130e+00	1.8174699999999998e-02
3.7331231231231232e+00	1.8231199999999999e-02
3.7331331331331330e+00	1.8288200000000001e-02
3.7331431431431432e+00	1.8345500000000001e-02
3.7331531531531530e+00	1.8403300000000001e-02
3.7331631631631632e+00	1.8461499999999999e-02
3.7331731731731734e+00	1.8520200000000001e-02
3.7331831831831832e+00	1.8579399999999999e-02
3.7331931931931934e+00	1.8638999999999999e-02
3.7332032032032032e+00	1.8699100000000000e-02
3.7332132132132134e+00	1.8759600000000001e-02
3.7332232232232232e+00	1.8820699999999999e-02
3.7332332332332334e+00	1.8882199999999998e-02
3.7332432432432432e+00	1.8944200000000001e-02
3.7332532532532534e+00	1.9006800000000001e-02
3.7332632632632632e+00	1.9069900000000001e-02
3.7332732732732734e+00	1.9133399999999998e-02
3.7332832832832832e+00	1.9197599999999999e-02
3.7332932932932934e+00	1.9262200000000000e-02
3.7333033033033032e+00	1.9327400000000002e-02
3.7333133133133134e+00	1.9393199999999999e-02
3.7333233233233232e+00	1.9459500000000001e-02
3.7333333333333334e+00	1.9526499999999999e-02
3.7333433433433436e+00	1.9593900000000001e-02
3.7333533533533534e+00	1.9661999999999999e-02
3.7333633633633636e+00	1.9730700000000000e-02
3.7333733733733734e+00	1.9800000000000002e-02
3.7333833833833836e+00	1.9869999999999999e-02
3.7333933933933934e+00	1.9940500000000000e-02
3.7334034034034036e+00	2.0011700000000000e-02
3.7334134134134134e+00	2.0083600000000000e-02
3.7334234234234236e+00	2.0156100000000000e-02
3.7334334334334334e+00	2.0229299999999999e-02
3.7334434434434436e+00	2.0303200000000000e-02
3.7334534534534534e+00	2.0377800000000001e-02
3.7334634634634636e+00	2.0453099999999998e-02
3.7334734734734734e+00	2.0529200000000001e-02
3.7334834834834836e+00	2.0605900000000000e-02
3.7334934934934934e+00	2.0683400000000001e-02
3.7335035035035036e+00	2.0761700000000001e-02
3.7335135135135138e+00	2.0840800000000000e-02
3.7335235235235236e+00	2.0920600000000001e-02
3.7335335335335338e+00	2.1001300000000001e-02
3.7335435435435436e+00	2.1082699999999999e-02
3.7335535535535538e+00	2.1165000000000000e-02
3.7335635635635636e+00	2.1248199999999998e-02
3.7335735735735738e+00	2.1332199999999999e-02
3.7335835835835836e+00	2.1417100000000001e-02
3.7335935935935938e+00	2.1502899999999998e-02
3.7336036036036035e+00	2.1589600000000000e-02
3.7336136136136138e+00	2.1677200000000001e-02
3.7336236236236235e+00	2.1765799999999998e-02
3.7336336336336338e+00	2.1855400000000001e-02
3.7336436436436435e+00	2.1945900000000001e-02
3.7336536536536538e+00	2.2037399999999999e-02
3.7336636636636635e+00	2.2130000000000000e-02
3.7336736736736738e+00	2.2223600000000000e-02
3.7336836836836835e+00	2.2318299999999999e-02
3.7336936936936937e+00	2.2414000000000000e-02
3.7337037037037040e+00	2.2510900000000000e-02
3.7337137137137137e+00	2.2608900000000001e-02
3.7337237237237240e+00	2.2707999999999999e-02
3.7337337337337337e+00	2.2808300000000000e-02
3.7337437437437440e+00	2.2909900000000000e-02
3.7337537537537537e+00	2.3012600000000001e-02
3.7337637637637640e+00	2.3116600000000001e-02
3.7337737737737737e+00	2.3221800000000001e-02
3.7337837837837839e+00	2.3328399999999999e-02
3.7337937937937937e+00	2.3436300000000000e-02
3.7338038038038039e+00	2.3545600000000000e-02
3.7338138138138137e+00	2.3656199999999999e-02
3.7338238238238239e+00	2.3768299999999999e-02
3.7338338338338337e+00	2.3881800000000002e-02
3.7338438438438439e+00	2.3996799999999999e-02
3.7338538538538537e+00	2.4113300000000001e-02
3.7338638638638639e+00	2.4231300000000001e-02
3.7338738738738741e+00	2.4351000000000001e-02
3.7338838838838839e+00	2.4472299999999999e-02
3.7338938938938941e+00	2.4595200000000001e-02
3.7339039039039039e+00	2.4719800000000000e-02
3.7339139139139141e+00	2.4846199999999999e-02
3.7339239239239239e+00	2.4974300000000001e-02
3.7339339339339341e+00	2.5104200000000000e-02
3.7339439439439439e+00	2.5236000000000001e-02
3.7339539539539541e+00	2.5369800000000001e-02
3.7339639639639639e+00	2.5505400000000001e-02
3.7339739739739741e+00	2.5643099999999999e-02
3.7339839839839839e+00	2.5782800000000002e-02
3.7339939939939941e+00	2.5924699999999998e-02
3.7340040040040039e+00	2.6068700000000000e-02
3.7340140140140141e+00	2.6214899999999999e-02
3.7340240240240239e+00	2.6363299999999999e-02
3.7340340340340341e+00	2.6514099999999999e-02
3.7340440440440443e+00	2.6667300000000001e-02
3.7340540540540541e+00	2.6822900000000000e-02
3.7340640640640643e+00	2.6981100000000001e-02
3.7340740740740741e+00	2.7141800000000001e-02
3.7340840840840843e+00	2.7305200000000002e-02
3.7340940940940941e+00	2.7471300000000001e-02
3.7341041041041043e+00	2.7640200000000000e-02
3.7341141141141141e+00	2.7812000000000000e-02
3.7341241241241243e+00	2.7986700000000000e-02
3.7341341341341341e+00	2.8164499999999999e-02
3.7341441441441443e+00	2.8345499999999999e-02
3.7341541541541541e+00	2.8529599999999999e-02
3.7341641641641643e+00	2.8717099999999999e-02
3.7341741741741741e+00	2.8908000000000000e-02
3.7341841841841843e+00	2.9102400000000000e-02
3.7341941941941941e+00	2.9300400000000001e-02
3.7342042042042043e+00	2.9502199999999999e-02
3.7342142142142145e+00	2.9707799999999999e-02
3.7342242242242243e+00	2.9917400000000000e-02
3.7342342342342345e+00	3.0131100000000001e-02
3.7342442442442443e+00	3.0349000000000001e-02
3.7342542542542545e+00	3.0571299999999999e-02
3.7342642642642643e+00	3.0798099999999998e-02
3.7342742742742745e+00	3.1029600000000001e-02
3.7342842842842843e+00	3.1265899999999999e-02
3.7342942942942945e+00	3.1507100000000003e-02
3.7343043043043043e+00	3.1753499999999997e-02
3.7343143143143145e+00	3.2005199999999998e-02
3.7343243243243243e+00	3.2262399999999997e-02
3.7343343343343345e+00	3.2525400000000003e-02
3.7343443443443443e+00	3.2794200000000003e-02
3.7343543543543545e+00	3.3069200000000000e-02
3.7343643643643643e+00	3.3350499999999998e-02
3.7343743743743745e+00	3.3638399999999999e-02
3.7343843843843842e+00	3.3933100000000001e-02
3.7343943943943945e+00	3.4235000000000002e-02
3.7344044044044047e+00	3.4544199999999997e-02
3.7344144144144145e+00	3.4861099999999999e-02
3.7344244244244247e+00	3.5185899999999999e-02
3.7344344344344345e+00	3.5519099999999998e-02
3.7344444444444447e+00	3.5860799999999998e-02
3.7344544544544545e+00	3.6211599999999997e-02
3.7344644644644647e+00	3.6571699999999999e-02
3.7344744744744744e+00	3.6941599999999998e-02
3.7344844844844847e+00	3.7321699999999999e-02
3.7344944944944944e+00	3.7712400000000000e-02
3.7345045045045047e+00	3.8114200000000001e-02
3.7345145145145144e+00	3.8527699999999998e-02
3.7345245245245247e+00	3.8953300000000003e-02
3.7345345345345344e+00	3.9391599999999999e-02
3.7345445445445447e+00	3.9843299999999998e-02
3.7345545545545544e+00	4.0308900000000002e-02
3.7345645645645646e+00	4.0789199999999998e-02
3.7345745745745749e+00	4.1284899999999999e-02
3.7345845845845846e+00	4.1796800000000002e-02
3.7345945945945949e+00	4.2325700000000001e-02
3.7346046046046046e+00	4.2872500000000001e-02
3.7346146146146149e+00	4.3438100000000000e-02
3.7346246246246246e+00	4.4023699999999999e-02
3.7346346346346349e+00	4.4630299999999998e-02
3.7346446446446446e+00	4.5259000000000001e-02
3.7346546546546548e+00	4.5911300000000002e-02
3.7346646646646646e+00	4.6588400000000002e-02
3.7346746746746748e+00	4.7291800000000002e-02
3.7346846846846846e+00	4.8023200000000002e-02
3.7346946946946948e+00	4.8784399999999999e-02
3.7347047047047046e+00	4.9577099999999999e-02
3.7347147147147148e+00	5.0403499999999997e-02
3.7347247247247246e+00	5.1265800000000000e-02
3.7347347347347348e+00	5.2166499999999998e-02
3.7347447447447450e+00	5.3108200000000001e-02
3.7347547547547548e+00	5.4093799999999997e-02
3.7347647647647650e+00	5.5126599999999998e-02
3.7347747747747748e+00	5.6210099999999999e-02
3.7347847847847850e+00	5.7348200000000002e-02
3.7347947947947948e+00	5.8545100000000003e-02
3.7348048048048050e+00	5.9805499999999998e-02
3.7348148148148148e+00	6.1134800000000003e-02
3.7348248248248250e+00	6.2538800000000005e-02
3.7348348348348348e+00	6.4023899999999995e-02
3.7348448448448450e+00	6.5597500000000003e-02
3.7348548548548548e+00	6.7267700000000000e-02
3.7348648648648650e+00	6.9043800000000002e-02
3.7348748748748748e+00	7.0935999999999999e-02
3.7348848848848850e+00	7.2955999999999993e-02
3.7348948948948948e+00	7.5117299999999998e-02
3.7349049049049050e+00	7.7435100000000007e-02
3.7349149149149152e+00	7.9926600000000000e-02
3.7349249249249250e+00	8.2612099999999994e-02
3.7349349349349352e+00	8.5514499999999993e-02
3.7349449449449450e+00	8.8660900000000001e-02
3.7349549549549552e+00	9.2082499999999998e-02
3.7349649649649650e+00	9.5816100000000001e-02
3.7349749749749752e+00	9.9905099999999997e-02
3.7349849849849850e+00	1.0440099999999999e-01
3.7349949949949952e+00	1.0936600000000000e-01
3.7350050050050050e+00	1.1487300000000000e-01
3.7350150150150152e+00	1.2101199999999999e-01
3.7350250250250250e+00	1.2789400000000001e-01
3.7350350350350352e+00	1.3565400000000000e-01
3.7350450450450450e+00	1.4445900000000000e-01
3.7350550550550552e+00	1.5452099999999999e-01
3.7350650650650650e+00	1.6610800000000001e-01
3.7350750750750752e+00	1.7956400000000000e-01
3.7350850850850850e+00	1.9533500000000001e-01
3.7350950950950952e+00	2.1400500000000000e-01
3.7351051051051054e+00	2.3635300000000001e-01
3.7351151151151152e+00	2.6341799999999999e-01
3.7351251251251254e+00	2.9660700000000001e-01
3.7351351351351352e+00	3.3782600000000002e-01
3.7351451451451454e+00	3.8962500000000000e-01
3.7351551551551552e+00	4.5530399999999999e-01
3.7351651651651654e+00	5.3870200000000001e-01
3.7351751751751752e+00	6.4298599999999995e-01
3.7351851851851854e+00	7.6672300000000004e-01
3.7351951951951952e+00	8.9477600000000002e-01
3.7352052052052054e+00	9.8648800000000003e-01
3.7352152152152152e+00	9.8372599999999999e-01
3.7352252252252254e+00	8.6377999999999999e-01
3.7352352352352352e+00	6.7605899999999997e-01
3.7352452452452454e+00	4.9080699999999999e-01
3.7352552552552551e+00	3.4366500000000000e-01
3.7352652652652654e+00	2.3790700000000001e-01
3.7352752752752756e+00	1.6476399999999999e-01
3.7352852852852854e+00	1.1460200000000000e-01
3.7352952952952956e+00	8.0031199999999997e-02
3.7353053053053054e+00	5.5971500000000000e-02
3.7353153153153156e+00	3.9052499999999997e-02
3.7353253253253254e+00	2.7050299999999999e-02
3.7353353353353356e+00	1.8486400000000000e-02
3.7353453453453453e+00	1.2365100000000000e-02
3.7353553553553556e+00	8.0052300000000003e-03
3.7353653653653653e+00	4.9337000000000001e-03
3.7353753753753756e+00	2.8169200000000001e-03
3.7353853853853853e+00	1.4163100000000001e-03
3.7353953953953956e+00	5.5903699999999997e-04
3.7354054054054053e+00	1.1842800000000000e-04
3.7354154154154156e+00	6.9340100000000003e-07
3.7354254254254253e+00	1.3577199999999999e-04
3.7354354354354355e+00	4.7094800000000000e-04
3.7354454454454458e+00	9.6633500000000002e-04
3.7354554554554555e+00	1.5916500000000000e-03
3.7354654654654658e+00	2.3238700000000000e-03
3.7354754754754755e+00	3.1455400000000001e-03
3.7354854854854858e+00	4.0435000000000002e-03
3.7354954954954955e+00	5.0079499999999997e-03
3.7355055055055058e+00	6.0317900000000004e-03
3.7355155155155155e+00	7.1100599999999996e-03
3.7355255255255257e+00	8.2395500000000000e-03
3.7355355355355355e+00	9.4185299999999996e-03
3.7355455455455457e+00	1.0646500000000000e-02
3.7355555555555555e+00	1.1924199999999999e-02
3.7355655655655657e+00	1.3253100000000000e-02
3.7355755755755755e+00	1.4635799999999999e-02
3.7355855855855857e+00	1.6075800000000001e-02
3.7355955955955955e+00	1.7577300000000001e-02
3.7356056056056057e+00	1.9145599999999999e-02
3.7356156156156159e+00	2.0786700000000002e-02
3.7356256256256257e+00	2.2507900000000001e-02
3.7356356356356359e+00	2.4317399999999999e-02
3.7356456456456457e+00	2.6224700000000000e-02
3.7356556556556559e+00	2.8240700000000001e-02
3.7356656656656657e+00	3.0377899999999999e-02
3.7356756756756759e+00	3.2650600000000002e-02
3.7356856856856857e+00	3.5075400000000000e-02
3.7356956956956959e+00	3.7671099999999999e-02
3.7357057057057057e+00	4.0459799999999997e-02
3.7357157157157159e+00	4.3466900000000003e-02
3.7357257257257257e+00	4.6722100000000003e-02
3.7357357357357359e+00	5.0260100000000002e-02
3.7357457457457457e+00	5.4121900000000001e-02
3.7357557557557559e+00	5.8355600000000001e-02
3.7357657657657657e+00	6.3018699999999997e-02
3.7357757757757759e+00	6.8179900000000002e-02
3.7357857857857857e+00	7.3921799999999996e-02
3.7357957957957959e+00	8.0344600000000002e-02
3.7358058058058061e+00	8.7570200000000001e-02
3.7358158158158159e+00	9.5748899999999998e-02
3.7358258258258261e+00	1.0506600000000001e-01
3.7358358358358359e+00	1.1575400000000000e-01
3.7358458458458461e+00	1.2810400000000000e-01
3.7358558558558559e+00	1.4248600000000000e-01
3.7358658658658661e+00	1.5937299999999999e-01
3.7358758758758759e+00	1.7937300000000000e-01
3.7358858858858861e+00	2.0327300000000001e-01
3.7358958958958959e+00	2.3209800000000000e-01
3.7359059059059061e+00	2.6717500000000000e-01
3.7359159159159159e+00	3.1020599999999998e-01
3.7359259259259261e+00	3.6332100000000001e-01
3.7359359359359359e+00	4.2902099999999999e-01
3.7359459459459461e+00	5.0983299999999998e-01
3.7359559559559559e+00	6.0729299999999997e-01
3.7359659659659661e+00	7.1960100000000005e-01
3.7359759759759763e+00	8.3751100000000001e-01
3.7359859859859861e+00	9.4003300000000001e-01
3.7359959959959963e+00	9.9638700000000002e-01
3.7360060060060061e+00	9.8159300000000005e-01
3.7360160160160163e+00	8.9679600000000004e-01
3.7360260260260261e+00	7.6966599999999996e-01
3.7360360360360363e+00	6.3340200000000002e-01
3.7360460460460461e+00	5.0968100000000005e-01
3.7360560560560563e+00	4.0677000000000002e-01
3.7360660660660661e+00	3.2483400000000001e-01
3.7360760760760763e+00	2.6081100000000002e-01
3.7360860860860861e+00	2.1102199999999999e-01
3.7360960960960963e+00	1.7219300000000001e-01
3.7361061061061061e+00	1.4170500000000000e-01
3.7361161161161163e+00	1.1756000000000000e-01
3.7361261261261260e+00	9.8259600000000002e-02
3.7361361361361363e+00	8.2687200000000002e-02
3.7361461461461465e+00	7.0009199999999994e-02
3.7361561561561563e+00	5.9599500000000000e-02
3.7361661661661665e+00	5.0983899999999999e-02
3.7361761761761763e+00	4.3800800000000001e-02
3.7361861861861865e+00	3.7771300000000001e-02
3.7361961961961963e+00	3.2678600000000002e-02
3.7362062062062065e+00	2.8352700000000002e-02
3.7362162162162162e+00	2.4659000000000000e-02
3.7362262262262265e+00	2.1490200000000001e-02
3.7362362362362362e+00	1.8759999999999999e-02
3.7362462462462465e+00	1.6398400000000000e-02
3.7362562562562562e+00	1.4348600000000000e-02
3.7362662662662665e+00	1.2563700000000001e-02
3.7362762762762762e+00	1.1004900000000000e-02
3.7362862862862865e+00	9.6403200000000008e-03
3.7362962962962962e+00	8.4429499999999994e-03
3.7363063063063064e+00	7.3902899999999999e-03
3.7363163163163167e+00	6.4633099999999999e-03
3.7363263263263264e+00	5.6458699999999999e-03
3.7363363363363367e+00	4.9242100000000000e-03
3.7363463463463464e+00	4.2865799999999999e-03
3.7363563563563567e+00	3.7228900000000000e-03
3.7363663663663664e+00	3.2244299999999999e-03
3.7363763763763767e+00	2.7836699999999998e-03
3.7363863863863864e+00	2.3940900000000002e-03
3.7363963963963966e+00	2.0499799999999999e-03
3.7364064064064064e+00	1.7463900000000000e-03
3.7364164164164166e+00	1.4789600000000001e-03
3.7364264264264264e+00	1.2438700000000000e-03
3.7364364364364366e+00	1.0377500000000000e-03
3.7364464464464464e+00	8.5763899999999999e-04
3.7364564564564566e+00	7.0089999999999996e-04
3.7364664664664664e+00	5.6520400000000003e-04
3.7364764764764766e+00	4.4847600000000001e-04
3.7364864864864864e+00	3.4886999999999999e-04
3.7364964964964966e+00	2.6473900000000000e-04
3.7365065065065068e+00	1.9460800000000000e-04
3.7365165165165166e+00	1.3715700000000000e-04
3.7365265265265268e+00	9.1201399999999997e-05
3.7365365365365366e+00	5.5676400000000001e-05
3.7365465465465468e+00	2.9622900000000001e-05
3.7365565565565566e+00	1.2176100000000000e-05
3.7365665665665668e+00	2.5553100000000002e-06
3.7365765765765766e+00	5.4341700000000001e-08
3.7365865865865868e+00	4.0337799999999997e-06
3.7365965965965966e+00	1.3913900000000001e-05
3.7366066066066068e+00	2.9168400000000000e-05
3.7366166166166166e+00	4.9318900000000000e-05
3.7366266266266268e+00	7.3930200000000006e-05
3.7366366366366366e+00	1.0260600000000000e-04
3.7366466466466468e+00	1.3498500000000001e-04
3.7366566566566566e+00	1.7073600000000000e-04
3.7366666666666668e+00	2.0955900000000000e-04
3.7366766766766770e+00	2.5117800000000001e-04
3.7366866866866868e+00	2.9534100000000002e-04
3.7366966966966970e+00	3.4181599999999999e-04
3.7367067067067068e+00	3.9039300000000000e-04
3.7367167167167170e+00	4.4087599999999998e-04
3.7367267267267268e+00	4.9308800000000003e-04
3.7367367367367370e+00	5.4686399999999999e-04
3.7367467467467468e+00	6.0205499999999999e-04
3.7367567567567570e+00	6.5852100000000002e-04
3.7367667667667668e+00	7.1613600000000003e-04
3.7367767767767770e+00	7.7478300000000003e-04
3.7367867867867868e+00	8.3435200000000001e-04
3.7367967967967970e+00	8.9474599999999997e-04
3.7368068068068068e+00	9.5587099999999996e-04
3.7368168168168170e+00	1.0176400000000000e-03
3.7368268268268268e+00	1.0799900000000001e-03
3.7368368368368370e+00	1.1428300000000001e-03
3.7368468468468472e+00	1.2061000000000001e-03
3.7368568568568570e+00	1.2697400000000001e-03
3.7368668668668672e+00	1.3336999999999999e-03
3.7368768768768770e+00	1.3979100000000000e-03
3.7368868868868872e+00	1.4623399999999999e-03
3.7368968968968970e+00	1.5269400000000001e-03
3.7369069069069072e+00	1.5916700000000001e-03
3.7369169169169170e+00	1.6564800000000001e-03
3.7369269269269272e+00	1.7213500000000000e-03
3.7369369369369370e+00	1.7862399999999999e-03
3.7369469469469472e+00	1.8511199999999999e-03
3.7369569569569570e+00	1.9159699999999999e-03
3.7369669669669672e+00	1.9807599999999998e-03
3.7369769769769769e+00	2.0454599999999998e-03
3.7369869869869872e+00	2.1100600000000000e-03
3.7369969969969969e+00	2.1745300000000000e-03
3.7370070070070072e+00	2.2388600000000001e-03
3.7370170170170169e+00	2.3030199999999998e-03
3.7370270270270272e+00	2.3670100000000001e-03
3.7370370370370374e+00	2.4308099999999998e-03
3.7370470470470472e+00	2.4944099999999999e-03
3.7370570570570574e+00	2.5577899999999999e-03
3.7370670670670671e+00	2.6209400000000000e-03
3.7370770770770774e+00	2.6838600000000002e-03
3.7370870870870871e+00	2.7465400000000000e-03
3.7370970970970974e+00	2.8089600000000001e-03
3.7371071071071071e+00	2.8711100000000001e-03
3.7371171171171174e+00	2.9330099999999998e-03
3.7371271271271271e+00	2.9946199999999999e-03
3.7371371371371374e+00	3.0559599999999999e-03
3.7371471471471471e+00	3.1170199999999999e-03
3.7371571571571574e+00	3.1777799999999998e-03
3.7371671671671671e+00	3.2382499999999998e-03
3.7371771771771773e+00	3.2984300000000002e-03
3.7371871871871871e+00	3.3583100000000002e-03
3.7371971971971973e+00	3.4178899999999998e-03
3.7372072072072076e+00	3.4771600000000000e-03
3.7372172172172173e+00	3.5361300000000002e-03
3.7372272272272276e+00	3.5947900000000001e-03
3.7372372372372373e+00	3.6531400000000000e-03
3.7372472472472476e+00	3.7111800000000001e-03
3.7372572572572573e+00	3.7689099999999999e-03
3.7372672672672675e+00	3.8263300000000002e-03
3.7372772772772773e+00	3.8834400000000002e-03
3.7372872872872875e+00	3.9402400000000002e-03
3.7372972972972973e+00	3.9967300000000004e-03
3.7373073073073075e+00	4.0529099999999998e-03
3.7373173173173173e+00	4.1087800000000002e-03
3.7373273273273275e+00	4.1643299999999999e-03
3.7373373373373373e+00	4.2195799999999997e-03
3.7373473473473475e+00	4.2745200000000004e-03
3.7373573573573573e+00	4.3291600000000003e-03
3.7373673673673675e+00	4.3834900000000003e-03
3.7373773773773777e+00	4.4375100000000004e-03
3.7373873873873875e+00	4.4912299999999997e-03
3.7373973973973977e+00	4.5446499999999999e-03
3.7374074074074075e+00	4.5977700000000002e-03
3.7374174174174177e+00	4.6506000000000004e-03
3.7374274274274275e+00	4.7031199999999999e-03
3.7374374374374377e+00	4.7553500000000002e-03
3.7374474474474475e+00	4.8072899999999997e-03
3.7374574574574577e+00	4.8589300000000000e-03
3.7374674674674675e+00	4.9102900000000003e-03
3.7374774774774777e+00	4.9613499999999998e-03
3.7374874874874875e+00	5.0121400000000000e-03
3.7374974974974977e+00	5.0626300000000003e-03
3.7375075075075075e+00	5.1128500000000004e-03
3.7375175175175177e+00	5.1627799999999996e-03
3.7375275275275275e+00	5.2124399999999996e-03
3.7375375375375377e+00	5.2618300000000003e-03
3.7375475475475479e+00	5.3109300000000002e-03
3.7375575575575577e+00	5.3597699999999998e-03
3.7375675675675679e+00	5.4083400000000002e-03
3.7375775775775777e+00	5.4566399999999996e-03
3.7375875875875879e+00	5.5046799999999996e-03
3.7375975975975977e+00	5.5524499999999996e-03
3.7376076076076079e+00	5.5999700000000001e-03
3.7376176176176177e+00	5.6472199999999997e-03
3.7376276276276279e+00	5.6942199999999998e-03
3.7376376376376377e+00	5.7409599999999998e-03
3.7376476476476479e+00	5.7874600000000003e-03
3.7376576576576577e+00	5.8336999999999998e-03
3.7376676676676679e+00	5.8796899999999999e-03
3.7376776776776777e+00	5.9254399999999997e-03
3.7376876876876879e+00	5.9709500000000000e-03
3.7376976976976977e+00	6.0162200000000001e-03
3.7377077077077079e+00	6.0612399999999999e-03
3.7377177177177177e+00	6.1060300000000001e-03
3.7377277277277279e+00	6.1505900000000001e-03
3.7377377377377381e+00	6.1949099999999997e-03
3.7377477477477479e+00	6.2389999999999998e-03
3.7377577577577581e+00	6.2828600000000004e-03
3.7377677677677679e+00	6.3264999999999997e-03
3.7377777777777781e+00	6.3699100000000003e-03
3.7377877877877879e+00	6.4130999999999997e-03
3.7377977977977981e+00	6.4560700000000004e-03
3.7378078078078079e+00	6.4988199999999998e-03
3.7378178178178181e+00	6.5413600000000004e-03
3.7378278278278279e+00	6.5836799999999997e-03
3.7378378378378381e+00	6.6257800000000004e-03
3.7378478478478478e+00	6.6676799999999996e-03
3.7378578578578581e+00	6.7093700000000001e-03
3.7378678678678678e+00	6.7508600000000000e-03
3.7378778778778781e+00	6.7921300000000004e-03
3.7378878878878878e+00	6.8332100000000002e-03
3.7378978978978981e+00	6.8740900000000002e-03
3.7379079079079083e+00	6.9147599999999998e-03
3.7379179179179181e+00	6.9552399999999997e-03
3.7379279279279283e+00	6.9955299999999998e-03
3.7379379379379380e+00	7.0356200000000002e-03
3.7379479479479483e+00	7.0755200000000001e-03
3.7379579579579580e+00	7.1152300000000002e-03
3.7379679679679683e+00	7.1547499999999997e-03
3.7379779779779780e+00	7.1940800000000003e-03
3.7379879879879883e+00	7.2332300000000002e-03
3.7379979979979980e+00	7.2722000000000004e-03
3.7380080080080083e+00	7.3109899999999998e-03
3.7380180180180180e+00	7.3495899999999996e-03
3.7380280280280282e+00	7.3880200000000004e-03
3.7380380380380380e+00	7.4262800000000004e-03
3.7380480480480482e+00	7.4643599999999997e-03
3.7380580580580580e+00	7.5022600000000002e-03
3.7380680680680682e+00	7.5399899999999999e-03
3.7380780780780785e+00	7.5775599999999997e-03
3.7380880880880882e+00	7.6149599999999996e-03
3.7380980980980985e+00	7.6521899999999997e-03
3.7381081081081082e+00	7.6892499999999999e-03
3.7381181181181184e+00	7.7261500000000002e-03
3.7381281281281282e+00	7.7628899999999997e-03
3.7381381381381384e+00	7.7994700000000002e-03
3.7381481481481482e+00	7.8358899999999999e-03
3.7381581581581584e+00	7.8721499999999996e-03
3.7381681681681682e+00	7.9082600000000003e-03
3.7381781781781784e+00	7.9442100000000002e-03
3.7381881881881882e+00	7.9799999999999992e-03
3.7381981981981984e+00	8.0156499999999992e-03
3.7382082082082082e+00	8.0511400000000000e-03
3.7382182182182184e+00	8.0864900000000000e-03
3.7382282282282282e+00	8.1216900000000009e-03
3.7382382382382384e+00	8.1567400000000009e-03
3.7382482482482486e+00	8.1916400000000000e-03
3.7382582582582584e+00	8.2264100000000000e-03
3.7382682682682686e+00	8.2610300000000008e-03
3.7382782782782784e+00	8.2955000000000008e-03
3.7382882882882886e+00	8.3298399999999998e-03
3.7382982982982984e+00	8.3640399999999997e-03
3.7383083083083086e+00	8.3981000000000004e-03
3.7383183183183184e+00	8.4320300000000001e-03
3.7383283283283286e+00	8.4658200000000006e-03
3.7383383383383384e+00	8.4994700000000003e-03
3.7383483483483486e+00	8.5330000000000007e-03
3.7383583583583584e+00	8.5663900000000001e-03
3.7383683683683686e+00	8.5996500000000003e-03
3.7383783783783784e+00	8.6327799999999996e-03
3.7383883883883886e+00	8.6657899999999996e-03
3.7383983983983984e+00	8.6986600000000004e-03
3.7384084084084086e+00	8.7314200000000002e-03
3.7384184184184184e+00	8.7640400000000007e-03
3.7384284284284286e+00	8.7965500000000002e-03
3.7384384384384388e+00	8.8289300000000005e-03
3.7384484484484486e+00	8.8611799999999998e-03
3.7384584584584588e+00	8.8933199999999997e-03
3.7384684684684686e+00	8.9253400000000004e-03
3.7384784784784788e+00	8.9572400000000000e-03
3.7384884884884886e+00	8.9890300000000003e-03
3.7384984984984988e+00	9.0206899999999996e-03
3.7385085085085086e+00	9.0522399999999996e-03
3.7385185185185188e+00	9.0836800000000002e-03
3.7385285285285286e+00	9.1149999999999998e-03
3.7385385385385388e+00	9.1462200000000000e-03
3.7385485485485486e+00	9.1773199999999992e-03
3.7385585585585588e+00	9.2083000000000009e-03
3.7385685685685686e+00	9.2391799999999996e-03
3.7385785785785788e+00	9.2699500000000008e-03
3.7385885885885886e+00	9.3006200000000008e-03
3.7385985985985988e+00	9.3311699999999997e-03
3.7386086086086090e+00	9.3616199999999993e-03
3.7386186186186188e+00	9.3919699999999995e-03
3.7386286286286290e+00	9.4222100000000003e-03
3.7386386386386388e+00	9.4523500000000000e-03
3.7386486486486490e+00	9.4823800000000003e-03
3.7386586586586588e+00	9.5123199999999995e-03
3.7386686686686690e+00	9.5421499999999992e-03
3.7386786786786788e+00	9.5718799999999996e-03
3.7386886886886890e+00	9.6015200000000005e-03
3.7386986986986988e+00	9.6310500000000004e-03
3.7387087087087090e+00	9.6604900000000007e-03
3.7387187187187187e+00	9.6898300000000000e-03
3.7387287287287290e+00	9.7190799999999997e-03
3.7387387387387387e+00	9.7482300000000001e-03
3.7387487487487490e+00	9.7772799999999993e-03
3.7387587587587587e+00	9.8062500000000007e-03
3.7387687687687690e+00	9.8351199999999993e-03
3.7387787787787792e+00	9.8638900000000002e-03
3.7387887887887890e+00	9.8925799999999998e-03
3.7387987987987992e+00	9.9211799999999999e-03
3.7388088088088089e+00	9.9496800000000007e-03
3.7388188188188192e+00	9.9781000000000002e-03
3.7388288288288289e+00	1.0006400000000000e-02
3.7388388388388392e+00	1.0034700000000001e-02
3.7388488488488489e+00	1.0062800000000000e-02
3.7388588588588592e+00	1.0090900000000000e-02
3.7388688688688689e+00	1.0118900000000000e-02
3.7388788788788792e+00	1.0146799999999999e-02
3.7388888888888889e+00	1.0174600000000001e-02
3.7388988988988991e+00	1.0202299999999999e-02
3.7389089089089089e+00	1.0230000000000000e-02
3.7389189189189191e+00	1.0257499999999999e-02
3.7389289289289289e+00	1.0285000000000001e-02
3.7389389389389391e+00	1.0312399999999999e-02
3.7389489489489494e+00	1.0339700000000000e-02
3.7389589589589591e+00	1.0366999999999999e-02
3.7389689689689694e+00	1.0394100000000000e-02
3.7389789789789791e+00	1.0421200000000000e-02
3.7389889889889893e+00	1.0448200000000000e-02
3.7389989989989991e+00	1.0475099999999999e-02
3.7390090090090093e+00	1.0501999999999999e-02
3.7390190190190191e+00	1.0528800000000000e-02
3.7390290290290293e+00	1.0555500000000001e-02
3.7390390390390391e+00	1.0582100000000001e-02
3.7390490490490493e+00	1.0608599999999999e-02
3.7390590590590591e+00	1.0635100000000000e-02
3.7390690690690693e+00	1.0661500000000001e-02
3.7390790790790791e+00	1.0687800000000001e-02
3.7390890890890893e+00	1.0714100000000001e-02
3.7390990990990991e+00	1.0740300000000000e-02
3.7391091091091093e+00	1.0766400000000001e-02
3.7391191191191191e+00	1.0792400000000001e-02
3.7391291291291293e+00	1.0818400000000001e-02
3.7391391391391395e+00	1.0844299999999999e-02
3.7391491491491493e+00	1.0870100000000001e-02
3.7391591591591595e+00	1.0895900000000000e-02
3.7391691691691693e+00	1.0921600000000000e-02
3.7391791791791795e+00	1.0947200000000001e-02
3.7391891891891893e+00	1.0972800000000000e-02
3.7391991991991995e+00	1.0998300000000001e-02
3.7392092092092093e+00	1.1023700000000001e-02
3.7392192192192195e+00	1.1049099999999999e-02
3.7392292292292293e+00	1.1074400000000000e-02
3.7392392392392395e+00	1.1099599999999999e-02
3.7392492492492493e+00	1.1124800000000001e-02
3.7392592592592595e+00	1.1149900000000001e-02
3.7392692692692693e+00	1.1174900000000000e-02
3.7392792792792795e+00	1.1199900000000000e-02
3.7392892892892893e+00	1.1224800000000000e-02
3.7392992992992995e+00	1.1249700000000000e-02
3.7393093093093097e+00	1.1274500000000000e-02
3.7393193193193195e+00	1.1299200000000001e-02
3.7393293293293297e+00	1.1323900000000000e-02
3.7393393393393395e+00	1.1348499999999999e-02
3.7393493493493497e+00	1.1373100000000001e-02
3.7393593593593595e+00	1.1397600000000001e-02
3.7393693693693697e+00	1.1422000000000000e-02
3.7393793793793795e+00	1.1446400000000001e-02
3.7393893893893897e+00	1.1470700000000000e-02
3.7393993993993995e+00	1.1494900000000001e-02
3.7394094094094097e+00	1.1519100000000001e-02
3.7394194194194195e+00	1.1543299999999999e-02
3.7394294294294297e+00	1.1567400000000000e-02
3.7394394394394395e+00	1.1591400000000000e-02
3.7394494494494497e+00	1.1615400000000000e-02
3.7394594594594595e+00	1.1639300000000000e-02
3.7394694694694697e+00	1.1663200000000000e-02
3.7394794794794799e+00	1.1686999999999999e-02
3.7394894894894897e+00	1.1710800000000000e-02
3.7394994994994999e+00	1.1734500000000000e-02
3.7395095095095097e+00	1.1758100000000000e-02
3.7395195195195199e+00	1.1781700000000001e-02
3.7395295295295297e+00	1.1805299999999999e-02
3.7395395395395399e+00	1.1828800000000000e-02
3.7395495495495497e+00	1.1852200000000000e-02
3.7395595595595599e+00	1.1875600000000000e-02
3.7395695695695697e+00	1.1898900000000000e-02
3.7395795795795799e+00	1.1922200000000001e-02
3.7395895895895896e+00	1.1945400000000000e-02
3.7395995995995999e+00	1.1968599999999999e-02
3.7396096096096096e+00	1.1991800000000000e-02
3.7396196196196199e+00	1.2014900000000000e-02
3.7396296296296296e+00	1.2037900000000001e-02
3.7396396396396399e+00	1.2060899999999999e-02
3.7396496496496501e+00	1.2083800000000000e-02
3.7396596596596599e+00	1.2106700000000000e-02
3.7396696696696701e+00	1.2129500000000000e-02
3.7396796796796798e+00	1.2152300000000000e-02
3.7396896896896901e+00	1.2175099999999999e-02
3.7396996996996998e+00	1.2197800000000000e-02
3.7397097097097101e+00	1.2220399999999999e-02
3.7397197197197198e+00	1.2243100000000000e-02
3.7397297297297301e+00	1.2265600000000000e-02
3.7397397397397398e+00	1.2288100000000000e-02
3.7397497497497501e+00	1.2310600000000000e-02
3.7397597597597598e+00	1.2333000000000000e-02
3.7397697697697700e+00	1.2355400000000001e-02
3.7397797797797798e+00	1.2377700000000000e-02
3.7397897897897900e+00	1.2400000000000000e-02
3.7397997997997998e+00	1.2422300000000001e-02
3.7398098098098100e+00	1.2444500000000001e-02
3.7398198198198198e+00	1.2466600000000000e-02
3.7398298298298300e+00	1.2488700000000000e-02
3.7398398398398403e+00	1.2510800000000001e-02
3.7398498498498500e+00	1.2532800000000000e-02
3.7398598598598602e+00	1.2554800000000000e-02
3.7398698698698700e+00	1.2576800000000001e-02
3.7398798798798802e+00	1.2598699999999999e-02
3.7398898898898900e+00	1.2620500000000000e-02
3.7398998998999002e+00	1.2642400000000000e-02
3.7399099099099100e+00	1.2664099999999999e-02
3.7399199199199202e+00	1.2685900000000000e-02
3.7399299299299300e+00	1.2707599999999999e-02
3.7399399399399402e+00	1.2729200000000000e-02
3.7399499499499500e+00	1.2750800000000000e-02
3.7399599599599602e+00	1.2772400000000000e-02
3.7399699699699700e+00	1.2794000000000000e-02
3.7399799799799802e+00	1.2815500000000001e-02
3.7399899899899900e+00	1.2836900000000000e-02
3.7400000000000002e+00	1.2858300000000000e-02
